<?xml version="1.0" encoding="UTF-8" standalone="no" ?>
<COLLADA xmlns="http://www.collada.org/2005/11/COLLADASchema" version="1.4.1">
  <asset>
    <contributor>
      <author>Assimp</author>
      <authoring_tool>FBX SDK/FBX Plugins version 2013.1</authoring_tool>
    </contributor>
    <created>2020-08-21T10:31:10</created>
    <modified>2020-08-21T10:31:10</modified>
    <unit name="meter" meter="1" />
    <up_axis>Y_UP</up_axis>
  </asset>
  <library_geometries>
  </library_geometries>
  <library_controllers>
  </library_controllers>
  <library_visual_scenes>
    <visual_scene id="RootNode" name="RootNode">
      <node id="Motion_aAssimpFbxa_Translation"  name="Motion_$AssimpFbx$_Translation" type="NODE">
        <matrix sid="matrix">1 0 0 9.92585e-07 0 1 0 0 0 0 1 -0.17328988 0 0 0 1</matrix>
        <node id="Motion_aAssimpFbxa_PreRotation"  name="Motion_$AssimpFbx$_PreRotation" type="NODE">
          <matrix sid="matrix">1 0 0 0 0 -4.3711388e-08 1 0 0 -1 -4.3711388e-08 0 0 0 0 1</matrix>
          <node id="Motion_aAssimpFbxa_Rotation"  name="Motion_$AssimpFbx$_Rotation" type="NODE">
            <matrix sid="matrix">1.3868001e-06 1 0 0 -1 1.3868001e-06 0 0 0 0 1 0 0 0 0 1</matrix>
            <node id="Motion_aAssimpFbxa_Scaling"  name="Motion_$AssimpFbx$_Scaling" type="NODE">
              <matrix sid="matrix">1 0 0 0 0 1 0 0 0 0 1 0 0 0 0 1</matrix>
              <node id="Motion"  name="Motion" type="NODE">
                <matrix sid="matrix">1 0 0 0 0 1 0 0 0 0 1 0 0 0 0 1</matrix>
                <node id="B_Pelvis"  name="B_Pelvis" type="NODE">
                  <matrix sid="matrix">-0.2496177 0.46205533 0.85099697 -2.3046482 -9.303937e-07 -0.87881649 0.47715986 2.700002 0.96834445 0.11910675 0.21936858 124.16965 0 0 0 1</matrix>
                  <node id="B_Spine"  name="B_Spine" type="NODE">
                    <matrix sid="matrix">0.98793238 0.01497202 -0.15416022 7.6766205 0.020636231 0.97371936 0.22681431 -1.6268511 0.15350467 -0.2272585 0.96165997 0.0023136139 0 0 0 1</matrix>
                    <node id="B_Spine1"  name="B_Spine1" type="NODE">
                      <matrix sid="matrix">0.99162978 -0.056458998 -0.1161155 12.748199 0.056751247 0.99838799 -0.00079026213 -0.014259338 0.11597294 -0.0058060521 0.99323541 8.2492828e-05 0 0 0 1</matrix>
                      <node id="B_Spine2"  name="B_Spine2" type="NODE">
                        <matrix sid="matrix">0.99019593 -0.080596618 -0.11408858 17.936325 0.081947826 0.99661064 0.0071957167 -0.026388407 0.11312194 -0.01647448 0.99344456 0.00041770935 0 0 0 1</matrix>
                        <node id="B_L_Clavicle"  name="B_L_Clavicle" type="NODE">
                          <matrix sid="matrix">-0.017590661 -0.00078421831 0.99984497 17.736862 -0.17375694 -0.98478115 -0.0038293824 0.073141098 0.98463148 -0.17379735 0.017186686 5.0180149 0 0 0 1</matrix>
                          <node id="B_L_UpperArm"  name="B_L_UpperArm" type="NODE">
                            <matrix sid="matrix">0.68708682 0.3874937 0.61462212 17.464661 -0.57618237 0.80592448 0.13601319 3.8146973e-06 -0.4426347 -0.44758728 0.77700716 0 0 0 0 1</matrix>
                            <node id="B_L_Forearm"  name="B_L_Forearm" type="NODE">
                              <matrix sid="matrix">0.17074057 0.98103976 0.091698527 27.628189 -0.98531604 0.16999958 0.015889596 0 -3.8743016e-07 -0.093065023 0.99566001 0 0 0 0 1</matrix>
                              <node id="B_L_ForeArmTwist"  name="B_L_ForeArmTwist" type="NODE">
                                <matrix sid="matrix">1 2.4962064e-08 -2.6705669e-07 11.992641 0 0.99566001 0.093065374 -1.5258789e-05 2.6822076e-07 -0.093065374 0.99566001 1.5258789e-05 0 0 0 1</matrix>
                                <node id="B_L_Hand"  name="B_L_Hand" type="NODE">
                                  <matrix sid="matrix">0.96226168 -0.26206899 0.073295981 11.992645 -0.094868518 -0.070617899 0.99298191 1.5258789e-05 -0.25505373 -0.96246189 -0.092814989 -1.5258789e-05 0 0 0 1</matrix>
                                  <node id="B_L_Finger0"  name="B_L_Finger0" type="NODE">
                                    <matrix sid="matrix">0.80900657 0.13246357 0.57267952 1.4603233 0.15583259 0.89108139 -0.42625135 1.9355392 -0.5667668 0.43408227 0.70024854 -2.4376678 0 0 0 1</matrix>
                                    <node id="B_L_Finger01"  name="B_L_Finger01" type="NODE">
                                      <matrix sid="matrix">0.80299318 -0.59598821 -3.8514056e-08 3.7140045 0.59598821 0.80299318 -2.8585452e-08 1.5258789e-05 4.7963116e-08 0 1 -2.6702881e-05 0 0 0 1</matrix>
                                      <node id="B_L_Finger02"  name="B_L_Finger02" type="NODE">
                                        <matrix sid="matrix">0.5521847 -0.83372182 -5.1872448e-08 5.5299377 0.83372182 0.5521847 7.0101905e-08 3.0517578e-05 -2.9802317e-08 -8.1956387e-08 1 2.6702881e-05 0 0 0 1</matrix>
                                      </node>
                                    </node>
                                  </node>
                                  <node id="B_L_Finger1"  name="B_L_Finger1" type="NODE">
                                    <matrix sid="matrix">0.27254894 -0.95552641 0.11263381 11.625465 0.92804092 0.23019093 -0.29283467 3.1205292 0.25388399 0.18434057 0.94950593 -3.0983582 0 0 0 1</matrix>
                                    <node id="B_L_Finger11"  name="B_L_Finger11" type="NODE">
                                      <matrix sid="matrix">-0.25881925 -0.96592575 3.4433423e-08 4.4568253 0.96592575 -0.25881925 1.0178732e-07 0 -8.9406967e-08 5.9604652e-08 1 1.5258789e-05 0 0 0 1</matrix>
                                      <node id="B_L_Finger12"  name="B_L_Finger12" type="NODE">
                                        <matrix sid="matrix">0.57357562 -0.81915259 2.0384815e-07 3.3311462 0.81915259 0.57357562 -1.2454475e-07 -1.5258789e-05 -1.490116e-08 2.3841858e-07 1 -2.2888184e-05 0 0 0 1</matrix>
                                      </node>
                                    </node>
                                  </node>
                                  <node id="B_L_Finger2"  name="B_L_Finger2" type="NODE">
                                    <matrix sid="matrix">0.2580848 -0.96503466 0.045829065 11.814079 0.96096498 0.25152335 -0.11524855 2.4380951 0.099691771 0.073784031 0.99227893 0.83570862 0 0 0 1</matrix>
                                    <node id="B_L_Finger21"  name="B_L_Finger21" type="NODE">
                                      <matrix sid="matrix">-0.62068564 -0.78405952 5.7922392e-07 5.1996307 0.78405952 -0.62068564 3.6558049e-08 3.0517578e-05 3.3085226e-07 4.7683707e-07 1 1.5258789e-05 0 0 0 1</matrix>
                                      <node id="B_L_Finger22"  name="B_L_Finger22" type="NODE">
                                        <matrix sid="matrix">0.44828618 -0.89389008 5.3439884e-08 5.1996226 0.89389008 0.44828618 1.0656002e-07 1.5258789e-05 -1.192093e-07 0 1 -1.5258789e-05 0 0 0 1</matrix>
                                      </node>
                                    </node>
                                  </node>
                                  <node id="B_L_Finger3"  name="B_L_Finger3" type="NODE">
                                    <matrix sid="matrix">0.13847044 -0.99036652 0.00029713224 11.814064 0.99036658 0.13847046 5.9415124e-05 1.934227 -9.9986792e-05 0.0002860426 0.99999994 4.6002426 0 0 0 1</matrix>
                                    <node id="B_L_Finger31"  name="B_L_Finger31" type="NODE">
                                      <matrix sid="matrix">-0.058766864 -0.99827176 -1.1532311e-06 4.45681 0.99827176 -0.058766864 -1.2023379e-06 7.6293945e-06 1.1324881e-06 -1.2218956e-06 1 7.6293945e-06 0 0 0 1</matrix>
                                      <node id="B_L_Finger32"  name="B_L_Finger32" type="NODE">
                                        <matrix sid="matrix">-0.058766745 -0.99827176 -1.88911e-06 4.4567795 0.99827176 -0.058766745 -1.6337583e-06 -7.6293945e-06 1.5199179e-06 -1.9818558e-06 1 0 0 0 0 1</matrix>
                                      </node>
                                    </node>
                                  </node>
                                  <node id="B_L_Finger4"  name="B_L_Finger4" type="NODE">
                                    <matrix sid="matrix">0.14714384 -0.98122936 -0.12465005 11.857185 0.98368686 0.15835436 -0.085346818 4.052887 0.10348368 -0.11005836 0.9885233 6.5145416 0 0 0 1</matrix>
                                    <node id="B_L_Finger41"  name="B_L_Finger41" type="NODE">
                                      <matrix sid="matrix">-0.18123157 -0.98344046 -2.0247653e-06 3.327652 0.98344046 -0.18123157 -3.8126502e-06 1.5258789e-05 3.3825631e-06 -2.6822086e-06 1 7.6293945e-06 0 0 0 1</matrix>
                                      <node id="B_L_Finger42"  name="B_L_Finger42" type="NODE">
                                        <matrix sid="matrix">0.0019772795 -0.99999803 -2.2638264e-06 3.3276596 0.99999803 0.0019772795 -3.1843792e-06 -1.5258789e-05 3.1888494e-06 -2.2575257e-06 1 -1.5258789e-05 0 0 0 1</matrix>
                                      </node>
                                    </node>
                                  </node>
                                </node>
                              </node>
                            </node>
                          </node>
                        </node>
                        <node id="B_R_Clavicle"  name="B_R_Clavicle" type="NODE">
                          <matrix sid="matrix">-0.10452852 -0.00079601724 -0.9945215 17.736847 0.00023395466 -0.99999964 0.00077581219 0.074662209 -0.99452186 -0.00015157845 0.10452867 -5.0179634 0 0 0 1</matrix>
                          <node id="B_R_UpperArm"  name="B_R_UpperArm" type="NODE">
                            <matrix sid="matrix">0.27306125 0.25117812 -0.92862648 17.464649 -0.6181103 0.78549135 0.030708045 1.9073486e-05 0.73714125 0.56560838 0.36974305 -1.5258789e-05 0 0 0 1</matrix>
                            <node id="B_R_Forearm"  name="B_R_Forearm" type="NODE">
                              <matrix sid="matrix">0.31984761 0.94746894 -0.00025367481 27.628189 -0.947469 0.31984758 -8.5557178e-05 0 7.4505834e-08 0.00026771426 0.99999994 0 0 0 0 1</matrix>
                              <node id="B_R_ForeArmTwist"  name="B_R_ForeArmTwist" type="NODE">
                                <matrix sid="matrix">1 -1.4885205e-08 5.9608624e-08 11.992634 1.4901159e-08 0.99999994 -0.00026765472 -1.5258789e-05 -5.9604638e-08 0.00026765472 0.99999994 0 0 0 0 1</matrix>
                                <node id="B_R_Hand"  name="B_R_Hand" type="NODE">
                                  <matrix sid="matrix">0.91348934 -0.21604961 -0.34476063 11.992649 -0.33556637 0.079089642 -0.9386906 -1.5258789e-05 0.23007074 0.97317386 -0.0002514392 -7.6293945e-06 0 0 0 1</matrix>
                                  <node id="B_R_Finger0"  name="B_R_Finger0" type="NODE">
                                    <matrix sid="matrix">0.80900657 0.13246387 -0.57267934 1.4603119 0.15583231 0.89108133 0.42625156 1.9355392 0.5667668 -0.43408224 0.70024848 2.4376602 0 0 0 1</matrix>
                                    <node id="B_R_Finger01"  name="B_R_Finger01" type="NODE">
                                      <matrix sid="matrix">0.80299306 -0.59598839 -3.2043056e-07 3.7140198 0.59598839 0.80299306 -8.4730885e-08 0 3.0780214e-07 -1.2293458e-07 1 1.9073486e-06 0 0 0 1</matrix>
                                      <node id="B_R_Finger02"  name="B_R_Finger02" type="NODE">
                                        <matrix sid="matrix">0.55218476 -0.83372176 1.9756362e-07 5.5299387 0.83372176 0.55218476 -7.2761509e-08 0 -4.8428767e-08 2.0489088e-07 1 2.4795532e-05 0 0 0 1</matrix>
                                      </node>
                                    </node>
                                  </node>
                                  <node id="B_R_Finger1"  name="B_R_Finger1" type="NODE">
                                    <matrix sid="matrix">0.27254859 -0.95552653 -0.11263394 11.625458 0.92804098 0.23019049 0.29283494 3.1205444 -0.25388426 -0.18434066 0.94950587 3.0983505 0 0 0 1</matrix>
                                    <node id="B_R_Finger11"  name="B_R_Finger11" type="NODE">
                                      <matrix sid="matrix">-0.25881925 -0.96592575 -1.4186733e-07 4.45681 0.96592575 -0.25881925 -1.6142781e-07 0 1.1920928e-07 -1.7881393e-07 1 7.6293945e-06 0 0 0 1</matrix>
                                      <node id="B_R_Finger12"  name="B_R_Finger12" type="NODE">
                                        <matrix sid="matrix">0.57357585 -0.81915247 2.6736132e-07 3.3311462 0.81915247 0.57357585 1.2203805e-07 0 -2.5331974e-07 1.490116e-07 1 -1.5258789e-05 0 0 0 1</matrix>
                                      </node>
                                    </node>
                                  </node>
                                  <node id="B_R_Finger2"  name="B_R_Finger2" type="NODE">
                                    <matrix sid="matrix">0.25808468 -0.96503472 -0.045829248 11.814041 0.9609651 0.25152323 0.11524822 2.438118 -0.099691413 -0.073784113 0.99227899 -0.83572388 0 0 0 1</matrix>
                                    <node id="B_R_Finger21"  name="B_R_Finger21" type="NODE">
                                      <matrix sid="matrix">-0.62068564 -0.78405952 -1.3873406e-08 5.1995773 0.78405952 -0.62068564 1.7525098e-08 -1.5258789e-05 -2.2351744e-08 0 1 -1.5258789e-05 0 0 0 1</matrix>
                                      <node id="B_R_Finger22"  name="B_R_Finger22" type="NODE">
                                        <matrix sid="matrix">0.44828629 -0.89389002 -7.999995e-08 5.1996078 0.89389002 0.44828629 -2.6560055e-08 0 5.9604652e-08 -5.9604652e-08 1 1.5258789e-05 0 0 0 1</matrix>
                                      </node>
                                    </node>
                                  </node>
                                  <node id="B_R_Finger3"  name="B_R_Finger3" type="NODE">
                                    <matrix sid="matrix">0.13847044 -0.99036652 -0.00029835827 11.814041 0.99036658 0.13847046 -5.9574722e-05 1.9342651 0.00010031462 -0.0002872347 0.99999994 -4.6002655 0 0 0 1</matrix>
                                    <node id="B_R_Finger31"  name="B_R_Finger31" type="NODE">
                                      <matrix sid="matrix">-0.058766626 -0.99827176 7.7015429e-08 4.4567947 0.99827176 -0.058766626 -2.9400539e-07 -7.6293945e-06 2.980232e-07 5.960462e-08 1 0 0 0 0 1</matrix>
                                      <node id="B_R_Finger32"  name="B_R_Finger32" type="NODE">
                                        <matrix sid="matrix">-0.058766745 -0.99827176 6.9302558e-07 4.4568253 0.99827176 -0.058766745 -1.0847229e-07 7.6293945e-06 1.4901167e-07 6.8545324e-07 1 -1.5258789e-05 0 0 0 1</matrix>
                                      </node>
                                    </node>
                                  </node>
                                  <node id="B_R_Finger4"  name="B_R_Finger4" type="NODE">
                                    <matrix sid="matrix">0.14714384 -0.98122966 0.12464787 11.857224 0.98368686 0.15835415 0.085347041 4.0529099 -0.10348355 0.11005618 0.98852354 -6.5145645 0 0 0 1</matrix>
                                    <node id="B_R_Finger41"  name="B_R_Finger41" type="NODE">
                                      <matrix sid="matrix">-0.18123123 -0.98344052 2.2477938e-07 3.3276749 0.98344052 -0.18123123 7.5357059e-07 2.2888184e-05 -7.003548e-07 3.5762767e-07 1 2.2888184e-05 0 0 0 1</matrix>
                                      <node id="B_R_Finger42"  name="B_R_Finger42" type="NODE">
                                        <matrix sid="matrix">0.0019770411 -0.99999803 2.5479216e-07 3.3277054 0.99999803 0.0019770411 7.4455602e-07 4.5776367e-05 -7.4505834e-07 2.5331966e-07 1 7.6293945e-06 0 0 0 1</matrix>
                                      </node>
                                    </node>
                                  </node>
                                </node>
                              </node>
                            </node>
                          </node>
                        </node>
                        <node id="B_Neck"  name="B_Neck" type="NODE">
                          <matrix sid="matrix">0.9745459 -0.20556866 -0.089452863 27.039764 0.20928557 0.97725385 0.034271047 1.128233 0.080373101 -0.052119903 0.99540126 0.00061225891 0 0 0 1</matrix>
                          <node id="B_Head"  name="B_Head" type="NODE">
                            <matrix sid="matrix">0.97410887 0.18916327 -0.12381112 10.019318 -0.22530025 0.85766852 -0.462217 1.4083138 0.018754423 0.47814432 0.87808096 -3.8146973e-06 0 0 0 1</matrix>
                          </node>
                        </node>
                      </node>
                    </node>
                  </node>
                  <node id="B_L_Thigh"  name="B_L_Thigh" type="NODE">
                    <matrix sid="matrix">-0.66383284 0.65499055 -0.36098933 -7.6293945e-06 0.68411678 0.72683752 0.060756788 1.7166138e-05 0.30217576 -0.20662652 -0.93058872 11.161457 0 0 0 1</matrix>
                    <node id="B_L_Calf"  name="B_L_Calf" type="NODE">
                      <matrix sid="matrix">-0.64454383 0.76456738 6.6812004e-07 50.282742 -0.76456738 -0.64454383 6.4335513e-06 0 5.349516e-06 3.6358829e-06 1 7.6293945e-06 0 0 0 1</matrix>
                      <node id="B_L_Foot"  name="B_L_Foot" type="NODE">
                        <matrix sid="matrix">0.87386048 -0.46148926 -0.15295596 39.728123 0.25422055 0.70190847 -0.66535437 3.8146973e-06 0.41441497 0.54254234 0.73069012 -7.6293945e-06 0 0 0 1</matrix>
                        <node id="B_L_Toe0"  name="B_L_Toe0" type="NODE">
                          <matrix sid="matrix">-4.3711388e-08 -1 -7.4505792e-08 18.214443 1 -4.3711388e-08 -1.4901165e-08 14.545948 1.4901161e-08 -7.4505792e-08 1 0.020648956 0 0 0 1</matrix>
                        </node>
                      </node>
                    </node>
                  </node>
                  <node id="B_R_Thigh"  name="B_R_Thigh" type="NODE">
                    <matrix sid="matrix">-0.80727404 0.56150889 0.18170382 0 0.31843686 0.67363507 -0.66694361 -1.2397766e-05 -0.49689683 -0.4805451 -0.72261328 -11.161446 0 0 0 1</matrix>
                    <node id="B_R_Calf"  name="B_R_Calf" type="NODE">
                      <matrix sid="matrix">0.5053618 0.86290753 -7.5216121e-08 50.282749 -0.86290753 0.5053618 -4.736778e-06 7.6293945e-06 -4.0493901e-06 2.4586911e-06 1 9.5367432e-07 0 0 0 1</matrix>
                      <node id="B_R_Foot"  name="B_R_Foot" type="NODE">
                        <matrix sid="matrix">0.97364599 0.22759461 0.014633893 39.728127 -0.22805972 0.97203809 0.055952784 -2.8610229e-06 -0.0014901495 -0.057815604 0.99832612 4.7683716e-06 0 0 0 1</matrix>
                        <node id="B_R_Toe0"  name="B_R_Toe0" type="NODE">
                          <matrix sid="matrix">0.00031824509 -0.99999994 -0.00010426052 18.214441 0.99999994 0.00031825391 -8.4516018e-05 14.545952 8.4549196e-05 -0.00010423362 1 -0.020651579 0 0 0 1</matrix>
                        </node>
                      </node>
                    </node>
                  </node>
                </node>
              </node>
            </node>
          </node>
        </node>
      </node>
      <node id="Exporter_aAssimpFbxa_PreRotation"  name="Exporter_$AssimpFbx$_PreRotation" type="NODE">
        <matrix sid="matrix">1 0 0 0 0 -4.3711388e-08 1 0 0 -1 -4.3711388e-08 0 0 0 0 1</matrix>
        <node id="Exporter"  name="Exporter" type="NODE">
          <matrix sid="matrix">1 0 0 0 0 1 0 0 0 0 1 0 0 0 0 1</matrix>
        </node>
      </node>
    </visual_scene>
  </library_visual_scenes>
  <library_animations>
    <animation id="TakeW001AnimId0" name="Take 001">
      <source id="B_Head_matrix-input" name="B_Head_matrix-input">
        <float_array id="B_Head_matrix-input-array" count="13"> 0 1 2 3 4 5 6 7 8 9 10 11 12 </float_array>
        <technique_common>
          <accessor count="13" offset="0" source="#B_Head_matrix-input-array" stride="1">
            <param name="TIME" type="float" />
          </accessor>
        </technique_common>
      </source>
      <source id="B_Head_matrix-output" name="B_Head_matrix-output">
        <float_array id="B_Head_matrix-output-array" count="208"> 0.97410882 0.1891633 -0.12381112 10.019318 -0.22530024 0.85766864 -0.46221697 1.4083138 0.018754428 0.47814441 0.87808102 -3.8146973e-06 0 0 0 1 0.67218268 0.26935786 -0.68964976 10.019302 -0.72619671 0.42134148 -0.54324007 1.4083176 0.14425205 0.86597806 0.47882527 3.8146973e-06 0 0 0 1 0.91020924 -0.33197239 -0.24761435 10.019302 0.29137421 0.93820083 -0.18676247 1.4083252 0.29431191 0.097844519 0.95068747 -1.9073486e-06 0 0 0 1 0.98021436 0.045857664 0.19255343 10.019302 -0.19222589 0.45256495 0.87076652 1.4083176 -0.047211599 -0.89055169 0.45242572 0 0 0 0 1 0.979523 0.081957147 0.18389666 10.01931 -0.20093077 0.34023538 0.91862231 1.4083138 0.012719514 -0.93676203 0.34973606 0 0 0 0 1 0.97839665 0.10728884 0.17671905 10.019318 -0.2001678 0.27783075 0.93954426 1.4083176 0.051704612 -0.95462006 0.29330438 7.6293945e-06 0 0 0 1 0.97705966 0.12240078 0.17427833 10.019302 -0.20087349 0.25782937 0.94507867 1.4083138 0.070744313 -0.95840585 0.27650169 1.5258789e-05 0 0 0 1 0.97580689 0.12938161 0.17624281 10.019318 -0.20567909 0.26986864 0.94067365 1.4083138 0.074143477 -0.95416534 0.28995064 7.6293945e-06 0 0 0 1 0.97474581 0.13116986 0.18073672 10.019318 -0.21300921 0.3030341 0.92886877 1.4083176 0.067070208 -0.94390947 0.32332134 0 0 0 0 1 0.9738695 0.13078289 0.18567251 10.019318 -0.22036082 0.34633717 0.91186166 1.4083176 0.054950617 -0.92894924 0.36610651 -7.6293945e-06 0 0 0 1 0.9731074 0.13087453 0.18956132 10.019318 -0.22627549 0.38897651 0.89302671 1.4083214 0.043139517 -0.91190428 0.4081296 -7.6293945e-06 0 0 0 1 0.97228289 0.13367303 0.19182664 10.019302 -0.2309282 0.42066854 0.87733126 1.4083176 0.036580086 -0.8973124 0.43987769 0 0 0 0 1 0.97107726 0.14118005 0.19255365 10.019333 -0.23542199 0.43167406 0.87076634 1.4083061 0.039814409 -0.89091295 0.45242578 1.1444092e-05 0 0 0 1 </float_array>
        <technique_common>
          <accessor count="13" offset="0" source="#B_Head_matrix-output-array" stride="16">
            <param name="TRANSFORM" type="float4x4" />
          </accessor>
        </technique_common>
      </source>
      <source id="B_Head_matrix-interpolation">
        <Name_array id="B_Head_matrix-interpolation-array" count="13"> LINEAR LINEAR LINEAR LINEAR LINEAR LINEAR LINEAR LINEAR LINEAR LINEAR LINEAR LINEAR LINEAR </Name_array>
        <technique_common>
          <accessor source="#B_Head_matrix-interpolation-array" count="13" stride="1">
            <param name="INTERPOLATION" type="name"></param>
          </accessor>
        </technique_common>
      </source>
      <source id="B_L_Calf_matrix-input" name="B_L_Calf_matrix-input">
        <float_array id="B_L_Calf_matrix-input-array" count="13"> 0 1 2 3 4 5 6 7 8 9 10 11 12 </float_array>
        <technique_common>
          <accessor count="13" offset="0" source="#B_L_Calf_matrix-input-array" stride="1">
            <param name="TIME" type="float" />
          </accessor>
        </technique_common>
      </source>
      <source id="B_L_Calf_matrix-output" name="B_L_Calf_matrix-output">
        <float_array id="B_L_Calf_matrix-output-array" count="208"> -0.64454395 0.76456749 6.6812004e-07 50.282742 -0.76456749 -0.64454395 6.4335513e-06 0 5.3495164e-06 3.6358833e-06 1 7.6293945e-06 0 0 0 1 -0.64454406 0.76456755 6.2377376e-07 50.282753 -0.76456755 -0.64454406 6.5196596e-06 0 5.3867698e-06 3.7252898e-06 1 7.6293945e-06 0 0 0 1 0.14007604 0.99014091 8.7591837e-07 50.282757 -0.9901408 0.14007606 7.2122493e-06 7.6293945e-06 7.0184474e-06 -1.8775461e-06 0.99999994 0 0 0 0 1 0.036284514 0.99934185 9.6372605e-07 50.282749 -0.99934173 0.036284517 7.1326162e-06 0 7.0929527e-06 -1.2218952e-06 1 3.8146973e-06 0 0 0 1 0.062789336 0.99802703 1.0418144e-06 50.282749 -0.99802703 0.062789336 7.172519e-06 0 7.0929527e-06 -1.4901167e-06 1 3.8146973e-06 0 0 0 1 0.094487026 0.99552631 9.4676739e-07 50.282753 -0.99552619 0.094487034 7.2146872e-06 0 7.0929527e-06 -1.6242265e-06 1 7.6293945e-06 0 0 0 1 0.13026161 0.99147993 9.7880343e-07 50.282749 -0.99147981 0.13026163 7.1923268e-06 7.6293945e-06 7.0035458e-06 -1.9073484e-06 1 3.8146973e-06 0 0 0 1 0.16897856 0.98561984 1.0027998e-06 50.282749 -0.98561996 0.16897853 7.2020566e-06 0 6.929039e-06 -2.2053723e-06 1 3.8146973e-06 0 0 0 1 0.20949452 0.9778102 8.7968499e-07 50.282745 -0.97781008 0.20949455 7.2747553e-06 0 6.929039e-06 -2.384186e-06 1.0000001 3.8146973e-06 0 0 0 1 0.25067171 0.96807253 8.959787e-07 50.282742 -0.9680723 0.25067177 7.3587835e-06 7.6293945e-06 6.8992376e-06 -2.7120116e-06 1 3.8146973e-06 0 0 0 1 0.29140028 0.95660144 9.262385e-07 50.282753 -0.95660132 0.29140031 7.3911915e-06 0 6.8005174e-06 -3.0398367e-06 1 3.8146973e-06 0 0 0 1 0.33061454 0.94376618 8.8681639e-07 50.282753 -0.94376618 0.33061454 7.3841543e-06 0 6.6757202e-06 -3.2782564e-06 0.99999994 3.8146973e-06 0 0 0 1 0.36730996 0.93009883 9.0159961e-07 50.282753 -0.93009871 0.36731002 7.4533818e-06 1.9073486e-06 6.6012144e-06 -3.5762787e-06 1 0 0 0 0 1 </float_array>
        <technique_common>
          <accessor count="13" offset="0" source="#B_L_Calf_matrix-output-array" stride="16">
            <param name="TRANSFORM" type="float4x4" />
          </accessor>
        </technique_common>
      </source>
      <source id="B_L_Calf_matrix-interpolation">
        <Name_array id="B_L_Calf_matrix-interpolation-array" count="13"> LINEAR LINEAR LINEAR LINEAR LINEAR LINEAR LINEAR LINEAR LINEAR LINEAR LINEAR LINEAR LINEAR </Name_array>
        <technique_common>
          <accessor source="#B_L_Calf_matrix-interpolation-array" count="13" stride="1">
            <param name="INTERPOLATION" type="name"></param>
          </accessor>
        </technique_common>
      </source>
      <source id="B_L_Clavicle_matrix-input" name="B_L_Clavicle_matrix-input">
        <float_array id="B_L_Clavicle_matrix-input-array" count="13"> 0 1 2 3 4 5 6 7 8 9 10 11 12 </float_array>
        <technique_common>
          <accessor count="13" offset="0" source="#B_L_Clavicle_matrix-input-array" stride="1">
            <param name="TIME" type="float" />
          </accessor>
        </technique_common>
      </source>
      <source id="B_L_Clavicle_matrix-output" name="B_L_Clavicle_matrix-output">
        <float_array id="B_L_Clavicle_matrix-output-array" count="208"> -0.017590644 -0.00078421831 0.99984509 17.736862 -0.17375696 -0.98478115 -0.0038293754 0.073141098 0.9846316 -0.17379735 0.017186644 5.0180149 0 0 0 1 -0.19094466 -0.00078429276 0.98160028 17.736847 -0.1704523 -0.98478121 -0.033943828 0.073143005 0.96668828 -0.17379744 0.18790478 5.0180163 0 0 0 1 -0.35849717 -0.00078453124 0.93353051 17.736847 -0.16196828 -0.98478127 -0.063027121 0.073143005 0.9193728 -0.17379735 0.35291407 5.0180168 0 0 0 1 -0.10466599 -0.00078418117 0.99450725 17.736862 -0.1727621 -0.98478138 -0.018958682 0.073139191 0.97938675 -0.17379747 0.10293747 5.0180206 0 0 0 1 -0.075171709 -0.00078454614 0.99717045 17.736855 -0.17324767 -0.98478127 -0.013835074 0.073139191 0.98200536 -0.17379743 0.073891707 5.0180206 0 0 0 1 -0.054936528 -0.00078425568 0.99848962 17.736855 -0.17349261 -0.98478138 -0.01031898 0.073139191 0.98330176 -0.17379746 0.053964317 5.018013 0 0 0 1 -0.042142987 -0.00078439701 0.99911141 17.736855 -0.17361052 -0.98478085 -0.0080961222 0.073139191 0.98391223 -0.1737974 0.041365448 5.0180206 0 0 0 1 -0.034942154 -0.00078503788 0.99938917 17.736862 -0.17366439 -0.98478115 -0.0068454752 0.073141098 0.98418498 -0.17379747 0.034273986 5.0180206 0 0 0 1 -0.031472202 -0.00078409154 0.99950421 17.736862 -0.17368717 -0.98478097 -0.0062415591 0.073137283 0.98429787 -0.17379749 0.030856961 5.0180206 0 0 0 1 -0.029869197 -0.0007842331 0.9995535 17.736855 -0.17369689 -0.98478109 -0.0059631388 0.073141098 0.98434609 -0.17379743 0.029278276 5.0180206 0 0 0 1 -0.028265238 -0.0007832424 0.99960023 17.736847 -0.17370611 -0.98478127 -0.0056834519 0.073141098 0.98439187 -0.17379732 0.027699053 5.0180283 0 0 0 1 -0.02479529 -0.00078398717 0.99969238 17.736862 -0.17372486 -0.98478103 -0.0050811539 0.073143005 0.98448199 -0.17379735 0.0242815 5.0180283 0 0 0 1 -0.017590642 -0.00078433752 0.99984509 17.736862 -0.17375693 -0.98478115 -0.0038294946 0.073141098 0.98463148 -0.17379735 0.017186644 5.0180206 0 0 0 1 </float_array>
        <technique_common>
          <accessor count="13" offset="0" source="#B_L_Clavicle_matrix-output-array" stride="16">
            <param name="TRANSFORM" type="float4x4" />
          </accessor>
        </technique_common>
      </source>
      <source id="B_L_Clavicle_matrix-interpolation">
        <Name_array id="B_L_Clavicle_matrix-interpolation-array" count="13"> LINEAR LINEAR LINEAR LINEAR LINEAR LINEAR LINEAR LINEAR LINEAR LINEAR LINEAR LINEAR LINEAR </Name_array>
        <technique_common>
          <accessor source="#B_L_Clavicle_matrix-interpolation-array" count="13" stride="1">
            <param name="INTERPOLATION" type="name"></param>
          </accessor>
        </technique_common>
      </source>
      <source id="B_L_Finger0_matrix-input" name="B_L_Finger0_matrix-input">
        <float_array id="B_L_Finger0_matrix-input-array" count="13"> 0 1 2 3 4 5 6 7 8 9 10 11 12 </float_array>
        <technique_common>
          <accessor count="13" offset="0" source="#B_L_Finger0_matrix-input-array" stride="1">
            <param name="TIME" type="float" />
          </accessor>
        </technique_common>
      </source>
      <source id="B_L_Finger0_matrix-output" name="B_L_Finger0_matrix-output">
        <float_array id="B_L_Finger0_matrix-output-array" count="208"> 0.80900669 0.1324636 0.57267952 1.4603233 0.15583262 0.89108145 -0.42625144 1.9355392 -0.56676686 0.43408236 0.70024854 -2.4376678 0 0 0 1 0.80900651 0.13246362 0.57267952 1.4603252 0.15583237 0.89108139 -0.42625132 1.9355316 -0.56676674 0.43408203 0.70024866 -2.4376602 0 0 0 1 0.80900669 0.13246372 0.57267958 1.4603252 0.15583245 0.89108109 -0.42625156 1.9355316 -0.56676686 0.43408218 0.70024866 -2.4376678 0 0 0 1 0.80900657 0.13246357 0.57267958 1.4603348 0.15583251 0.89108151 -0.42625135 1.9355469 -0.5667668 0.43408224 0.70024878 -2.4376678 0 0 0 1 0.80900651 0.13246365 0.57267964 1.460331 0.1558325 0.89108151 -0.42625138 1.9355469 -0.56676686 0.43408221 0.70024872 -2.4376678 0 0 0 1 0.80900651 0.13246362 0.57267946 1.4603271 0.15583242 0.89108133 -0.42625141 1.9355545 -0.56676668 0.43408218 0.70024866 -2.4376678 0 0 0 1 0.80900657 0.13246386 0.5726794 1.460331 0.15583235 0.89108145 -0.4262515 1.9355545 -0.56676686 0.4340823 0.70024848 -2.4376678 0 0 0 1 0.80900669 0.13246386 0.57267952 1.460331 0.15583235 0.89108133 -0.42625156 1.9355469 -0.56676692 0.43408221 0.70024866 -2.4376526 0 0 0 1 0.80900657 0.13246354 0.57267958 1.4603271 0.15583247 0.89108145 -0.42625132 1.9355469 -0.5667668 0.43408209 0.70024878 -2.4376526 0 0 0 1 0.80900657 0.13246357 0.57267958 1.4603386 0.15583248 0.89108127 -0.42625138 1.9355469 -0.5667668 0.43408209 0.70024878 -2.4376678 0 0 0 1 0.80900657 0.13246372 0.57267946 1.4603271 0.15583228 0.89108139 -0.42625153 1.9355469 -0.56676668 0.43408212 0.7002489 -2.4376602 0 0 0 1 0.80900645 0.13246377 0.57267946 1.4603271 0.15583232 0.89108127 -0.42625147 1.9355392 -0.56676674 0.43408209 0.7002486 -2.437645 0 0 0 1 0.80900657 0.13246356 0.57267958 1.4603271 0.15583254 0.89108163 -0.42625135 1.9355392 -0.5667668 0.43408227 0.70024878 -2.437645 0 0 0 1 </float_array>
        <technique_common>
          <accessor count="13" offset="0" source="#B_L_Finger0_matrix-output-array" stride="16">
            <param name="TRANSFORM" type="float4x4" />
          </accessor>
        </technique_common>
      </source>
      <source id="B_L_Finger0_matrix-interpolation">
        <Name_array id="B_L_Finger0_matrix-interpolation-array" count="13"> LINEAR LINEAR LINEAR LINEAR LINEAR LINEAR LINEAR LINEAR LINEAR LINEAR LINEAR LINEAR LINEAR </Name_array>
        <technique_common>
          <accessor source="#B_L_Finger0_matrix-interpolation-array" count="13" stride="1">
            <param name="INTERPOLATION" type="name"></param>
          </accessor>
        </technique_common>
      </source>
      <source id="B_L_Finger01_matrix-input" name="B_L_Finger01_matrix-input">
        <float_array id="B_L_Finger01_matrix-input-array" count="13"> 0 1 2 3 4 5 6 7 8 9 10 11 12 </float_array>
        <technique_common>
          <accessor count="13" offset="0" source="#B_L_Finger01_matrix-input-array" stride="1">
            <param name="TIME" type="float" />
          </accessor>
        </technique_common>
      </source>
      <source id="B_L_Finger01_matrix-output" name="B_L_Finger01_matrix-output">
        <float_array id="B_L_Finger01_matrix-output-array" count="208"> 0.80299306 -0.59598815 -3.8514045e-08 3.7140045 0.59598815 0.80299306 -2.8585443e-08 1.5258789e-05 4.7963109e-08 -8.8817831e-16 0.99999976 -2.6702881e-05 0 0 0 1 0.80299318 -0.59598839 8.8809156e-09 3.7140045 0.59598839 0.80299318 -1.1965526e-08 -1.5258789e-05 4.4408926e-16 1.4901163e-08 0.99999976 -2.6702881e-05 0 0 0 1 0.8029933 -0.59598821 -8.7876861e-09 3.7140036 0.59598833 0.80299312 3.0591739e-08 -1.5258789e-05 -1.117587e-08 -2.9802321e-08 0.9999997 -2.2888184e-05 0 0 0 1 0.80299318 -0.59598821 -6.833563e-08 3.7140045 0.59598821 0.80299318 4.2065817e-08 0 2.9802322e-08 -7.4505806e-08 0.99999982 -2.2888184e-05 0 0 0 1 0.80299318 -0.59598827 -8.3385764e-08 3.7140198 0.59598839 0.80299294 1.2338446e-08 0 5.9604641e-08 -5.9604638e-08 0.99999976 -3.0517578e-05 0 0 0 1 0.8029933 -0.59598821 6.0200556e-08 3.7140045 0.59598827 0.80299318 1.1890941e-07 0 -1.1920928e-07 -5.9604645e-08 0.99999976 -3.0517578e-05 0 0 0 1 0.80299318 -0.59598827 -5.0573803e-08 3.7140045 0.59598839 0.80299294 1.8134751e-08 -3.8146973e-06 2.9802322e-08 -4.4703476e-08 0.99999976 -1.5258789e-05 0 0 0 1 0.80299318 -0.59598833 1.5172142e-07 3.7139969 0.59598845 0.80299294 -5.440425e-08 0 -8.9406981e-08 1.3411046e-07 0.99999982 -1.5258789e-05 0 0 0 1 0.80299318 -0.59598821 -6.2912243e-08 3.7140198 0.59598827 0.80299312 -6.5251015e-08 3.8146973e-06 8.940696e-08 1.4901161e-08 0.99999976 -1.5258789e-05 0 0 0 1 0.80299318 -0.59598833 2.467686e-08 3.7140045 0.59598845 0.802993 1.6677153e-07 0 -1.192093e-07 -1.1920929e-07 0.99999964 -1.5258789e-05 0 0 0 1 0.80299336 -0.59598827 1.0287636e-07 3.7140045 0.59598839 0.80299318 1.1406134e-08 0 -8.9406967e-08 5.2154057e-08 0.99999976 -3.0517578e-05 0 0 0 1 0.80299336 -0.59598833 1.2338444e-08 3.7139893 0.59598839 0.8029933 8.3385764e-08 0 -5.9604645e-08 -5.9604652e-08 0.99999976 -2.2888184e-05 0 0 0 1 0.8029933 -0.59598815 -6.6488312e-08 3.7139893 0.59598827 0.80299306 -3.5430421e-08 -7.6293945e-06 7.4505806e-08 -1.1175866e-08 0.9999997 -2.2888184e-05 0 0 0 1 </float_array>
        <technique_common>
          <accessor count="13" offset="0" source="#B_L_Finger01_matrix-output-array" stride="16">
            <param name="TRANSFORM" type="float4x4" />
          </accessor>
        </technique_common>
      </source>
      <source id="B_L_Finger01_matrix-interpolation">
        <Name_array id="B_L_Finger01_matrix-interpolation-array" count="13"> LINEAR LINEAR LINEAR LINEAR LINEAR LINEAR LINEAR LINEAR LINEAR LINEAR LINEAR LINEAR LINEAR </Name_array>
        <technique_common>
          <accessor source="#B_L_Finger01_matrix-interpolation-array" count="13" stride="1">
            <param name="INTERPOLATION" type="name"></param>
          </accessor>
        </technique_common>
      </source>
      <source id="B_L_Finger02_matrix-input" name="B_L_Finger02_matrix-input">
        <float_array id="B_L_Finger02_matrix-input-array" count="13"> 0 1 2 3 4 5 6 7 8 9 10 11 12 </float_array>
        <technique_common>
          <accessor count="13" offset="0" source="#B_L_Finger02_matrix-input-array" stride="1">
            <param name="TIME" type="float" />
          </accessor>
        </technique_common>
      </source>
      <source id="B_L_Finger02_matrix-output" name="B_L_Finger02_matrix-output">
        <float_array id="B_L_Finger02_matrix-output-array" count="208"> 0.55218482 -0.83372182 -5.1872444e-08 5.5299377 0.833722 0.5521847 7.0101898e-08 3.0517578e-05 -2.9802317e-08 -8.1956387e-08 0.99999994 2.6702881e-05 0 0 0 1 0.55218494 -0.83372188 -2.9969183e-08 5.5299339 0.83372194 0.55218488 1.9759201e-09 3.0517578e-05 1.490116e-08 -2.6077034e-08 1.0000001 1.7166138e-05 0 0 0 1 0.55218488 -0.83372188 -2.2112026e-08 5.5299377 0.83372188 0.55218488 5.0391197e-08 1.5258789e-05 -2.9802317e-08 -4.6260539e-08 0.99999994 2.2888184e-05 0 0 0 1 0.55218506 -0.83372194 2.6423326e-08 5.5299454 0.83372217 0.55218494 -6.8047747e-08 7.6293945e-06 4.214235e-08 5.9604645e-08 1 2.2888184e-05 0 0 0 1 0.55218482 -0.83372211 6.3768489e-08 5.5299377 0.833722 0.55218488 9.6281511e-08 1.5258789e-05 -1.15484e-07 0 1.0000001 1.5258789e-05 0 0 0 1 0.55218488 -0.83372194 -4.2763659e-09 5.5299377 0.83372211 0.55218476 4.7514934e-08 1.9073486e-05 -3.7252907e-08 -2.9802322e-08 1 3.0517578e-05 0 0 0 1 0.55218482 -0.83372211 1.2818604e-07 5.5299377 0.833722 0.55218488 -2.2343565e-08 1.1444092e-05 -5.2154064e-08 1.1920929e-07 1.0000002 1.5258789e-05 0 0 0 1 0.55218488 -0.83372188 -1.1600602e-07 5.529953 0.83372188 0.55218488 9.4705356e-08 3.8146973e-06 -1.4901163e-08 -1.4901161e-07 1 0 0 0 0 1 0.55218482 -0.833722 -3.7189128e-08 5.5299225 0.833722 0.55218482 -2.1787461e-09 1.1444092e-05 2.2351744e-08 -2.9802322e-08 1 3.0517578e-05 0 0 0 1 0.55218482 -0.83372182 -1.5730926e-07 5.5299377 0.833722 0.5521847 8.6314905e-08 1.1444092e-05 1.4901165e-08 -1.7881393e-07 0.99999988 2.2888184e-05 0 0 0 1 0.55218494 -0.83372176 -9.099692e-08 5.5299377 0.83372194 0.55218482 2.4522333e-08 7.6293945e-06 2.9802319e-08 -8.9406967e-08 1 2.2888184e-05 0 0 0 1 0.55218494 -0.83372176 -4.1465498e-08 5.529953 0.83372194 0.55218482 4.5336201e-08 7.6293945e-06 -1.4901161e-08 -5.9604645e-08 1 2.2888184e-05 0 0 0 1 0.552185 -0.83372188 -7.6516457e-08 5.5299377 0.83372205 0.55218488 1.9399989e-08 5.7220459e-06 2.6077034e-08 -7.4505799e-08 1.0000002 2.2888184e-05 0 0 0 1 </float_array>
        <technique_common>
          <accessor count="13" offset="0" source="#B_L_Finger02_matrix-output-array" stride="16">
            <param name="TRANSFORM" type="float4x4" />
          </accessor>
        </technique_common>
      </source>
      <source id="B_L_Finger02_matrix-interpolation">
        <Name_array id="B_L_Finger02_matrix-interpolation-array" count="13"> LINEAR LINEAR LINEAR LINEAR LINEAR LINEAR LINEAR LINEAR LINEAR LINEAR LINEAR LINEAR LINEAR </Name_array>
        <technique_common>
          <accessor source="#B_L_Finger02_matrix-interpolation-array" count="13" stride="1">
            <param name="INTERPOLATION" type="name"></param>
          </accessor>
        </technique_common>
      </source>
      <source id="B_L_Finger1_matrix-input" name="B_L_Finger1_matrix-input">
        <float_array id="B_L_Finger1_matrix-input-array" count="13"> 0 1 2 3 4 5 6 7 8 9 10 11 12 </float_array>
        <technique_common>
          <accessor count="13" offset="0" source="#B_L_Finger1_matrix-input-array" stride="1">
            <param name="TIME" type="float" />
          </accessor>
        </technique_common>
      </source>
      <source id="B_L_Finger1_matrix-output" name="B_L_Finger1_matrix-output">
