<?xml version="1.0" encoding="UTF-8" standalone="no" ?>
<COLLADA xmlns="http://www.collada.org/2005/11/COLLADASchema" version="1.4.1">
  <asset>
    <contributor>
      <author>Assimp</author>
      <authoring_tool>FBX SDK/FBX Plugins version 2013.1</authoring_tool>
    </contributor>
    <created>2020-08-21T10:31:17</created>
    <modified>2020-08-21T10:31:17</modified>
    <unit name="meter" meter="1" />
    <up_axis>Y_UP</up_axis>
  </asset>
  <library_geometries>
  </library_geometries>
  <library_controllers>
  </library_controllers>
  <library_visual_scenes>
    <visual_scene id="RootNode" name="RootNode">
      <node id="Motion_aAssimpFbxa_Translation"  name="Motion_$AssimpFbx$_Translation" type="NODE">
        <matrix sid="matrix">1 0 0 9.92585e-07 0 1 0 0 0 0 1 -0.17328988 0 0 0 1</matrix>
        <node id="Motion_aAssimpFbxa_PreRotation"  name="Motion_$AssimpFbx$_PreRotation" type="NODE">
          <matrix sid="matrix">1 0 0 0 0 -4.3711388e-08 1 0 0 -1 -4.3711388e-08 0 0 0 0 1</matrix>
          <node id="Motion_aAssimpFbxa_Rotation"  name="Motion_$AssimpFbx$_Rotation" type="NODE">
            <matrix sid="matrix">1.3868001e-06 1 0 0 -1 1.3868001e-06 0 0 0 0 1 0 0 0 0 1</matrix>
            <node id="Motion_aAssimpFbxa_Scaling"  name="Motion_$AssimpFbx$_Scaling" type="NODE">
              <matrix sid="matrix">1 0 0 0 0 1 0 0 0 0 1 0 0 0 0 1</matrix>
              <node id="Motion"  name="Motion" type="NODE">
                <matrix sid="matrix">1 0 0 0 0 1 0 0 0 0 1 0 0 0 0 1</matrix>
                <node id="B_Pelvis"  name="B_Pelvis" type="NODE">
                  <matrix sid="matrix">-4.3711388e-08 0.60876256 0.79335248 0.17329331 0 -0.79335248 0.60876256 2.6999989 1 2.6609857e-08 3.4678539e-08 98.622734 0 0 0 1</matrix>
                  <node id="B_Spine"  name="B_Spine" type="NODE">
                    <matrix sid="matrix">0.99823147 0.047404032 -0.03587313 7.6763 -0.037805337 0.97190607 0.23231289 -1.6268325 0.045877885 -0.23054582 0.97197938 0.0023474693 0 0 0 1</matrix>
                    <node id="B_Spine1"  name="B_Spine1" type="NODE">
                      <matrix sid="matrix">0.99970514 -0.024198724 0.0019994134 12.747772 0.024175962 0.99965024 0.010716196 -0.014275074 -0.0022580323 -0.0106647 0.99994057 0.00015234947 0 0 0 1</matrix>
                      <node id="B_Spine2"  name="B_Spine2" type="NODE">
                        <matrix sid="matrix">0.9988209 -0.04840361 0.0037315511 17.935448 0.04831202 0.99859816 0.021625748 -0.026444197 -0.0047730841 -0.02141997 0.9997592 0.00054812431 0 0 0 1</matrix>
                        <node id="B_L_Clavicle"  name="B_L_Clavicle" type="NODE">
                          <matrix sid="matrix">-0.017590661 -0.00078421831 0.99984497 17.736847 -0.17375694 -0.98478115 -0.0038293824 0.073141098 0.98463148 -0.17379735 0.017186686 5.0180168 0 0 0 1</matrix>
                          <node id="B_L_UpperArm"  name="B_L_UpperArm" type="NODE">
                            <matrix sid="matrix">0.67658818 0.4022921 0.61675727 17.464663 -0.50647581 0.86222738 -0.0067964494 4.2915344e-06 -0.53451914 -0.30777422 0.7871241 0 0 0 0 1</matrix>
                            <node id="B_L_Forearm"  name="B_L_Forearm" type="NODE">
                              <matrix sid="matrix">-0.13640097 0.98478979 0.10762779 27.628178 -0.99065369 -0.13559355 -0.014819367 -3.8146973e-06 -3.2782563e-07 -0.10864324 0.99408078 -1.5258789e-05 0 0 0 1</matrix>
                              <node id="B_L_ForeArmTwist"  name="B_L_ForeArmTwist" type="NODE">
                                <matrix sid="matrix">1 5.0429115e-08 -3.2426604e-07 11.992634 -1.4901155e-08 0.99408078 0.10864369 -7.6293945e-06 3.2782543e-07 -0.10864369 0.99408078 1.5258789e-05 0 0 0 1</matrix>
                                <node id="B_L_Hand"  name="B_L_Hand" type="NODE">
                                  <matrix sid="matrix">0.96626526 -0.09560217 0.23914789 11.992649 -0.24727415 -0.084708586 0.96523571 0 -0.072020747 -0.99180877 -0.10549091 0 0 0 0 1</matrix>
                                  <node id="B_L_Finger0"  name="B_L_Finger0" type="NODE">
                                    <matrix sid="matrix">0.80900651 0.13246332 0.57267952 1.4603271 0.15583268 0.89108145 -0.42625111 1.9355469 -0.56676674 0.43408212 0.70024866 -2.4376602 0 0 0 1</matrix>
                                    <node id="B_L_Finger01"  name="B_L_Finger01" type="NODE">
                                      <matrix sid="matrix">0.80299312 -0.59598833 -1.1049571e-07 3.7140121 0.59598833 0.80299312 2.9331297e-08 -1.5258789e-05 7.1246177e-08 -8.9406974e-08 1 -2.2888184e-05 0 0 0 1</matrix>
                                      <node id="B_L_Finger02"  name="B_L_Finger02" type="NODE">
                                        <matrix sid="matrix">0.5521847 -0.83372182 -1.1164854e-07 5.5299311 0.83372182 0.5521847 2.0327093e-08 3.0517578e-05 4.4703473e-08 -1.0430813e-07 1 2.2888184e-05 0 0 0 1</matrix>
                                      </node>
                                    </node>
                                  </node>
                                  <node id="B_L_Finger1"  name="B_L_Finger1" type="NODE">
                                    <matrix sid="matrix">0.272549 -0.95552641 0.11263325 11.625458 0.92804086 0.23019111 -0.29283473 3.1205444 0.25388414 0.18434006 0.94950593 -3.0983582 0 0 0 1</matrix>
                                    <node id="B_L_Finger11"  name="B_L_Finger11" type="NODE">
                                      <matrix sid="matrix">-0.25881925 -0.96592575 8.4293688e-08 4.4568176 0.96592575 -0.25881925 1.4600101e-07 -7.6293945e-06 -1.1920932e-07 1.1920932e-07 1 1.9073486e-05 0 0 0 1</matrix>
                                      <node id="B_L_Finger12"  name="B_L_Finger12" type="NODE">
                                        <matrix sid="matrix">0.57357562 -0.81915259 1.1228811e-07 3.3311691 0.81915259 0.57357562 -1.5138859e-07 -1.5258789e-05 5.9604638e-08 1.7881391e-07 1 -2.2888184e-05 0 0 0 1</matrix>
                                      </node>
                                    </node>
                                  </node>
                                  <node id="B_L_Finger2"  name="B_L_Finger2" type="NODE">
                                    <matrix sid="matrix">0.25808468 -0.96503472 0.04582908 11.814087 0.9609651 0.25152326 -0.11524817 2.4381027 0.099691398 0.073783934 0.99227899 0.83571625 0 0 0 1</matrix>
                                    <node id="B_L_Finger21"  name="B_L_Finger21" type="NODE">
                                      <matrix sid="matrix">-0.62068564 -0.78405952 5.5958066e-07 5.1996231 0.78405952 -0.62068564 2.0541705e-07 2.2888184e-05 1.8626446e-07 5.6624395e-07 1 1.5258789e-05 0 0 0 1</matrix>
                                      <node id="B_L_Finger22"  name="B_L_Finger22" type="NODE">
                                        <matrix sid="matrix">0.44828629 -0.89389002 -9.31201e-08 5.199625 0.89389002 0.44828629 1.4671988e-07 1.5258789e-05 -8.9406967e-08 -1.4901164e-07 1 -3.8146973e-06 0 0 0 1</matrix>
                                      </node>
                                    </node>
                                  </node>
                                  <node id="B_L_Finger3"  name="B_L_Finger3" type="NODE">
                                    <matrix sid="matrix">0.13847008 -0.99036658 0.00029720433 11.814064 0.99036664 0.1384701 5.9284801e-05 1.9342499 -9.9867604e-05 0.00028613207 0.99999994 4.6002388 0 0 0 1</matrix>
                                    <node id="B_L_Finger31"  name="B_L_Finger31" type="NODE">
                                      <matrix sid="matrix">-0.058766864 -0.99827176 -1.0062281e-06 4.4567947 0.99827176 -0.058766864 -1.1638301e-06 7.6293945e-06 1.1026858e-06 -1.0728837e-06 1 -7.6293945e-06 0 0 0 1</matrix>
                                      <node id="B_L_Finger32"  name="B_L_Finger32" type="NODE">
                                        <matrix sid="matrix">-0.058766745 -0.99827176 -1.9074878e-06 4.4567719 0.99827176 -0.058766745 -1.5751327e-06 -1.5258789e-05 1.4603136e-06 -1.9967565e-06 1 3.8146973e-06 0 0 0 1</matrix>
                                      </node>
                                    </node>
                                  </node>
                                  <node id="B_L_Finger4"  name="B_L_Finger4" type="NODE">
                                    <matrix sid="matrix">0.14714432 -0.98122925 -0.12465035 11.857193 0.9836868 0.15835485 -0.085346639 4.052887 0.1034836 -0.11005864 0.98852324 6.5145302 0 0 0 1</matrix>
                                    <node id="B_L_Finger41"  name="B_L_Finger41" type="NODE">
                                      <matrix sid="matrix">-0.18123157 -0.98344046 -1.9954557e-06 3.3276596 0.98344046 -0.18123157 -3.8072499e-06 7.6293945e-06 3.3825638e-06 -2.6524058e-06 1 1.5258789e-05 0 0 0 1</matrix>
                                      <node id="B_L_Finger42"  name="B_L_Finger42" type="NODE">
                                        <matrix sid="matrix">0.0019772795 -0.99999803 -2.271159e-06 3.3276672 0.99999803 0.0019772795 -3.1247607e-06 -3.8146973e-05 3.1292454e-06 -2.2649763e-06 1 -1.9073486e-05 0 0 0 1</matrix>
                                      </node>
                                    </node>
                                  </node>
                                </node>
                              </node>
                            </node>
                          </node>
                        </node>
                        <node id="B_R_Clavicle"  name="B_R_Clavicle" type="NODE">
                          <matrix sid="matrix">-0.10452852 -0.00079657161 -0.9945215 17.736847 0.00023397958 -0.99999964 0.00077636691 0.074661255 -0.99452186 -0.00015154525 0.10452867 -5.0179634 0 0 0 1</matrix>
                          <node id="B_R_UpperArm"  name="B_R_UpperArm" type="NODE">
                            <matrix sid="matrix">0.65678829 0.184351 -0.73119342 17.464647 -0.58112288 0.74166942 -0.33499646 1.1444092e-05 0.48054689 0.64493501 0.59425038 1.5258789e-05 0 0 0 1</matrix>
                            <node id="B_R_Forearm"  name="B_R_Forearm" type="NODE">
                              <matrix sid="matrix">0.1257856 0.99193633 -0.015499667 27.628185 -0.99205744 0.12577026 -0.0019651239 -7.6293945e-06 1.1920932e-07 0.015623745 0.99987793 -1.5258789e-05 0 0 0 1</matrix>
                              <node id="B_R_ForeArmTwist"  name="B_R_ForeArmTwist" type="NODE">
                                <matrix sid="matrix">1 -1.3968749e-09 -8.9396053e-08 11.992638 0 0.99987793 -0.015623782 -1.1444092e-05 8.9406967e-08 0.015623782 0.99987793 0 0 0 0 1</matrix>
                                <node id="B_R_Hand"  name="B_R_Hand" type="NODE">
                                  <matrix sid="matrix">0.86458033 -0.066815831 -0.49803263 11.992653 -0.49769527 0.022792298 -0.86705244 -3.8146973e-06 0.069284134 0.99750501 -0.013548149 -1.5258789e-05 0 0 0 1</matrix>
                                  <node id="B_R_Finger0"  name="B_R_Finger0" type="NODE">
                                    <matrix sid="matrix">0.80900663 0.13246328 -0.5726794 1.4603119 0.15583269 0.89108139 0.42625111 1.9355469 0.56676662 -0.43408218 0.70024872 2.4376564 0 0 0 1</matrix>
                                    <node id="B_R_Finger01"  name="B_R_Finger01" type="NODE">
                                      <matrix sid="matrix">0.80299306 -0.59598833 -3.041888e-07 3.714035 0.59598833 0.80299306 -4.0201272e-08 -1.5258789e-05 2.6822099e-07 -1.4901164e-07 1 -7.6293945e-06 0 0 0 1</matrix>
                                      <node id="B_R_Finger02"  name="B_R_Finger02" type="NODE">
                                        <matrix sid="matrix">0.5521847 -0.83372182 1.3262463e-07 5.5299339 0.83372182 0.5521847 -1.2358511e-07 2.2888184e-05 2.9802312e-08 1.7881386e-07 1 3.0517578e-05 0 0 0 1</matrix>
                                      </node>
                                    </node>
                                  </node>
                                  <node id="B_R_Finger1"  name="B_R_Finger1" type="NODE">
                                    <matrix sid="matrix">0.27254868 -0.95552653 -0.11263335 11.625458 0.92804086 0.23019072 0.292835 3.1205673 -0.25388446 -0.18434015 0.94950587 3.0983505 0 0 0 1</matrix>
                                    <node id="B_R_Finger11"  name="B_R_Finger11" type="NODE">
                                      <matrix sid="matrix">-0.25881937 -0.96592575 -1.3565273e-07 4.4568176 0.96592575 -0.25881937 -4.0686885e-08 0 4.190952e-09 -1.4156102e-07 1 3.8146973e-06 0 0 0 1</matrix>
                                      <node id="B_R_Finger12"  name="B_R_Finger12" type="NODE">
                                        <matrix sid="matrix">0.57357579 -0.81915247 2.1381476e-07 3.3311234 0.81915247 0.57357579 1.0158363e-07 0 -2.0585145e-07 1.1688098e-07 1 -1.1444092e-05 0 0 0 1</matrix>
                                      </node>
                                    </node>
                                  </node>
                                  <node id="B_R_Finger2"  name="B_R_Finger2" type="NODE">
                                    <matrix sid="matrix">0.25808468 -0.96503472 -0.045829155 11.814056 0.9609651 0.25152326 0.11524804 2.4381256 -0.099691257 -0.073783971 0.99227899 -0.83571625 0 0 0 1</matrix>
                                    <node id="B_R_Finger21"  name="B_R_Finger21" type="NODE">
                                      <matrix sid="matrix">-0.62068564 -0.78405952 -1.3046292e-07 5.1996078 0.78405952 -0.62068564 -2.7257908e-08 0 -5.9604641e-08 -1.1920929e-07 1 -3.0517578e-05 0 0 0 1</matrix>
                                      <node id="B_R_Finger22"  name="B_R_Finger22" type="NODE">
                                        <matrix sid="matrix">0.44828618 -0.89389008 6.6400165e-09 5.1996002 0.89389008 0.44828618 -1.9999987e-08 1.5258789e-05 1.4901163e-08 1.4901163e-08 1 2.4795532e-05 0 0 0 1</matrix>
                                      </node>
                                    </node>
                                  </node>
                                  <node id="B_R_Finger3"  name="B_R_Finger3" type="NODE">
                                    <matrix sid="matrix">0.13846996 -0.99036658 -0.00029831025 11.814056 0.99036664 0.13846998 -5.9446193e-05 1.9342728 0.00010018054 -0.00028720501 0.99999994 -4.6002579 0 0 0 1</matrix>
                                    <node id="B_R_Finger31"  name="B_R_Finger31" type="NODE">
                                      <matrix sid="matrix">-0.058766626 -0.99827176 2.3632314e-08 4.4567871 0.99827176 -0.058766626 -1.4787837e-07 0 1.4901158e-07 1.4901158e-08 1 -7.6293945e-06 0 0 0 1</matrix>
                                      <node id="B_R_Finger32"  name="B_R_Finger32" type="NODE">
                                        <matrix sid="matrix">-0.058766864 -0.99827176 6.8165303e-07 4.4568176 0.99827176 -0.058766864 -1.688495e-07 7.6293945e-06 2.0861629e-07 6.705522e-07 1 -7.6293945e-06 0 0 0 1</matrix>
                                      </node>
                                    </node>
                                  </node>
                                  <node id="B_R_Finger4"  name="B_R_Finger4" type="NODE">
                                    <matrix sid="matrix">0.14714444 -0.98122954 0.12464809 11.857239 0.98368675 0.15835476 0.085346803 4.0529175 -0.10348342 0.11005637 0.98852354 -6.5145607 0 0 0 1</matrix>
                                    <node id="B_R_Finger41"  name="B_R_Finger41" type="NODE">
                                      <matrix sid="matrix">-0.18123135 -0.98344052 2.6989409e-07 3.3276749 0.98344052 -0.18123135 8.3764473e-07 3.0517578e-05 -7.7486044e-07 4.1723226e-07 1 3.4332275e-05 0 0 0 1</matrix>
                                      <node id="B_R_Finger42"  name="B_R_Finger42" type="NODE">
                                        <matrix sid="matrix">0.0019769219 -0.99999803 2.2487201e-07 3.327713 0.99999803 0.0019769219 6.8501032e-07 3.0517578e-05 -6.8545359e-07 2.2351736e-07 1 -7.6293945e-06 0 0 0 1</matrix>
                                      </node>
                                    </node>
                                  </node>
                                </node>
                              </node>
                            </node>
                          </node>
                        </node>
                        <node id="B_Neck"  name="B_Neck" type="NODE">
                          <matrix sid="matrix">0.9745459 -0.20556864 -0.089452885 27.039749 0.20928556 0.97725385 0.034271032 1.128233 0.080373123 -0.052119896 0.99540126 0.00061202049 0 0 0 1</matrix>
                          <node id="B_Head"  name="B_Head" type="NODE">
                            <matrix sid="matrix">0.98408651 0.17358993 -0.037950236 10.019302 -0.16961537 0.85404325 -0.49177304 1.4083176 -0.052955702 0.49038416 0.86989599 0 0 0 0 1</matrix>
                          </node>
                        </node>
                      </node>
                    </node>
                  </node>
                  <node id="B_L_Thigh"  name="B_L_Thigh" type="NODE">
                    <matrix sid="matrix">-0.88179493 0.28008324 -0.37946168 0 0.35161811 0.92662716 -0.13314211 1.7642975e-05 0.31432858 -0.25082961 -0.91557741 11.161455 0 0 0 1</matrix>
                    <node id="B_L_Calf"  name="B_L_Calf" type="NODE">
                      <matrix sid="matrix">0.87463468 0.48478261 5.0516519e-07 50.282745 -0.48478261 0.87463468 8.0425816e-06 0 3.4570687e-06 -7.2792163e-06 1 0 0 0 0 1</matrix>
                      <node id="B_L_Foot"  name="B_L_Foot" type="NODE">
                        <matrix sid="matrix">0.90702909 -0.23339495 -0.35046399 39.728123 0.18250693 0.96798968 -0.17229965 -3.8146973e-06 0.37945941 0.092318684 0.920591 -3.8146973e-06 0 0 0 1</matrix>
                        <node id="B_L_Toe0"  name="B_L_Toe0" type="NODE">
                          <matrix sid="matrix">-4.3711388e-08 -1 -5.6555166e-08 18.214443 1 -4.3711388e-08 -2.4721048e-15 14.545957 0 -5.6555166e-08 1 0.012393951 0 0 0 1</matrix>
                        </node>
                      </node>
                    </node>
                  </node>
                  <node id="B_R_Thigh"  name="B_R_Thigh" type="NODE">
                    <matrix sid="matrix">-0.87342441 0.42952615 0.2294279 0 0.18169051 0.72456944 -0.66482157 -1.2397766e-05 -0.45179468 -0.5389865 -0.71089745 -11.161448 0 0 0 1</matrix>
                    <node id="B_R_Calf"  name="B_R_Calf" type="NODE">
                      <matrix sid="matrix">0.69287783 0.72105503 -1.0479607e-07 50.282749 -0.72105503 0.69287783 -4.729834e-06 0 -3.3378597e-06 3.3527606e-06 1 3.8146973e-06 0 0 0 1</matrix>
                      <node id="B_R_Foot"  name="B_R_Foot" type="NODE">
                        <matrix sid="matrix">0.91488856 -0.31722745 0.24969099 39.728134 0.33217782 0.94302469 -0.019033 0 -0.22942699 0.10035488 0.96813846 1.9073486e-06 0 0 0 1</matrix>
                        <node id="B_R_Toe0"  name="B_R_Toe0" type="NODE">
                          <matrix sid="matrix">-1.6292068e-07 -1 6.7783338e-07 18.214441 1 -1.6292104e-07 -5.2154058e-07 14.545954 5.215407e-07 6.7783333e-07 1 -0.012393951 0 0 0 1</matrix>
                        </node>
                      </node>
                    </node>
                  </node>
                </node>
              </node>
            </node>
          </node>
        </node>
      </node>
      <node id="Exporter_aAssimpFbxa_PreRotation"  name="Exporter_$AssimpFbx$_PreRotation" type="NODE">
        <matrix sid="matrix">1 0 0 0 0 -4.3711388e-08 1 0 0 -1 -4.3711388e-08 0 0 0 0 1</matrix>
        <node id="Exporter"  name="Exporter" type="NODE">
          <matrix sid="matrix">1 0 0 0 0 1 0 0 0 0 1 0 0 0 0 1</matrix>
        </node>
      </node>
    </visual_scene>
  </library_visual_scenes>
  <library_animations>
    <animation id="TakeW001AnimId0" name="Take 001">
      <source id="B_Head_matrix-input" name="B_Head_matrix-input">
        <float_array id="B_Head_matrix-input-array" count="16"> 0 1 2 3 4 5 6 7 8 9 10 11 12 13 14 15 </float_array>
        <technique_common>
          <accessor count="16" offset="0" source="#B_Head_matrix-input-array" stride="1">
            <param name="TIME" type="float" />
          </accessor>
        </technique_common>
      </source>
      <source id="B_Head_matrix-output" name="B_Head_matrix-output">
        <float_array id="B_Head_matrix-output-array" count="256"> 0.98408639 0.17358993 -0.037950244 10.019302 -0.16961536 0.85404325 -0.4917731 1.4083176 -0.052955694 0.49038419 0.86989611 0 0 0 0 1 0.9849999 0.16856283 -0.03689786 10.019318 -0.16790773 0.88702065 -0.43011776 1.4083176 -0.039772693 0.42986146 0.90201837 0 0 0 0 1 0.98519337 0.16651811 -0.040811796 10.019333 -0.17066744 0.92986107 -0.32593194 1.4083138 -0.016324261 0.32807142 0.94451183 0 0 0 0 1 0.98443455 0.17157362 -0.038099591 10.019333 -0.17561422 0.96887755 -0.17446041 1.4083099 0.006981032 0.17843568 0.98392695 9.5367432e-07 0 0 0 1 0.98405308 0.17701845 -0.017434871 10.019302 -0.17653184 0.98394239 0.02634125 1.4083138 0.021817796 -0.02284338 0.99950087 9.5367432e-07 0 0 0 1 0.98439932 0.17587018 0.0052443296 10.019318 -0.17359698 0.96595609 0.1918155 1.4083099 0.02866883 -0.18973348 0.981417 -1.4305115e-06 0 0 0 1 0.98469251 0.17360008 0.015608203 10.019302 -0.1709743 0.94461155 0.28013673 1.4083138 0.033888064 -0.2785171 0.95983332 -9.5367432e-07 0 0 0 1 0.98490316 0.17135672 0.024546685 10.019318 -0.16872373 0.91856539 0.3574492 1.4083099 0.038703591 -0.3561945 0.9336099 9.5367432e-07 0 0 0 1 0.98494345 0.16985548 0.032178048 10.019318 -0.1674103 0.89069617 0.42265144 1.4083214 0.043128777 -0.42167464 0.90572107 -1.9073486e-06 0 0 0 1 0.9847787 0.16947909 0.038561795 10.019302 -0.1672809 0.86392164 0.47503325 1.4083138 0.047193814 -0.47425339 0.87912267 -9.5367432e-07 0 0 0 1 0.98443264 0.17026596 0.043605246 10.019302 -0.16823818 0.84103209 0.51416028 1.4083176 0.050870564 -0.51349229 0.85658497 0 0 0 0 1 0.98398501 0.17193109 0.047047332 10.019318 -0.1698758 0.82453728 0.5397042 1.4083138 0.053999662 -0.53905308 0.84053892 9.5367432e-07 0 0 0 1 0.98356587 0.17390956 0.048513606 10.019302 -0.17156206 0.81651485 0.55124384 1.4083099 0.05625448 -0.55050766 0.83293259 0 0 0 0 1 0.9833402 0.17542601 0.047621228 10.019287 -0.17255194 0.81845748 0.5480451 1.4083138 0.057165407 -0.54713202 0.83509207 0 0 0 0 1 0.98347354 0.17559777 0.044107851 10.019318 -0.17210625 0.83107585 0.52885967 1.4083138 0.056209624 -0.52771074 0.84756225 0 0 0 0 1 0.98408651 0.17358975 0.03795116 10.019287 -0.16961569 0.85404354 0.49177274 1.4083176 0.052954756 -0.49038407 0.86989629 -1.9073486e-06 0 0 0 1 </float_array>
        <technique_common>
          <accessor count="16" offset="0" source="#B_Head_matrix-output-array" stride="16">
            <param name="TRANSFORM" type="float4x4" />
          </accessor>
        </technique_common>
      </source>
      <source id="B_Head_matrix-interpolation">
        <Name_array id="B_Head_matrix-interpolation-array" count="16"> LINEAR LINEAR LINEAR LINEAR LINEAR LINEAR LINEAR LINEAR LINEAR LINEAR LINEAR LINEAR LINEAR LINEAR LINEAR LINEAR </Name_array>
        <technique_common>
          <accessor source="#B_Head_matrix-interpolation-array" count="16" stride="1">
            <param name="INTERPOLATION" type="name"></param>
          </accessor>
        </technique_common>
      </source>
      <source id="B_L_Calf_matrix-input" name="B_L_Calf_matrix-input">
        <float_array id="B_L_Calf_matrix-input-array" count="16"> 0 1 2 3 4 5 6 7 8 9 10 11 12 13 14 15 </float_array>
        <technique_common>
          <accessor count="16" offset="0" source="#B_L_Calf_matrix-input-array" stride="1">
            <param name="TIME" type="float" />
          </accessor>
        </technique_common>
      </source>
      <source id="B_L_Calf_matrix-output" name="B_L_Calf_matrix-output">
        <float_array id="B_L_Calf_matrix-output-array" count="256"> 0.87463486 0.48478267 5.0516519e-07 50.282745 -0.48478273 0.8746348 8.0425825e-06 0 3.4570699e-06 -7.2792177e-06 1 0 0 0 0 1 0.5803659 0.81435597 7.9980634e-07 50.282742 -0.81435597 0.5803659 7.6330616e-06 0 5.7518482e-06 -5.0812946e-06 1.0000001 0 0 0 0 1 0.29422289 0.95573717 9.6850056e-07 50.282745 -0.95573705 0.29422295 7.4389573e-06 -3.8146973e-06 6.8247314e-06 -3.1143431e-06 1.0000001 7.6293945e-06 0 0 0 1 0.35980111 0.933029 8.6114431e-07 50.282745 -0.933029 0.35980111 7.3751758e-06 0 6.571413e-06 -3.4570694e-06 0.99999994 3.8146973e-06 0 0 0 1 0.52877992 0.84875929 8.1653172e-07 50.282753 -0.84875941 0.52877986 7.6366014e-06 -1.9073486e-06 6.049871e-06 -4.7311187e-06 1.0000001 0 0 0 0 1 0.62107927 0.78374809 7.3820615e-07 50.282753 -0.78374791 0.62107944 7.6577116e-06 3.8146973e-06 5.5432306e-06 -5.3346148e-06 1 0 0 0 0 1 0.43735659 0.89928842 8.6826037e-07 50.282749 -0.8992883 0.43735662 7.4479244e-06 0 6.3180914e-06 -4.0382151e-06 1.0000001 3.8146973e-06 0 0 0 1 0.23303324 0.97246903 8.9917705e-07 50.282757 -0.97246903 0.23303324 7.3100291e-06 0 6.8992381e-06 -2.5779009e-06 1.0000001 3.8146973e-06 0 0 0 1 0.14328493 0.98968154 9.7264945e-07 50.282745 -0.98968166 0.14328492 7.2173834e-06 0 7.0035449e-06 -1.9967554e-06 1.0000001 5.7220459e-06 0 0 0 1 0.21768305 0.9760198 9.4800271e-07 50.282745 -0.97601968 0.21768306 7.2496487e-06 3.8146973e-06 6.8694353e-06 -2.5033951e-06 1 0 0 0 0 1 0.3743777 0.92727667 9.1179368e-07 50.282745 -0.92727643 0.37437779 7.2942175e-06 0 6.4224005e-06 -3.5762782e-06 1 3.8146973e-06 0 0 0 1 0.55091685 0.83456028 8.0322536e-07 50.282753 -0.83456028 0.55091685 7.6008532e-06 0 5.9008607e-06 -4.8577785e-06 0.99999988 7.6293945e-06 0 0 0 1 0.69287866 0.72105455 6.8744885e-07 50.282753 -0.72105455 0.69287866 7.7902823e-06 -3.8146973e-06 5.1409002e-06 -5.8934088e-06 1 1.9073486e-06 0 0 0 1 0.6957832 0.71825188 6.3459464e-07 50.282745 -0.71825188 0.6957832 7.7722589e-06 3.8146973e-06 5.1408997e-06 -5.8636069e-06 0.99999988 7.6293945e-06 0 0 0 1 0.69396651 0.72000742 6.6954613e-07 50.282745 -0.7200076 0.69396633 7.7440036e-06 0 5.1110997e-06 -5.8561559e-06 1 3.8146973e-06 0 0 0 1 0.69287735 0.72105551 6.2257362e-07 50.282749 -0.72105545 0.69287741 7.7072655e-06 -3.8146973e-06 5.1259995e-06 -5.7891011e-06 0.99999994 3.8146973e-06 0 0 0 1 </float_array>
        <technique_common>
          <accessor count="16" offset="0" source="#B_L_Calf_matrix-output-array" stride="16">
            <param name="TRANSFORM" type="float4x4" />
          </accessor>
        </technique_common>
      </source>
      <source id="B_L_Calf_matrix-interpolation">
        <Name_array id="B_L_Calf_matrix-interpolation-array" count="16"> LINEAR LINEAR LINEAR LINEAR LINEAR LINEAR LINEAR LINEAR LINEAR LINEAR LINEAR LINEAR LINEAR LINEAR LINEAR LINEAR </Name_array>
        <technique_common>
          <accessor source="#B_L_Calf_matrix-interpolation-array" count="16" stride="1">
            <param name="INTERPOLATION" type="name"></param>
          </accessor>
        </technique_common>
      </source>
      <source id="B_L_Clavicle_matrix-input" name="B_L_Clavicle_matrix-input">
        <float_array id="B_L_Clavicle_matrix-input-array" count="16"> 0 1 2 3 4 5 6 7 8 9 10 11 12 13 14 15 </float_array>
        <technique_common>
          <accessor count="16" offset="0" source="#B_L_Clavicle_matrix-input-array" stride="1">
            <param name="TIME" type="float" />
          </accessor>
        </technique_common>
      </source>
      <source id="B_L_Clavicle_matrix-output" name="B_L_Clavicle_matrix-output">
        <float_array id="B_L_Clavicle_matrix-output-array" count="256"> -0.01759064 -0.00078422565 0.99984503 17.736847 -0.17375694 -0.98478109 -0.0038293749 0.073141098 0.98463148 -0.17379734 0.017186522 5.0180168 0 0 0 1 -0.029019354 -0.00078621495 0.99957854 17.736832 -0.15878868 -0.98729795 -0.0053864261 0.073141098 0.98688608 -0.15887806 0.028525705 5.0180168 0 0 0 1 -0.045624733 -0.00078919542 0.99895841 17.736855 -0.13346133 -0.99103045 -0.0068783909 0.073140144 0.99000329 -0.13363615 0.045109928 5.0180178 0 0 0 1 -0.047907114 -0.00079118455 0.99885154 17.736862 -0.11350679 -0.99351758 -0.0062309951 0.073141098 0.99238157 -0.11367492 0.04750675 5.0180144 0 0 0 1 -0.00018322468 -0.00079112872 0.99999964 17.736862 -0.11316864 -0.99357557 -0.00080677861 0.073141098 0.99357575 -0.11316875 9.2446797e-05 5.0180178 0 0 0 1 0.039331079 -0.00079112116 0.99922591 17.736862 -0.11361791 -0.99351746 0.0036855713 0.073141098 0.9927457 -0.11367489 -0.039165854 5.0180168 0 0 0 1 0.021988509 -0.00079241389 0.99975783 17.736847 -0.10161293 -0.99482292 0.0014463625 0.073141098 0.99458098 -0.10162013 -0.02195525 5.0180159 0 0 0 1 -0.011675118 -0.00079333771 0.99993157 17.736847 -0.086521022 -0.9962483 -0.0018006264 0.073141098 0.99618161 -0.086536117 0.011562585 5.0180178 0 0 0 1 -0.049203869 -0.00079416472 0.99878842 17.736847 -0.069778129 -0.99755335 -0.0042307079 0.073139191 0.99634826 -0.069901757 0.049028218 5.0180178 0 0 0 1 -0.078143008 -0.00079592329 0.9969418 17.736847 -0.05298043 -0.99858344 -0.0049499827 0.073141098 0.99553353 -0.053205214 0.077990107 5.0180178 0 0 0 1 -0.093122356 -0.00079536054 0.99565423 17.736847 -0.033982202 -0.99941444 -0.0039766789 0.073141098 0.99507451 -0.034204844 0.093040757 5.0180168 0 0 0 1 -0.10029196 -0.00079635711 0.99495769 17.736847 -0.014080578 -0.99989837 -0.0022196372 0.073143005 0.99485838 -0.014232191 0.10027056 5.0180159 0 0 0 1 -0.10452844 -0.0007955383 0.99452156 17.736862 -6.7527937e-05 -0.99999934 -0.0008070179 0.073141098 0.99452204 -0.00015151431 0.10452843 5.0180168 0 0 0 1 -0.1088866 -0.00079642516 0.99405372 17.736862 0.0086636459 -0.99996257 0.00014783767 0.073141098 0.99401641 0.0086282287 0.10888933 5.0180159 0 0 0 1 -0.1103164 -0.00079598132 0.99389607 17.736862 0.011527913 -0.99993342 0.00047871185 0.073141098 0.99382967 0.011510357 0.11031829 5.0180159 0 0 0 1 -0.10452842 -0.00079657452 0.99452156 17.736847 -6.7478242e-05 -0.99999958 -0.00080805458 0.073141098 0.99452192 -0.00015157319 0.10452824 5.0180163 0 0 0 1 </float_array>
        <technique_common>
          <accessor count="16" offset="0" source="#B_L_Clavicle_matrix-output-array" stride="16">
            <param name="TRANSFORM" type="float4x4" />
          </accessor>
        </technique_common>
      </source>
      <source id="B_L_Clavicle_matrix-interpolation">
        <Name_array id="B_L_Clavicle_matrix-interpolation-array" count="16"> LINEAR LINEAR LINEAR LINEAR LINEAR LINEAR LINEAR LINEAR LINEAR LINEAR LINEAR LINEAR LINEAR LINEAR LINEAR LINEAR </Name_array>
        <technique_common>
          <accessor source="#B_L_Clavicle_matrix-interpolation-array" count="16" stride="1">
            <param name="INTERPOLATION" type="name"></param>
          </accessor>
        </technique_common>
      </source>
      <source id="B_L_Finger0_matrix-input" name="B_L_Finger0_matrix-input">
        <float_array id="B_L_Finger0_matrix-input-array" count="16"> 0 1 2 3 4 5 6 7 8 9 10 11 12 13 14 15 </float_array>
        <technique_common>
          <accessor count="16" offset="0" source="#B_L_Finger0_matrix-input-array" stride="1">
            <param name="TIME" type="float" />
          </accessor>
        </technique_common>
      </source>
      <source id="B_L_Finger0_matrix-output" name="B_L_Finger0_matrix-output">
        <float_array id="B_L_Finger0_matrix-output-array" count="256"> 0.80900657 0.13246337 0.57267964 1.4603271 0.15583268 0.89108187 -0.42625117 1.9355469 -0.56676674 0.43408233 0.70024884 -2.4376602 0 0 0 1 0.80900645 0.13246337 0.57267964 1.4603271 0.15583263 0.89108169 -0.42625123 1.9355392 -0.56676668 0.43408221 0.70024884 -2.4376526 0 0 0 1 0.80900645 0.13246356 0.57267946 1.4603271 0.15583247 0.89108163 -0.42625141 1.9355392 -0.5667665 0.43408233 0.70024884 -2.4376526 0 0 0 1 0.80900645 0.1324634 0.5726797 1.4603271 0.15583262 0.89108187 -0.42625123 1.9355392 -0.56676662 0.43408233 0.7002489 -2.4376526 0 0 0 1 0.80900639 0.1324634 0.57267976 1.4603271 0.1558326 0.89108175 -0.42625114 1.9355469 -0.5667668 0.43408212 0.70024884 -2.4376678 0 0 0 1 0.80900621 0.13246349 0.57267958 1.4603195 0.15583254 0.89108163 -0.42625129 1.9355469 -0.56676644 0.4340823 0.70024866 -2.4376526 0 0 0 1 0.80900651 0.13246344 0.57267946 1.4603271 0.15583254 0.89108169 -0.42625126 1.9355469 -0.5667665 0.43408227 0.70024878 -2.4376488 0 0 0 1 0.80900633 0.13246349 0.57267958 1.4603271 0.15583251 0.89108169 -0.42625129 1.9355469 -0.56676662 0.43408221 0.70024878 -2.4376564 0 0 0 1 0.80900627 0.13246341 0.57267958 1.4603195 0.15583253 0.89108181 -0.42625105 1.9355469 -0.56676662 0.43408218 0.70024866 -2.4376488 0 0 0 1 0.80900639 0.13246343 0.57267958 1.4603119 0.15583259 0.89108169 -0.42625123 1.9355545 -0.56676662 0.43408224 0.70024866 -2.4376507 0 0 0 1 0.80900627 0.13246353 0.57267964 1.4603271 0.15583248 0.89108139 -0.42625126 1.9355469 -0.56676674 0.43408209 0.70024866 -2.4376488 0 0 0 1 0.80900621 0.13246344 0.5726797 1.4603424 0.1558325 0.89108169 -0.4262512 1.9355392 -0.5667665 0.43408218 0.70024884 -2.4376602 0 0 0 1 0.80900633 0.13246337 0.57267964 1.4603348 0.1558326 0.89108169 -0.4262512 1.9355316 -0.56676656 0.43408224 0.70024884 -2.4376564 0 0 0 1 0.80900633 0.13246368 0.57267958 1.4603271 0.15583242 0.89108169 -0.42625144 1.9355316 -0.56676662 0.43408236 0.70024878 -2.4376564 0 0 0 1 0.80900621 0.13246369 0.57267958 1.4603348 0.15583234 0.89108187 -0.42625135 1.9355316 -0.5667665 0.43408233 0.70024878 -2.4376602 0 0 0 1 0.80900639 0.13246334 0.57267964 1.4603348 0.15583265 0.89108169 -0.4262512 1.9355316 -0.56676662 0.43408224 0.70024884 -2.4376564 0 0 0 1 </float_array>
        <technique_common>
          <accessor count="16" offset="0" source="#B_L_Finger0_matrix-output-array" stride="16">
            <param name="TRANSFORM" type="float4x4" />
          </accessor>
        </technique_common>
      </source>
      <source id="B_L_Finger0_matrix-interpolation">
        <Name_array id="B_L_Finger0_matrix-interpolation-array" count="16"> LINEAR LINEAR LINEAR LINEAR LINEAR LINEAR LINEAR LINEAR LINEAR LINEAR LINEAR LINEAR LINEAR LINEAR LINEAR LINEAR </Name_array>
        <technique_common>
          <accessor source="#B_L_Finger0_matrix-interpolation-array" count="16" stride="1">
            <param name="INTERPOLATION" type="name"></param>
          </accessor>
        </technique_common>
      </source>
      <source id="B_L_Finger01_matrix-input" name="B_L_Finger01_matrix-input">
        <float_array id="B_L_Finger01_matrix-input-array" count="16"> 0 1 2 3 4 5 6 7 8 9 10 11 12 13 14 15 </float_array>
        <technique_common>
          <accessor count="16" offset="0" source="#B_L_Finger01_matrix-input-array" stride="1">
            <param name="TIME" type="float" />
          </accessor>
        </technique_common>
      </source>
      <source id="B_L_Finger01_matrix-output" name="B_L_Finger01_matrix-output">
        <float_array id="B_L_Finger01_matrix-output-array" count="256"> 0.802993 -0.59598833 -1.1049568e-07 3.7140121 0.59598833 0.80299294 2.9331288e-08 -1.5258789e-05 7.1246177e-08 -8.9406967e-08 0.9999997 -2.2888184e-05 0 0 0 1 0.80299318 -0.59598833 -5.0140589e-08 3.7140121 0.59598845 0.802993 -4.4173657e-08 -7.6293945e-06 6.6589557e-08 5.5879332e-09 0.99999976 -2.6702881e-05 0 0 0 1 0.80299348 -0.59598804 -8.7521279e-09 3.7140007 0.59598821 0.80299324 -6.4959007e-09 0 1.0899385e-08 6.6613376e-16 0.9999997 -2.2888184e-05 0 0 0 1 0.80299318 -0.59598821 9.1606012e-09 3.7140045 0.59598827 0.80299312 4.3913111e-08 1.5258789e-05 -3.3527609e-08 -2.9802326e-08 0.99999964 -1.9073486e-05 0 0 0 1 0.8029933 -0.59598827 -1.2255542e-07 3.7140007 0.59598833 0.80299318 7.6051478e-08 1.5258789e-05 5.3085394e-08 -1.3411044e-07 0.99999976 -1.5258789e-05 0 0 0 1 0.80299318 -0.59598821 -9.1987005e-08 3.7139969 0.59598827 0.80299312 8.018263e-08 0 2.6077043e-08 -1.192093e-07 0.9999997 -2.2888184e-05 0 0 0 1 0.8029933 -0.59598815 -7.4411609e-08 3.714016 0.59598827 0.80299306 1.8999149e-08 0 4.8428774e-08 -5.9604638e-08 0.99999964 -1.5258789e-05 0 0 0 1 0.80299324 -0.59598804 -9.5351282e-08 3.7140121 0.59598815 0.80299312 3.4575636e-09 -1.5258789e-05 7.4505799e-08 -5.9604645e-08 0.99999964 -1.5258789e-05 0 0 0 1 0.80299348 -0.59598815 -1.1946878e-07 3.7140198 0.59598845 0.80299306 -5.1556682e-08 -1.5258789e-05 1.2665987e-07 -2.9802326e-08 0.9999997 -1.5258789e-05 0 0 0 1 0.802993 -0.59598833 4.67353e-09 3.7140007 0.59598833 0.802993 4.0582773e-08 7.6293945e-06 -2.7939679e-08 -2.9802322e-08 0.99999964 -2.2888184e-05 0 0 0 1 0.80299306 -0.59598815 -7.9085162e-08 3.7140045 0.59598815 0.80299306 -2.1583627e-08 0 7.6368451e-08 -2.9802322e-08 0.99999964 -2.2888184e-05 0 0 0 1 0.8029933 -0.59598833 -6.5251015e-08 3.7139816 0.59598833 0.8029933 6.2912243e-08 7.6293945e-06 1.4901165e-08 -8.9406967e-08 0.99999976 -3.8146973e-05 0 0 0 1 0.80299336 -0.59598827 -2.3744589e-08 3.7140121 0.59598839 0.80299318 1.9490596e-08 0 7.4505815e-09 -2.9802322e-08 0.99999964 -2.2888184e-05 0 0 0 1 0.80299336 -0.59598827 2.9727353e-08 3.7139969 0.59598839 0.80299318 -1.5050142e-08 7.6293945e-06 -1.4901161e-08 2.9802322e-08 0.99999964 -3.0517578e-05 0 0 0 1 0.80299336 -0.59598827 5.982762e-08 3.7139893 0.59598833 0.8029933 4.4404555e-08 1.5258789e-05 -7.4505799e-08 0 0.99999976 -3.0517578e-05 0 0 0 1 0.80299336 -0.59598821 1.8134742e-08 3.7140045 0.59598833 0.80299318 5.0573785e-08 -7.6293945e-06 -4.470348e-08 -2.9802322e-08 0.99999964 -1.5258789e-05 0 0 0 1 </float_array>
        <technique_common>
          <accessor count="16" offset="0" source="#B_L_Finger01_matrix-output-array" stride="16">
            <param name="TRANSFORM" type="float4x4" />
          </accessor>
        </technique_common>
      </source>
      <source id="B_L_Finger01_matrix-interpolation">
        <Name_array id="B_L_Finger01_matrix-interpolation-array" count="16"> LINEAR LINEAR LINEAR LINEAR LINEAR LINEAR LINEAR LINEAR LINEAR LINEAR LINEAR LINEAR LINEAR LINEAR LINEAR LINEAR </Name_array>
        <technique_common>
          <accessor source="#B_L_Finger01_matrix-interpolation-array" count="16" stride="1">
            <param name="INTERPOLATION" type="name"></param>
          </accessor>
        </technique_common>
      </source>
      <source id="B_L_Finger02_matrix-input" name="B_L_Finger02_matrix-input">
        <float_array id="B_L_Finger02_matrix-input-array" count="16"> 0 1 2 3 4 5 6 7 8 9 10 11 12 13 14 15 </float_array>
        <technique_common>
          <accessor count="16" offset="0" source="#B_L_Finger02_matrix-input-array" stride="1">
            <param name="TIME" type="float" />
          </accessor>
        </technique_common>
      </source>
      <source id="B_L_Finger02_matrix-output" name="B_L_Finger02_matrix-output">
