<?xml version="1.0" encoding="UTF-8" standalone="no" ?>
<COLLADA xmlns="http://www.collada.org/2005/11/COLLADASchema" version="1.4.1">
  <asset>
    <contributor>
      <author>Assimp</author>
      <authoring_tool>FBX SDK/FBX Plugins version 2013.1</authoring_tool>
    </contributor>
    <created>2020-08-21T13:36:45</created>
    <modified>2020-08-21T13:36:45</modified>
    <unit name="meter" meter="1" />
    <up_axis>Y_UP</up_axis>
  </asset>
  <library_geometries>
  </library_geometries>
  <library_controllers>
  </library_controllers>
  <library_visual_scenes>
    <visual_scene id="RootNode" name="RootNode">
      <node id="Motion_aAssimpFbxa_Translation"  name="Motion_$AssimpFbx$_Translation" type="NODE">
        <matrix sid="matrix">1 0 0 9.92585e-07 0 1 0 0 0 0 1 -0.17328988 0 0 0 1</matrix>
        <node id="Motion_aAssimpFbxa_PreRotation"  name="Motion_$AssimpFbx$_PreRotation" type="NODE">
          <matrix sid="matrix">1 0 0 0 0 -4.3711388e-08 1 0 0 -1 -4.3711388e-08 0 0 0 0 1</matrix>
          <node id="Motion_aAssimpFbxa_Rotation"  name="Motion_$AssimpFbx$_Rotation" type="NODE">
            <matrix sid="matrix">1.3868001e-06 1 0 0 -1 1.3868001e-06 0 0 0 0 1 0 0 0 0 1</matrix>
            <node id="Motion_aAssimpFbxa_Scaling"  name="Motion_$AssimpFbx$_Scaling" type="NODE">
              <matrix sid="matrix">1 0 0 0 0 1 0 0 0 0 1 0 0 0 0 1</matrix>
              <node id="Motion"  name="Motion" type="NODE">
                <matrix sid="matrix">1 0 0 0 0 1 0 0 0 0 1 0 0 0 0 1</matrix>
                <node id="B_Pelvis"  name="B_Pelvis" type="NODE">
                  <matrix sid="matrix">-4.3711388e-08 0.60876256 0.79335248 0.17329331 0 -0.79335248 0.60876256 2.6999989 1 2.6609857e-08 3.4678539e-08 99.462372 0 0 0 1</matrix>
                  <node id="B_Spine"  name="B_Spine" type="NODE">
                    <matrix sid="matrix">0.99823147 0.047404036 -0.03587313 7.6762924 -0.037805345 0.97190607 0.23231289 -1.6268322 0.045877885 -0.23054582 0.97197938 0.0023475885 0 0 0 1</matrix>
                    <node id="B_Spine1"  name="B_Spine1" type="NODE">
                      <matrix sid="matrix">0.99970514 -0.024198724 0.0019994173 12.747765 0.024175962 0.99965024 0.010716197 -0.014275074 -0.0022580363 -0.0106647 0.99994057 0.00015163422 0 0 0 1</matrix>
                      <node id="B_Spine2"  name="B_Spine2" type="NODE">
                        <matrix sid="matrix">0.9988209 -0.048403602 0.003731553 17.935448 0.048312012 0.99859816 0.02162575 -0.026444197 -0.0047730859 -0.021419972 0.9997592 0.00054836273 0 0 0 1</matrix>
                        <node id="B_L_Clavicle"  name="B_L_Clavicle" type="NODE">
                          <matrix sid="matrix">-0.017590661 -0.00078421831 0.99984497 17.736832 -0.17375694 -0.98478115 -0.0038293824 0.073141098 0.98463148 -0.17379735 0.017186686 5.0180159 0 0 0 1</matrix>
                          <node id="B_L_UpperArm"  name="B_L_UpperArm" type="NODE">
                            <matrix sid="matrix">0.67658812 0.40229207 0.61675727 17.464663 -0.50647575 0.86222738 -0.0067964792 4.2915344e-06 -0.5345192 -0.30777419 0.78712404 1.5258789e-05 0 0 0 1</matrix>
                            <node id="B_L_Forearm"  name="B_L_Forearm" type="NODE">
                              <matrix sid="matrix">-0.13640097 0.98478979 0.10762779 27.628181 -0.99065369 -0.13559353 -0.014819397 -3.8146973e-06 -3.5762784e-07 -0.10864325 0.99408078 -1.5258789e-05 0 0 0 1</matrix>
                              <node id="B_L_ForeArmTwist"  name="B_L_ForeArmTwist" type="NODE">
                                <matrix sid="matrix">1 8.8392305e-08 -2.6015746e-07 11.992638 -5.960462e-08 0.99408078 0.10864369 -7.6293945e-06 2.6822079e-07 -0.10864369 0.99408078 1.5258789e-05 0 0 0 1</matrix>
                                <node id="B_L_Hand"  name="B_L_Hand" type="NODE">
                                  <matrix sid="matrix">0.96626526 -0.095602125 0.23914792 11.992645 -0.24727416 -0.084708601 0.96523571 0 -0.072020702 -0.99180877 -0.10549091 0 0 0 0 1</matrix>
                                  <node id="B_L_Finger0"  name="B_L_Finger0" type="NODE">
                                    <matrix sid="matrix">0.80900657 0.1324636 0.57267952 1.4603348 0.15583253 0.89108139 -0.42625129 1.9355316 -0.5667668 0.43408221 0.7002486 -2.4376602 0 0 0 1</matrix>
                                    <node id="B_L_Finger01"  name="B_L_Finger01" type="NODE">
                                      <matrix sid="matrix">0.80299318 -0.59598827 -7.7683723e-08 3.7140121 0.59598827 0.80299318 3.5127602e-08 -1.5258789e-05 4.1443858e-08 -7.4505806e-08 1 -2.2888184e-05 0 0 0 1</matrix>
                                      <node id="B_L_Finger02"  name="B_L_Finger02" type="NODE">
                                        <matrix sid="matrix">0.55218464 -0.83372188 -4.6587839e-08 5.5299349 0.83372188 0.55218464 3.085572e-08 1.5258789e-05 0 -5.5879354e-08 1 2.6702881e-05 0 0 0 1</matrix>
                                      </node>
                                    </node>
                                  </node>
                                  <node id="B_L_Finger1"  name="B_L_Finger1" type="NODE">
                                    <matrix sid="matrix">0.27254894 -0.95552641 0.11263375 11.625465 0.92804092 0.23019096 -0.29283461 3.1205292 0.25388393 0.18434049 0.94950593 -3.0983582 0 0 0 1</matrix>
                                    <node id="B_L_Finger11"  name="B_L_Finger11" type="NODE">
                                      <matrix sid="matrix">-0.25881925 -0.96592575 1.4779091e-07 4.4568253 0.96592575 -0.25881925 2.4173662e-08 0 1.4901167e-08 1.4901165e-07 1 1.9073486e-05 0 0 0 1</matrix>
                                      <node id="B_L_Finger12"  name="B_L_Finger12" type="NODE">
                                        <matrix sid="matrix">0.57357568 -0.81915259 3.5828202e-07 3.3311615 0.81915259 0.57357568 -5.9866323e-08 -7.6293945e-06 -1.5646219e-07 3.2782549e-07 1 -2.2888184e-05 0 0 0 1</matrix>
                                      </node>
                                    </node>
                                  </node>
                                  <node id="B_L_Finger2"  name="B_L_Finger2" type="NODE">
                                    <matrix sid="matrix">0.2580848 -0.9650346 0.045829281 11.814079 0.96096498 0.25152329 -0.11524849 2.4380951 0.099691652 0.073784217 0.99227887 0.83571625 0 0 0 1</matrix>
                                    <node id="B_L_Finger21"  name="B_L_Finger21" type="NODE">
                                      <matrix sid="matrix">-0.62068564 -0.78405952 5.0846705e-07 5.1996231 0.78405952 -0.62068564 2.2196934e-07 2.2888184e-05 1.41561e-07 5.3644163e-07 1 3.8146973e-06 0 0 0 1</matrix>
                                      <node id="B_L_Finger22"  name="B_L_Finger22" type="NODE">
                                        <matrix sid="matrix">0.44828618 -0.89389008 -2.6560066e-08 5.1996269 0.89389008 0.44828618 7.999995e-08 0 -5.9604652e-08 -5.9604652e-08 1 -3.8146973e-06 0 0 0 1</matrix>
                                      </node>
                                    </node>
                                  </node>
                                  <node id="B_L_Finger3"  name="B_L_Finger3" type="NODE">
                                    <matrix sid="matrix">0.13847044 -0.99036652 0.00029712403 11.814064 0.99036658 0.13847046 5.9356073e-05 1.9342346 -9.9927172e-05 0.00028604266 0.99999994 4.6002388 0 0 0 1</matrix>
                                    <node id="B_L_Finger31"  name="B_L_Finger31" type="NODE">
                                      <matrix sid="matrix">-0.058766864 -0.99827176 -9.7647739e-07 4.4568024 0.99827176 -0.058766864 -1.1620787e-06 7.6293945e-06 1.1026858e-06 -1.0430815e-06 1 -1.1444092e-05 0 0 0 1</matrix>
                                      <node id="B_L_Finger32"  name="B_L_Finger32" type="NODE">
                                        <matrix sid="matrix">-0.058766626 -0.99827176 -1.9109912e-06 4.4567795 0.99827176 -0.058766626 -1.5156309e-06 -3.0517578e-05 1.4007089e-06 -1.996757e-06 1 1.1444092e-05 0 0 0 1</matrix>
                                      </node>
                                    </node>
                                  </node>
                                  <node id="B_L_Finger4"  name="B_L_Finger4" type="NODE">
                                    <matrix sid="matrix">0.14714384 -0.98122936 -0.12464998 11.857193 0.9836868 0.15835437 -0.085346922 4.0528793 0.10348378 -0.11005827 0.98852324 6.5145264 0 0 0 1</matrix>
                                    <node id="B_L_Finger41"  name="B_L_Finger41" type="NODE">
                                      <matrix sid="matrix">-0.18123157 -0.98344046 -2.1902133e-06 3.327652 0.98344046 -0.18123157 -3.7370758e-06 1.5258789e-05 3.2782557e-06 -2.8312204e-06 1 3.8146973e-06 0 0 0 1</matrix>
                                      <node id="B_L_Finger42"  name="B_L_Finger42" type="NODE">
                                        <matrix sid="matrix">0.0019772795 -0.99999803 -2.3609784e-06 3.3276596 0.99999803 0.0019772795 -3.3331987e-06 -2.2888184e-05 3.3378606e-06 -2.354383e-06 1 -1.9073486e-05 0 0 0 1</matrix>
                                      </node>
                                    </node>
                                  </node>
                                </node>
                              </node>
                            </node>
                          </node>
                        </node>
                        <node id="B_R_Clavicle"  name="B_R_Clavicle" type="NODE">
                          <matrix sid="matrix">-0.10452852 -0.00079657603 -0.9945215 17.736847 0.00023397958 -0.99999964 0.00077637134 0.074662209 -0.99452186 -0.00015154478 0.10452867 -5.0179625 0 0 0 1</matrix>
                          <node id="B_R_UpperArm"  name="B_R_UpperArm" type="NODE">
                            <matrix sid="matrix">0.65678829 0.184351 -0.73119342 17.464649 -0.58112288 0.74166942 -0.3349964 1.1444092e-05 0.48054689 0.64493495 0.59425038 1.5258789e-05 0 0 0 1</matrix>
                            <node id="B_R_Forearm"  name="B_R_Forearm" type="NODE">
                              <matrix sid="matrix">0.1257856 0.99193633 -0.015499667 27.628185 -0.99205744 0.12577026 -0.0019651239 -7.6293945e-06 1.1920932e-07 0.015623745 0.99987793 0 0 0 0 1</matrix>
                              <node id="B_R_ForeArmTwist"  name="B_R_ForeArmTwist" type="NODE">
                                <matrix sid="matrix">1 -1.3968749e-09 -8.9396053e-08 11.99263 0 0.99987793 -0.015623782 -1.1444092e-05 8.9406967e-08 0.015623782 0.99987793 0 0 0 0 1</matrix>
                                <node id="B_R_Hand"  name="B_R_Hand" type="NODE">
                                  <matrix sid="matrix">0.86458033 -0.066815831 -0.49803263 11.992661 -0.49769527 0.022792298 -0.86705244 -3.8146973e-06 0.069284134 0.99750501 -0.013548149 -7.6293945e-06 0 0 0 1</matrix>
                                  <node id="B_R_Finger0"  name="B_R_Finger0" type="NODE">
                                    <matrix sid="matrix">0.80900657 0.13246369 -0.57267946 1.4603195 0.15583244 0.89108133 0.42625135 1.9355469 0.5667668 -0.43408221 0.7002486 2.4376602 0 0 0 1</matrix>
                                    <node id="B_R_Finger01"  name="B_R_Finger01" type="NODE">
                                      <matrix sid="matrix">0.802993 -0.59598845 -2.5669956e-07 3.7140274 0.59598845 0.802993 -7.918252e-08 -1.5258789e-05 2.5331983e-07 -8.9406974e-08 1 0 0 0 0 1</matrix>
                                      <node id="B_R_Finger02"  name="B_R_Finger02" type="NODE">
                                        <matrix sid="matrix">0.55218488 -0.8337217 6.6474541e-08 5.5299377 0.8337217 0.55218488 -1.1551919e-07 2.2888184e-05 5.9604623e-08 1.1920922e-07 1 2.2888184e-05 0 0 0 1</matrix>
                                      </node>
                                    </node>
                                  </node>
                                  <node id="B_R_Finger1"  name="B_R_Finger1" type="NODE">
                                    <matrix sid="matrix">0.27254859 -0.95552653 -0.11263388 11.625458 0.92804098 0.2301905 0.29283494 3.1205597 -0.25388429 -0.1843406 0.94950587 3.0983505 0 0 0 1</matrix>
                                    <node id="B_R_Finger11"  name="B_R_Finger11" type="NODE">
                                      <matrix sid="matrix">-0.25881925 -0.96592575 -8.8178652e-08 4.4568176 0.96592575 -0.25881925 -8.2924259e-08 0 5.7276349e-08 -1.0663643e-07 1 0 0 0 0 1</matrix>
                                      <node id="B_R_Finger12"  name="B_R_Finger12" type="NODE">
                                        <matrix sid="matrix">0.57357585 -0.81915247 2.1793508e-07 3.331131 0.81915247 0.57357585 5.2261825e-08 7.6293945e-06 -1.678127e-07 1.4854594e-07 1 -1.1444092e-05 0 0 0 1</matrix>
                                      </node>
                                    </node>
                                  </node>
                                  <node id="B_R_Finger2"  name="B_R_Finger2" type="NODE">
                                    <matrix sid="matrix">0.25808468 -0.96503466 -0.045829348 11.814056 0.96096504 0.25152317 0.11524836 2.438118 -0.099691525 -0.073784232 0.99227887 -0.83571625 0 0 0 1</matrix>
                                    <node id="B_R_Finger21"  name="B_R_Finger21" type="NODE">
                                      <matrix sid="matrix">-0.62068546 -0.7840597 -1.5163972e-07 5.1996002 0.7840597 -0.62068546 -7.2529758e-08 -1.5258789e-05 -3.7252914e-08 -1.6391276e-07 1 -3.6239624e-05 0 0 0 1</matrix>
                                      <node id="B_R_Finger22"  name="B_R_Finger22" type="NODE">
                                        <matrix sid="matrix">0.44828618 -0.89389008 3.3399923e-09 5.1996078 0.89389008 0.44828618 6.6600001e-09 0 -7.4505806e-09 0 1 2.6702881e-05 0 0 0 1</matrix>
                                      </node>
                                    </node>
                                  </node>
                                  <node id="B_R_Finger3"  name="B_R_Finger3" type="NODE">
                                    <matrix sid="matrix">0.1384702 -0.99036652 -0.00029824051 11.814056 0.99036658 0.13847022 -5.9485919e-05 1.9342728 0.0001002103 -0.00028713042 0.99999994 -4.6002541 0 0 0 1</matrix>
                                    <node id="B_R_Finger31"  name="B_R_Finger31" type="NODE">
                                      <matrix sid="matrix">-0.058766745 -0.99827176 9.63262e-09 4.4567947 0.99827176 -0.058766745 -1.6362949e-07 0 1.6391277e-07 0 1 0 0 0 0 1</matrix>
                                      <node id="B_R_Finger32"  name="B_R_Finger32" type="NODE">
                                        <matrix sid="matrix">-0.058766864 -0.99827176 6.7902596e-07 4.4568176 0.99827176 -0.058766864 -1.2422328e-07 1.5258789e-05 1.639128e-07 6.705522e-07 1 -1.1444092e-05 0 0 0 1</matrix>
                                      </node>
                                    </node>
                                  </node>
                                  <node id="B_R_Finger4"  name="B_R_Finger4" type="NODE">
                                    <matrix sid="matrix">0.14714384 -0.98122966 0.12464786 11.857239 0.98368686 0.15835416 0.085347071 4.0529175 -0.10348359 0.11005617 0.98852354 -6.5145569 0 0 0 1</matrix>
                                    <node id="B_R_Finger41"  name="B_R_Finger41" type="NODE">
                                      <matrix sid="matrix">-0.18123135 -0.98344052 2.340326e-07 3.3276825 0.98344052 -0.18123135 7.8557986e-07 1.5258789e-05 -7.3015696e-07 3.725288e-07 1 2.6702881e-05 0 0 0 1</matrix>
                                      <node id="B_R_Finger42"  name="B_R_Finger42" type="NODE">
                                        <matrix sid="matrix">0.0019766835 -0.99999803 3.1413128e-07 3.3277283 0.99999803 0.0019766835 6.1032796e-07 3.0517578e-05 -6.1094772e-07 3.1292427e-07 1 -1.9073486e-05 0 0 0 1</matrix>
                                      </node>
                                    </node>
                                  </node>
                                </node>
                              </node>
                            </node>
                          </node>
                        </node>
                        <node id="B_Neck"  name="B_Neck" type="NODE">
                          <matrix sid="matrix">0.9745459 -0.20556864 -0.089452878 27.039749 0.20928556 0.97725385 0.034271039 1.128233 0.080373116 -0.0521199 0.99540126 0.00061273575 0 0 0 1</matrix>
                          <node id="B_Head"  name="B_Head" type="NODE">
                            <matrix sid="matrix">0.98408651 0.17358989 -0.037950236 10.019302 -0.16961534 0.85404325 -0.49177301 1.4083176 -0.052955683 0.49038416 0.86989599 0 0 0 0 1</matrix>
                          </node>
                        </node>
                      </node>
                    </node>
                  </node>
                  <node id="B_L_Thigh"  name="B_L_Thigh" type="NODE">
                    <matrix sid="matrix">-0.88179493 0.28008324 -0.37946168 0 0.35161811 0.92662716 -0.13314211 1.7642975e-05 0.31432861 -0.25082961 -0.91557741 11.161455 0 0 0 1</matrix>
                    <node id="B_L_Calf"  name="B_L_Calf" type="NODE">
                      <matrix sid="matrix">0.87463462 0.48478267 3.5755806e-07 50.282745 -0.48478267 0.87463462 8.0221726e-06 1.9073486e-06 3.5762778e-06 -7.1898085e-06 1 7.6293945e-06 0 0 0 1</matrix>
                      <node id="B_L_Foot"  name="B_L_Foot" type="NODE">
                        <matrix sid="matrix">0.90702915 -0.2333951 -0.35046375 39.728127 0.18250719 0.96798968 -0.17229944 -2.3841858e-06 0.37945911 0.092318468 0.92059118 -3.8146973e-06 0 0 0 1</matrix>
                        <node id="B_L_Toe0"  name="B_L_Toe0" type="NODE">
                          <matrix sid="matrix">-4.3711388e-08 -1 -5.6529217e-08 18.214441 1 -4.3711388e-08 -2.4709704e-15 14.545954 0 -5.6529217e-08 1 0.020652771 0 0 0 1</matrix>
                        </node>
                      </node>
                    </node>
                  </node>
                  <node id="B_R_Thigh"  name="B_R_Thigh" type="NODE">
                    <matrix sid="matrix">-0.87342465 0.42952532 0.22942817 0 0.18168969 0.72456968 -0.66482145 -1.2397766e-05 -0.45179436 -0.53898674 -0.71089739 -11.161448 0 0 0 1</matrix>
                    <node id="B_R_Calf"  name="B_R_Calf" type="NODE">
                      <matrix sid="matrix">0.69287926 0.7210536 -9.0768708e-08 50.282749 -0.7210536 0.69287926 -4.819693e-06 0 -3.4123655e-06 3.4049147e-06 1 0 0 0 0 1</matrix>
                      <node id="B_R_Foot"  name="B_R_Foot" type="NODE">
                        <matrix sid="matrix">0.91488868 -0.31722662 0.24969162 39.728138 0.33217704 0.94302493 -0.019033045 -3.8146973e-06 -0.22942767 0.10035495 0.96813834 7.6293945e-06 0 0 0 1</matrix>
                        <node id="B_R_Toe0"  name="B_R_Toe0" type="NODE">
                          <matrix sid="matrix">-4.3711388e-08 -1 5.0026e-07 18.214439 1 -4.3711648e-08 -5.215407e-07 14.545954 5.215407e-07 5.0026e-07 1 -0.020650864 0 0 0 1</matrix>
                        </node>
                      </node>
                    </node>
                  </node>
                </node>
              </node>
            </node>
          </node>
        </node>
      </node>
      <node id="Exporter_aAssimpFbxa_PreRotation"  name="Exporter_$AssimpFbx$_PreRotation" type="NODE">
        <matrix sid="matrix">1 0 0 0 0 -4.3711388e-08 1 0 0 -1 -4.3711388e-08 0 0 0 0 1</matrix>
        <node id="Exporter"  name="Exporter" type="NODE">
          <matrix sid="matrix">1 0 0 0 0 1 0 0 0 0 1 0 0 0 0 1</matrix>
        </node>
      </node>
    </visual_scene>
  </library_visual_scenes>
  <library_animations>
    <animation id="TakeW001AnimId0" name="Take 001">
      <source id="B_Head_matrix-input" name="B_Head_matrix-input">
        <float_array id="B_Head_matrix-input-array" count="61"> 0 1 2 3 4 5 6 7 8 9 10 11 12 13 14 15 16 17 18 19 20 21 22 23 24 25 26 27 28 29 30 31 32 33 34 35 36 37 38 39 40 41 42 43 44 45 46 47 48 49 50 51 52 53 54 55 56 57 58 59 60 </float_array>
        <technique_common>
          <accessor count="61" offset="0" source="#B_Head_matrix-input-array" stride="1">
            <param name="TIME" type="float" />
          </accessor>
        </technique_common>
      </source>
      <source id="B_Head_matrix-output" name="B_Head_matrix-output">
        <float_array id="B_Head_matrix-output-array" count="976"> 0.98408645 0.17358987 -0.037950236 10.019302 -0.16961531 0.85404319 -0.49177313 1.4083176 -0.052955672 0.49038419 0.86989611 0 0 0 0 1 0.98411858 0.17190436 -0.044272073 10.019302 -0.16959274 0.83682483 -0.52054054 1.4083176 -0.052435227 0.51978153 0.85268855 0 0 0 0 1 0.9836241 0.17068942 -0.057872441 10.019318 -0.17284325 0.80233592 -0.57129878 1.4083138 -0.051081523 0.57194597 0.81869924 1.9073486e-06 0 0 0 1 0.98308629 0.16895013 -0.070690461 10.019318 -0.17615879 0.76674259 -0.61731189 1.4083176 -0.050093535 0.61932361 0.78353631 0 0 0 0 1 0.98306668 0.16737834 -0.074598238 10.019318 -0.17619419 0.75148028 -0.63579339 1.4083176 -0.050358947 0.6381709 0.76824611 0 0 0 0 1 0.98408651 0.16672708 -0.061447069 10.019302 -0.16961524 0.77835292 -0.6044811 1.4083138 -0.052955862 0.60528409 0.79424608 0 0 0 0 1 0.98626119 0.16352674 -0.023403615 10.019287 -0.15442987 0.86239904 -0.4820984 1.4083138 -0.05865274 0.47908917 0.87580431 1.9073486e-06 0 0 0 1 0.98852116 0.1476184 0.032160047 10.019333 -0.13397238 0.95488369 -0.26504418 1.4083138 -0.069834486 0.2576932 0.96369994 -1.9073486e-06 0 0 0 1 0.9895606 0.11384494 0.088369213 10.019318 -0.11380158 0.99348795 -0.0055451766 1.4083138 -0.088425048 -0.0045692665 0.99607235 0 0 0 0 1 0.98881716 0.070221737 0.13156541 10.019302 -0.098321922 0.97028536 0.22108608 1.4083214 -0.11213095 -0.23154953 0.96633911 1.9073486e-06 0 0 0 1 0.98680937 0.034222681 0.15822627 10.019333 -0.088102713 0.93350863 0.34756196 1.4083138 -0.13581109 -0.35691768 0.92421043 0 0 0 0 1 0.98422486 0.0095661981 0.17666335 10.019287 -0.079721719 0.91539806 0.3945764 1.4083138 -0.15794276 -0.40243581 0.90172011 1.9073486e-06 0 0 0 1 0.98098797 -0.013008684 0.1936319 10.019302 -0.071045153 0.90441662 0.4206937 1.4083157 -0.18059656 -0.4264521 0.88629764 0 0 0 0 1 0.97715306 -0.033616189 0.20986272 10.019318 -0.061551251 0.90034121 0.43081015 1.4083118 -0.20343027 -0.43388474 0.8777017 0 0 0 0 1 0.97275215 -0.052550133 0.22581354 10.019318 -0.050953865 0.9017055 0.42933753 1.4083099 -0.22617908 -0.42914507 0.87445837 3.8146973e-06 0 0 0 1 0.96780241 -0.070223302 0.24171688 10.019302 -0.039232556 0.90647608 0.42043045 1.4083157 -0.24863458 -0.41637674 0.87453485 -3.8146973e-06 0 0 0 1 0.96218789 -0.087609597 0.25791374 10.019287 -0.026910402 0.91165709 0.41007027 1.4083138 -0.27105492 -0.40150517 0.8748275 0 0 0 0 1 0.95586449 -0.1053175 0.27428314 10.019318 -0.014623608 0.91533506 0.40242723 1.4083195 -0.29344368 -0.38867688 0.87339622 0 0 0 0 1 0.9489997 -0.12336681 0.2901383 10.019318 -0.0027404651 0.91700208 0.39887291 1.4083176 -0.31526515 -0.37932542 0.86989659 0 0 0 0 1 0.94182873 -0.14188704 0.30467561 10.019318 0.0083738882 0.91614431 0.40076149 1.4083195 -0.33598968 -0.37489721 0.86403894 0 0 0 0 1 0.93465334 -0.16108881 0.3169755 10.019318 0.018371932 0.91217083 0.40939802 1.4083118 -0.35508531 -0.37682176 0.85552305 -3.8146973e-06 0 0 0 1 0.93424809 -0.16221355 0.3175959 10.019318 0.018906621 0.91183966 0.41011035 1.4083138 -0.35612205 -0.37714007 0.85495168 0 0 0 0 1 0.93392509 -0.16310813 0.31808734 10.019318 0.019331751 0.91157597 0.41067663 1.4083118 -0.35694554 -0.37739202 0.85449678 0 0 0 0 1 0.93367791 -0.16379145 0.31846145 10.019302 0.019656276 0.91137391 0.41110969 1.4083176 -0.35757372 -0.37758434 0.85414922 0 0 0 0 1 0.93350059 -0.16428128 0.3187291 10.019318 0.019888891 0.91122884 0.41141996 1.4083061 -0.35802376 -0.37772167 0.85390002 0 0 0 0 1 0.93338615 -0.16459639 0.31890115 10.019318 0.020038519 0.91113538 0.41161951 1.4083118 -0.3583132 -0.37780973 0.85373962 0 0 0 0 1 0.93332851 -0.1647556 0.31898785 10.019302 0.020114107 0.91108811 0.4117204 1.4083138 -0.35845929 -0.37785426 0.85365856 3.8146973e-06 0 0 0 1 0.93332064 -0.1647774 0.3189998 10.019318 0.020124463 0.91108167 0.41173407 1.4083118 -0.35847941 -0.37786022 0.85364741 0 0 0 0 1 0.93335593 -0.1646807 0.31894699 10.019318 0.020078594 0.91111058 0.41167286 1.4083138 -0.3583906 -0.37783337 0.85369676 -3.8146973e-06 0 0 0 1 0.93342721 -0.1644841 0.31883976 10.019318 0.019985238 0.91116893 0.41154832 1.4083138 -0.35821006 -0.37777838 0.85379684 0 0 0 0 1 0.93352777 -0.16420624 0.31868824 10.019318 0.019853301 0.91125095 0.4113723 1.4083118 -0.35795498 -0.37770042 0.85393822 0 0 0 0 1 0.93365109 -0.16386616 0.31850234 10.019318 0.01969179 0.91135186 0.41115692 1.4083195 -0.35764247 -0.37760523 0.85411114 0 0 0 0 1 0.93378973 -0.16348241 0.31829241 10.019318 0.019509522 0.91146517 0.41091383 1.4083118 -0.35728976 -0.37749738 0.85430634 0 0 0 0 1 0.93393743 -0.16307391 0.31806856 10.019318 0.019315427 0.91158605 0.41065523 1.4083157 -0.35691404 -0.37738267 0.85451418 0 0 0 0 1 0.93408722 -0.16265926 0.31784105 10.019318 0.019118397 0.9117083 0.4103927 1.4083099 -0.35653251 -0.37726587 0.85472524 0 0 0 0 1 0.93423235 -0.16225705 0.31761992 10.019302 0.018927267 0.91182715 0.41013777 1.4083099 -0.35616216 -0.37715232 0.85492957 0 0 0 0 1 0.93436599 -0.16188635 0.31741568 10.019318 0.018751038 0.91193628 0.40990314 1.4083157 -0.35582063 -0.37704778 0.85511786 0 0 0 0 1 0.9344818 -0.16156541 0.31723872 10.019318 0.018598475 0.91203058 0.40969998 1.4083118 -0.35552481 -0.37695694 0.855281 0 0 0 0 1 0.9345727 -0.16131301 0.31709933 10.019302 0.018478572 0.91210502 0.40953982 1.4083138 -0.35529211 -0.37688524 0.85540909 0 0 0 0 1 0.934632 -0.16114807 0.31700826 10.019333 0.018400086 0.91215348 0.40943554 1.4083099 -0.35513991 -0.37683862 0.85549295 -3.8146973e-06 0 0 0 1 0.93465334 -0.16108881 0.3169755 10.019318 0.018371932 0.91217083 0.40939802 1.4083138 -0.35508531 -0.37682176 0.85552305 0 0 0 0 1 0.93465328 -0.16108884 0.31697553 10.019333 0.018371901 0.91217071 0.40939814 1.4083099 -0.35508531 -0.37682185 0.85552293 0 0 0 0 1 0.93465334 -0.16108885 0.3169755 10.019333 0.018371977 0.91217089 0.40939796 1.4083099 -0.35508531 -0.37682173 0.85552305 0 0 0 0 1 0.93465334 -0.16108894 0.31697547 10.019302 0.018371955 0.91217089 0.40939817 1.4083099 -0.35508534 -0.37682202 0.85552287 -3.8146973e-06 0 0 0 1 0.93465334 -0.16108887 0.31697559 10.019318 0.018371955 0.91217083 0.40939805 1.4083099 -0.35508537 -0.37682176 0.85552305 0 0 0 0 1 0.93465334 -0.16108882 0.31697556 10.019333 0.01837191 0.91217083 0.40939802 1.4083099 -0.35508537 -0.37682176 0.85552305 0 0 0 0 1 0.93465334 -0.16108884 0.31697556 10.019333 0.018371932 0.91217083 0.40939802 1.4083099 -0.35508537 -0.37682176 0.85552305 -3.8146973e-06 0 0 0 1 0.93465346 -0.1610889 0.31697553 10.019302 0.018371949 0.91217101 0.40939802 1.4083099 -0.35508537 -0.37682185 0.85552305 0 0 0 0 1 0.93465334 -0.16108885 0.31697556 10.019333 0.018371962 0.91217089 0.40939796 1.4083099 -0.35508537 -0.37682173 0.85552305 0 0 0 0 1 0.93465334 -0.1610889 0.3169755 10.019318 0.018371947 0.91217101 0.40939808 1.4083099 -0.35508531 -0.37682191 0.85552299 -3.8146973e-06 0 0 0 1 0.93465334 -0.16108881 0.3169755 10.019318 0.018371932 0.91217083 0.40939802 1.4083099 -0.35508531 -0.37682176 0.85552305 0 0 0 0 1 0.93465334 -0.1610889 0.3169755 10.019302 0.018371947 0.91217101 0.40939808 1.4083099 -0.35508531 -0.37682191 0.85552299 0 0 0 0 1 0.93465346 -0.16108881 0.31697556 10.019318 0.018371874 0.91217101 0.40939796 1.4083099 -0.3550854 -0.37682188 0.85552293 0 0 0 0 1 0.93465346 -0.16108882 0.31697559 10.019318 0.018371912 0.91217107 0.40939793 1.4083099 -0.3550854 -0.37682173 0.85552311 0 0 0 0 1 0.93465334 -0.16108884 0.31697556 10.019302 0.018371932 0.91217083 0.40939802 1.4083099 -0.35508537 -0.37682176 0.85552305 0 0 0 0 1 0.93465334 -0.16108882 0.31697556 10.019302 0.01837191 0.91217083 0.40939802 1.4083099 -0.35508537 -0.37682176 0.85552305 0 0 0 0 1 0.93465334 -0.16108882 0.31697556 10.019333 0.01837191 0.91217083 0.40939802 1.4083099 -0.35508537 -0.37682176 0.85552305 0 0 0 0 1 0.93465334 -0.16108879 0.31697553 10.019318 0.018371888 0.91217089 0.4093979 1.4083138 -0.35508531 -0.37682176 0.85552293 0 0 0 0 1 0.93465346 -0.16108884 0.31697556 10.019302 0.018371912 0.91217101 0.40939796 1.4083099 -0.3550854 -0.37682179 0.85552305 -3.8146973e-06 0 0 0 1 0.93465334 -0.1610889 0.3169755 10.019302 0.018371947 0.91217101 0.40939808 1.4083099 -0.35508531 -0.37682191 0.85552299 0 0 0 0 1 0.93465334 -0.16108881 0.3169755 10.019318 0.018371932 0.91217083 0.40939802 1.4083138 -0.35508531 -0.37682176 0.85552305 0 0 0 0 1 </float_array>
        <technique_common>
          <accessor count="61" offset="0" source="#B_Head_matrix-output-array" stride="16">
            <param name="TRANSFORM" type="float4x4" />
          </accessor>
        </technique_common>
      </source>
      <source id="B_Head_matrix-interpolation">
        <Name_array id="B_Head_matrix-interpolation-array" count="61"> LINEAR LINEAR LINEAR LINEAR LINEAR LINEAR LINEAR LINEAR LINEAR LINEAR LINEAR LINEAR LINEAR LINEAR LINEAR LINEAR LINEAR LINEAR LINEAR LINEAR LINEAR LINEAR LINEAR LINEAR LINEAR LINEAR LINEAR LINEAR LINEAR LINEAR LINEAR LINEAR LINEAR LINEAR LINEAR LINEAR LINEAR LINEAR LINEAR LINEAR LINEAR LINEAR LINEAR LINEAR LINEAR LINEAR LINEAR LINEAR LINEAR LINEAR LINEAR LINEAR LINEAR LINEAR LINEAR LINEAR LINEAR LINEAR LINEAR LINEAR LINEAR </Name_array>
        <technique_common>
          <accessor source="#B_Head_matrix-interpolation-array" count="61" stride="1">
            <param name="INTERPOLATION" type="name"></param>
          </accessor>
        </technique_common>
      </source>
      <source id="B_L_Calf_matrix-input" name="B_L_Calf_matrix-input">
        <float_array id="B_L_Calf_matrix-input-array" count="61"> 0 1 2 3 4 5 6 7 8 9 10 11 12 13 14 15 16 17 18 19 20 21 22 23 24 25 26 27 28 29 30 31 32 33 34 35 36 37 38 39 40 41 42 43 44 45 46 47 48 49 50 51 52 53 54 55 56 57 58 59 60 </float_array>
        <technique_common>
          <accessor count="61" offset="0" source="#B_L_Calf_matrix-input-array" stride="1">
            <param name="TIME" type="float" />
          </accessor>
        </technique_common>
      </source>
      <source id="B_L_Calf_matrix-output" name="B_L_Calf_matrix-output">
        <float_array id="B_L_Calf_matrix-output-array" count="976"> 0.87463474 0.48478279 3.5755806e-07 50.282745 -0.48478279 0.87463474 8.0221744e-06 1.9073486e-06 3.5762789e-06 -7.1898103e-06 1 7.6293945e-06 0 0 0 1 0.8108303 0.58528161 6.073422e-07 50.282749 -0.58528155 0.81083035 7.8683015e-06 0 4.11272e-06 -6.7353235e-06 1.0000001 7.6293945e-06 0 0 0 1 0.71466738 0.69946486 6.2266696e-07 50.282749 -0.69946486 0.71466738 7.7516233e-06 0 4.9769878e-06 -5.9753652e-06 1.0000001 0 0 0 0 1 0.68241936 0.73096132 6.9793606e-07 50.282749 -0.73096126 0.68241942 7.7356217e-06 0 5.178154e-06 -5.7891025e-06 1.0000001 3.8146973e-06 0 0 0 1 0.72835439 0.68520081 6.2712843e-07 50.282745 -0.68520063 0.72835457 7.7725072e-06 0 4.8689544e-06 -6.0908496e-06 1 4.7683716e-06 0 0 0 1 0.72575337 0.68795514 6.2353587e-07 50.282749 -0.68795514 0.72575337 7.724394e-06 0 4.8615034e-06 -6.0349703e-06 0.99999994 4.7683716e-06 0 0 0 1 0.68586612 0.72772807 7.4285629e-07 50.282757 -0.72772807 0.68586612 7.8207504e-06 1.9073486e-06 5.1818793e-06 -5.9045847e-06 1.0000001 3.8146973e-06 0 0 0 1 0.62333524 0.781955 7.1263344e-07 50.282749 -0.781955 0.62333524 7.652251e-06 -3.8146973e-06 5.5395071e-06 -5.3271656e-06 1 5.7220459e-06 0 0 0 1 0.56167722 0.82735682 8.1580515e-07 50.282742 -0.82735664 0.56167734 7.6725109e-06 3.8146973e-06 5.8896831e-06 -4.9844375e-06 1 3.8146973e-06 0 0 0 1 0.51834649 0.85517097 7.9722986e-07 50.282753 -0.85517108 0.51834643 7.553328e-06 7.6293945e-06 6.0461471e-06 -4.5970082e-06 1 7.6293945e-06 0 0 0 1 0.50922692 0.86063242 8.69752e-07 50.282745 -0.86063242 0.50922692 7.5355297e-06 0 6.0424209e-06 -4.5858319e-06 0.99999994 5.7220459e-06 0 0 0 1 0.55617702 0.83106399 8.1297611e-07 50.282745 -0.83106399 0.55617702 7.6534043e-06 0 5.9083113e-06 -4.9322834e-06 0.99999994 0 0 0 0 1 0.6460306 0.76331162 6.3438523e-07 50.282742 -0.76331145 0.64603072 7.6233009e-06 0 5.4091211e-06 -5.4091211e-06 0.99999988 5.7220459e-06 0 0 0 1 0.75249022 0.65860373 5.8064967e-07 50.282745 -0.65860361 0.75249028 7.6999186e-06 3.8146973e-06 4.6342607e-06 -6.1765309e-06 1.0000001 4.7683716e-06 0 0 0 1 0.84670758 0.53205889 5.5152077e-07 50.282745 -0.53205878 0.84670776 7.907337e-06 0 3.7401915e-06 -6.9886446e-06 1 3.8146973e-06 0 0 0 1 0.89888728 0.43818057 4.555082e-07 50.282745 -0.43818057 0.89888728 7.8718413e-06 0 3.0398369e-06 -7.275492e-06 1.0000001 9.5367432e-07 0 0 0 1 0.92199278 0.38720804 3.6420448e-07 50.282757 -0.38720804 0.92199278 7.9482015e-06 0 2.7418137e-06 -7.4692066e-06 1.0000001 3.8146973e-06 0 0 0 1 0.91474801 0.40402517 4.2505269e-07 50.282745 -0.40402514 0.91474813 7.8961293e-06 0 2.8014185e-06 -7.3947012e-06 1 5.7220459e-06 0 0 0 1 0.8926518 0.45074728 3.7153677e-07 50.282742 -0.45074719 0.89265198 8.0087211e-06 0 3.2782559e-06 -7.3164706e-06 1 1.9073486e-06 0 0 0 1 0.86961949 0.49372295 4.9561606e-07 50.282745 -0.49372277 0.86961979 7.8750008e-06 3.8146973e-06 3.4570689e-06 -7.0929523e-06 1.0000002 -1.9073486e-06 0 0 0 1 0.85827398 0.513192 5.4767793e-07 50.282745 -0.513192 0.85827398 7.8846451e-06 0 3.5762789e-06 -7.0482502e-06 1 0 0 0 0 1 0.85693371 0.51542693 5.0946596e-07 50.282742 -0.51542693 0.85693371 7.9011425e-06 0 3.6358831e-06 -7.0333472e-06 1 9.5367432e-07 0 0 0 1 0.85553831 0.51773983 5.1923553e-07 50.282753 -0.51773989 0.85553825 7.8806161e-06 3.8146973e-06 3.6358833e-06 -7.0109973e-06 1 0 0 0 0 1 0.85406852 0.52016068 4.9839394e-07 50.282745 -0.52016056 0.8540687 7.922843e-06 0 3.695488e-06 -7.025898e-06 0.99999988 -1.9073486e-06 0 0 0 1 0.85251188 0.52270806 5.3187495e-07 50.282742 -0.52270806 0.85251188 7.8803359e-06 0 3.6656859e-06 -6.9960965e-06 0.99999994 -1.9073486e-06 0 0 0 1 0.85089636 0.52533394 6.0892376e-07 50.282742 -0.52533388 0.85089642 7.9073798e-06 0 3.6358831e-06 -7.0482497e-06 1 -3.8146973e-06 0 0 0 1 0.84922147 0.52803725 4.6818195e-07 50.282745 -0.52803725 0.84922147 7.9208139e-06 -3.8146973e-06 3.7848949e-06 -6.9737425e-06 1 4.7683716e-06 0 0 0 1 0.84752005 0.53076375 5.307561e-07 50.282745 -0.53076363 0.84752023 7.9223946e-06 3.8146973e-06 3.7550926e-06 -6.9960961e-06 1 -9.5367432e-07 0 0 0 1 0.84581697 0.53347361 5.3362049e-07 50.282745 -0.53347349 0.84581715 7.8291332e-06 3.8146973e-06 3.7252903e-06 -6.9066878e-06 0.99999994 -9.5367432e-07 0 0 0 1 0.84413642 0.53612894 5.4105317e-07 50.282745 -0.53612888 0.84413654 7.8559751e-06 3.8146973e-06 3.7550928e-06 -6.9215898e-06 1 4.7683716e-06 0 0 0 1 0.84251207 0.53867739 5.1858677e-07 50.282738 -0.53867728 0.84251225 7.8926887e-06 0 3.814697e-06 -6.929039e-06 0.99999994 2.8610229e-06 0 0 0 1 0.84094834 0.54111552 4.9938529e-07 50.282742 -0.54111546 0.84094846 7.9359379e-06 3.8146973e-06 3.8743015e-06 -6.9439411e-06 0.99999994 -9.5367432e-07 0 0 0 1 0.83947384 0.54340041 6.1698978e-07 50.282742 -0.54340041 0.83947384 7.8635176e-06 3.8146973e-06 3.7550922e-06 -6.9364905e-06 0.99999994 0 0 0 0 1 0.83810943 0.54550213 4.7928694e-07 50.282745 -0.54550201 0.83810961 7.8932771e-06 0 3.9041042e-06 -6.8768845e-06 0.99999994 2.8610229e-06 0 0 0 1 0.83685058 0.54743141 5.5142914e-07 50.282745 -0.54743135 0.8368507 7.8657604e-06 3.8146973e-06 3.8444996e-06 -6.8843365e-06 1 2.8610229e-06 0 0 0 1 0.83570838 0.54917383 4.5627223e-07 50.282738 -0.54917371 0.83570856 7.8576541e-06 3.8146973e-06 3.933907e-06 -6.8172812e-06 1 3.8146973e-06 0 0 0 1 0.83467853 0.5507381 5.3689763e-07 50.282749 -0.5507381 0.83467853 7.9025613e-06 0 3.9041047e-06 -6.8917875e-06 1.0000001 7.6293945e-06 0 0 0 1 0.83376193 0.55212408 6.2868355e-07 50.282742 -0.5521239 0.83376223 7.8585053e-06 7.6293945e-06 3.8146973e-06 -6.8992381e-06 0.99999982 5.7220459e-06 0 0 0 1 0.83293301 0.55337417 5.7845637e-07 50.282742 -0.55337411 0.83293307 7.8719222e-06 3.8146973e-06 3.8743024e-06 -6.8768873e-06 1 5.7220459e-06 0 0 0 1 0.83219957 0.55447632 5.5581307e-07 50.282745 -0.55447626 0.83219969 7.8752719e-06 3.8146973e-06 3.9041042e-06 -6.8619843e-06 0.99999994 0 0 0 0 1 0.83154058 0.55546421 5.9408603e-07 50.282742 -0.55546421 0.83154058 7.8642488e-06 0 3.8743024e-06 -6.8694358e-06 1 1.9073486e-06 0 0 0 1 0.83097899 0.55630398 5.9798788e-07 50.282745 -0.55630386 0.83097917 7.9111787e-06 3.8146973e-06 3.9041042e-06 -6.9066882e-06 1 2.8610229e-06 0 0 0 1 0.83053672 0.55696422 5.3387561e-07 50.282745 -0.5569641 0.8305369 7.859232e-06 0 3.9339061e-06 -6.8247314e-06 1.0000001 1.9073486e-06 0 0 0 1 0.83019769 0.55746919 5.3883593e-07 50.282745 -0.55746913 0.83019781 7.9126339e-06 3.8146973e-06 3.9637089e-06 -6.8694358e-06 1 -2.8610229e-06 0 0 0 1 0.82995313 0.55783355 5.5873085e-07 50.282749 -0.55783355 0.82995313 7.8834037e-06 3.8146973e-06 3.9339061e-06 -6.8545341e-06 1.0000001 4.7683716e-06 0 0 0 1 0.82979745 0.55806506 5.1125386e-07 50.282749 -0.55806512 0.82979739 7.8627854e-06 0 3.9637089e-06 -6.8098307e-06 1.0000001 3.8146973e-06 0 0 0 1 0.82972163 0.55817765 5.4974907e-07 50.282738 -0.55817765 0.82972163 7.9183519e-06 3.8146973e-06 3.9637089e-06 -6.8768854e-06 1 1.9073486e-06 0 0 0 1 0.8297112 0.55819315 5.0853396e-07 50.282745 -0.55819315 0.8297112 7.9102501e-06 3.8146973e-06 3.9935112e-06 -6.8470836e-06 1 0 0 0 0 1 0.82975882 0.55812234 5.7810803e-07 50.282742 -0.55812234 0.82975882 7.9079373e-06 3.8146973e-06 3.9339066e-06 -6.884336e-06 1 1.9073486e-06 0 0 0 1 0.82985723 0.55797607 5.3950998e-07 50.282745 -0.55797601 0.82985729 7.9061192e-06 7.6293945e-06 3.9637084e-06 -6.8619847e-06 1 3.8146973e-06 0 0 0 1 0.82999408 0.55777246 6.4066944e-07 50.282745 -0.55777246 0.82999408 7.8459443e-06 0 3.8444996e-06 -6.8694353e-06 1 0 0 0 0 1 0.83016348 0.55752003 5.1024278e-07 50.282742 -0.55751991 0.83016366 7.8693038e-06 7.6293945e-06 3.9637089e-06 -6.8172803e-06 1 1.9073486e-06 0 0 0 1 0.83035421 0.55723619 5.9839851e-07 50.282742 -0.55723614 0.83035427 7.8444027e-06 3.8146973e-06 3.8743024e-06 -6.8470831e-06 1 4.7683716e-06 0 0 0 1 0.83055222 0.55694103 5.3780769e-07 50.282749 -0.55694103 0.83055222 7.8654375e-06 3.8146973e-06 3.933907e-06 -6.8321824e-06 1.0000001 1.9073486e-06 0 0 0 1 0.8307606 0.55663013 5.3901078e-07 50.282738 -0.55663013 0.8307606 7.8718249e-06 3.8146973e-06 3.9339066e-06 -6.8396316e-06 1 3.8146973e-06 0 0 0 1 0.83095658 0.55633754 6.3529632e-07 50.282749 -0.55633754 0.83095658 7.8056955e-06 0 3.8146977e-06 -6.8396325e-06 1.0000001 -9.5367432e-07 0 0 0 1 0.83114803 0.55605149 5.0875906e-07 50.282742 -0.55605149 0.83114803 7.8887715e-06 0 3.9637089e-06 -6.839633e-06 1 2.8610229e-06 0 0 0 1 0.83129925 0.55582505 4.942587e-07 50.282742 -0.55582494 0.83129942 7.9240554e-06 0 3.9935107e-06 -6.8619847e-06 0.99999994 1.9073486e-06 0 0 0 1 0.83142662 0.55563492 5.5028204e-07 50.282749 -0.5556348 0.8314268 7.903438e-06 0 3.9339061e-06 -6.8768863e-06 1 1.9073486e-06 0 0 0 1 0.83151245 0.55550653 6.3996089e-07 50.282749 -0.55550653 0.83151245 7.8786388e-06 3.8146973e-06 3.8444996e-06 -6.9066882e-06 1.0000001 -1.9073486e-06 0 0 0 1 0.83154058 0.55546421 5.9408603e-07 50.282742 -0.55546421 0.83154058 7.8642488e-06 0 3.8743024e-06 -6.8694358e-06 1 1.9073486e-06 0 0 0 1 </float_array>
        <technique_common>
          <accessor count="61" offset="0" source="#B_L_Calf_matrix-output-array" stride="16">
            <param name="TRANSFORM" type="float4x4" />
          </accessor>
        </technique_common>
      </source>
      <source id="B_L_Calf_matrix-interpolation">
