<?xml version="1.0" encoding="UTF-8" standalone="no" ?>
<COLLADA xmlns="http://www.collada.org/2005/11/COLLADASchema" version="1.4.1">
  <asset>
    <contributor>
      <author>Assimp</author>
      <authoring_tool>FBX SDK/FBX Plugins version 2013.1</authoring_tool>
    </contributor>
    <created>2020-08-21T13:47:43</created>
    <modified>2020-08-21T13:47:43</modified>
    <unit name="meter" meter="1" />
    <up_axis>Y_UP</up_axis>
  </asset>
  <library_geometries>
  </library_geometries>
  <library_controllers>
  </library_controllers>
  <library_visual_scenes>
    <visual_scene id="RootNode" name="RootNode">
      <node id="Motion_aAssimpFbxa_Translation"  name="Motion_$AssimpFbx$_Translation" type="NODE">
        <matrix sid="matrix">1 0 0 9.92585e-07 0 1 0 0 0 0 1 -0.17328988 0 0 0 1</matrix>
        <node id="Motion_aAssimpFbxa_PreRotation"  name="Motion_$AssimpFbx$_PreRotation" type="NODE">
          <matrix sid="matrix">1 0 0 0 0 -4.3711388e-08 1 0 0 -1 -4.3711388e-08 0 0 0 0 1</matrix>
          <node id="Motion_aAssimpFbxa_Rotation"  name="Motion_$AssimpFbx$_Rotation" type="NODE">
            <matrix sid="matrix">1.3868001e-06 1 0 0 -1 1.3868001e-06 0 0 0 0 1 0 0 0 0 1</matrix>
            <node id="Motion_aAssimpFbxa_Scaling"  name="Motion_$AssimpFbx$_Scaling" type="NODE">
              <matrix sid="matrix">1 0 0 0 0 1 0 0 0 0 1 0 0 0 0 1</matrix>
              <node id="Motion"  name="Motion" type="NODE">
                <matrix sid="matrix">1 0 0 0 0 1 0 0 0 0 1 0 0 0 0 1</matrix>
                <node id="B_Pelvis"  name="B_Pelvis" type="NODE">
                  <matrix sid="matrix">0.17364933 0.98106015 -0.08583048 0.17328988 0.085832857 0.071745723 0.99372298 -1.2302781e-06 0.98105997 -0.17992638 -0.071748599 106.36485 0 0 0 1</matrix>
                  <node id="B_Spine"  name="B_Spine" type="NODE">
                    <matrix sid="matrix">0.93644613 -0.34900773 -0.035529599 7.6509476 0.33465511 0.85834378 0.38891125 -1.6739216 -0.10523642 -0.3760846 0.92058986 -0.53649855 0 0 0 1</matrix>
                    <node id="B_Spine1"  name="B_Spine1" type="NODE">
                      <matrix sid="matrix">1 0 0 12.747414 0 1 0 -0.014278412 0 0 1 1.9073486e-06 0 0 0 1</matrix>
                      <node id="B_Spine2"  name="B_Spine2" type="NODE">
                        <matrix sid="matrix">1 -2.2308826e-12 1.4901163e-08 17.934158 0 1 0.00014971198 -0.026481628 -1.4901163e-08 -0.00014971198 1 -1.5258789e-05 0 0 0 1</matrix>
                        <node id="B_L_Clavicle"  name="B_L_Clavicle" type="NODE">
                          <matrix sid="matrix">0.069894396 -0.00078433752 0.99755406 17.736847 0.17302074 -0.98483372 -0.012897164 0.073143005 0.98243505 0.17349897 -0.068698652 5.0180168 0 0 0 1</matrix>
                          <node id="B_L_UpperArm"  name="B_L_UpperArm" type="NODE">
                            <matrix sid="matrix">0.65620428 0.26368588 0.7070117 17.464659 -0.57370287 0.78297132 0.24045962 3.8146973e-06 -0.49016416 -0.56340533 0.66506654 0 0 0 0 1</matrix>
                            <node id="B_L_Forearm"  name="B_L_Forearm" type="NODE">
                              <matrix sid="matrix">-0.15866867 0.98072684 0.11401368 27.628174 -0.98733187 -0.15760717 -0.01832287 -3.8146973e-06 -3.576279e-07 -0.11547662 0.99331021 -1.5258789e-05 0 0 0 1</matrix>
                              <node id="B_L_ForeArmTwist"  name="B_L_ForeArmTwist" type="NODE">
                                <matrix sid="matrix">1 6.5738476e-08 -3.073894e-07 11.992634 -2.9802315e-08 0.99331015 0.11547691 -7.6293945e-06 3.129243e-07 -0.11547691 0.99331015 2.2888184e-05 0 0 0 1</matrix>
                                <node id="B_L_Hand"  name="B_L_Hand" type="NODE">
                                  <matrix sid="matrix">0.84099752 -0.29269958 0.45502767 11.992645 -0.46482608 0.039506629 0.88452017 1.5258789e-05 -0.27687529 -0.95538795 -0.10282942 0 0 0 0 1</matrix>
                                  <node id="B_L_Finger0"  name="B_L_Finger0" type="NODE">
                                    <matrix sid="matrix">0.80900657 0.13246374 0.5726794 1.4603271 0.15583238 0.89108139 -0.42625144 1.9355469 -0.5667668 0.43408218 0.70024854 -2.4376564 0 0 0 1</matrix>
                                    <node id="B_L_Finger01"  name="B_L_Finger01" type="NODE">
                                      <matrix sid="matrix">0.80299324 -0.59598809 -1.7528736e-08 3.7140045 0.59598809 0.80299324 7.0496597e-08 -7.6293945e-06 -2.7939675e-08 -6.7055211e-08 1 -1.9073486e-05 0 0 0 1</matrix>
                                      <node id="B_L_Finger02"  name="B_L_Finger02" type="NODE">
                                        <matrix sid="matrix">0.55218446 -0.83372194 -1.0951035e-07 5.5299416 0.83372194 0.55218446 -3.4304044e-09 0 6.3329921e-08 -8.9406967e-08 1 1.9073486e-05 0 0 0 1</matrix>
                                      </node>
                                    </node>
                                  </node>
                                  <node id="B_L_Finger1"  name="B_L_Finger1" type="NODE">
                                    <matrix sid="matrix">0.83557713 -0.53770292 0.1126339 11.625458 0.54502642 0.78561699 -0.29283473 3.1205444 0.068970978 0.30607447 0.94950593 -3.0983543 0 0 0 1</matrix>
                                    <node id="B_L_Finger11"  name="B_L_Finger11" type="NODE">
                                      <matrix sid="matrix">-0.25881925 -0.96592575 9.4572037e-08 4.4568281 0.96592575 -0.25881925 1.796087e-07 0 -1.4901161e-07 1.3783576e-07 1 1.5258789e-05 0 0 0 1</matrix>
                                      <node id="B_L_Finger12"  name="B_L_Finger12" type="NODE">
                                        <matrix sid="matrix">0.57357627 -0.81915212 1.7943538e-07 3.3311615 0.81915212 0.57357627 -1.07451e-07 -1.5258789e-05 -1.4901161e-08 2.0861623e-07 1 -2.2888184e-05 0 0 0 1</matrix>
                                      </node>
                                    </node>
                                  </node>
                                  <node id="B_L_Finger2"  name="B_L_Finger2" type="NODE">
                                    <matrix sid="matrix">0.83099186 -0.55439365 0.045828886 11.814079 0.55566931 0.82337689 -0.11524837 2.4380875 0.026158525 0.12123615 0.99227893 0.83572388 0 0 0 1</matrix>
                                    <node id="B_L_Finger21"  name="B_L_Finger21" type="NODE">
                                      <matrix sid="matrix">-0.62068564 -0.78405952 4.6830354e-07 5.1996279 0.78405952 -0.62068564 1.0465162e-07 1.5258789e-05 2.0861616e-07 4.3213359e-07 1 1.9073486e-05 0 0 0 1</matrix>
                                      <node id="B_L_Finger22"  name="B_L_Finger22" type="NODE">
                                        <matrix sid="matrix">0.44828609 -0.89389014 6.7474986e-08 5.1996307 0.89389014 0.44828609 1.585061e-09 1.5258789e-05 -3.1664968e-08 5.9604666e-08 1 -7.6293945e-06 0 0 0 1</matrix>
                                      </node>
                                    </node>
                                  </node>
                                  <node id="B_L_Finger3"  name="B_L_Finger3" type="NODE">
                                    <matrix sid="matrix">0.75788015 -0.65239376 0.0002971252 11.814072 0.6523937 0.75788021 6.0175524e-05 1.9342346 -0.00026444343 0.00014823675 0.99999994 4.6002426 0 0 0 1</matrix>
                                    <node id="B_L_Finger31"  name="B_L_Finger31" type="NODE">
                                      <matrix sid="matrix">-0.058767218 -0.9982717 -8.6709508e-07 4.4568024 0.9982717 -0.058767218 -1.2452015e-06 0 1.1920926e-06 -9.387735e-07 1 0 0 0 0 1</matrix>
                                      <node id="B_L_Finger32"  name="B_L_Finger32" type="NODE">
                                        <matrix sid="matrix">-0.058767099 -0.9982717 -1.882991e-06 4.4567871 0.9982717 -0.058767099 -1.4841291e-06 -1.7166138e-05 1.3709063e-06 -1.9669546e-06 1 1.1444092e-05 0 0 0 1</matrix>
                                      </node>
                                    </node>
                                  </node>
                                  <node id="B_L_Finger4"  name="B_L_Finger4" type="NODE">
                                    <matrix sid="matrix">0.75836176 -0.63980472 -0.12464937 11.857185 0.63424903 0.76840383 -0.085345127 4.052887 0.15038526 -0.014336256 0.98852354 6.5145302 0 0 0 1</matrix>
                                    <node id="B_L_Finger41"  name="B_L_Finger41" type="NODE">
                                      <matrix sid="matrix">-0.18123181 -0.9834404 -2.0968851e-06 3.3276582 0.9834404 -0.18123181 -3.7501816e-06 0 3.308058e-06 -2.7418137e-06 1 1.1444092e-05 0 0 0 1</matrix>
                                      <node id="B_L_Finger42"  name="B_L_Finger42" type="NODE">
                                        <matrix sid="matrix">0.0019771603 -0.99999803 -2.271335e-06 3.3276672 0.99999803 0.0019771603 -3.2141666e-06 -2.2888184e-05 3.218651e-06 -2.2649758e-06 1 -1.5258789e-05 0 0 0 1</matrix>
                                      </node>
                                    </node>
                                  </node>
                                </node>
                              </node>
                            </node>
                          </node>
                        </node>
                        <node id="B_R_Clavicle"  name="B_R_Clavicle" type="NODE">
                          <matrix sid="matrix">0.069894344 -0.00078356266 -0.99755412 17.736847 0.17331855 -0.98478115 0.012917221 0.074661255 -0.98238254 -0.17379747 -0.06869483 -5.0179615 0 0 0 1</matrix>
                          <node id="B_R_UpperArm"  name="B_R_UpperArm" type="NODE">
                            <matrix sid="matrix">0.25870138 0.22421461 -0.9395752 17.464649 0.19753368 0.93985307 0.2786696 1.1444092e-05 0.9455443 -0.25768995 0.19885132 -1.5258789e-05 0 0 0 1</matrix>
                            <node id="B_R_Forearm"  name="B_R_Forearm" type="NODE">
                              <matrix sid="matrix">-0.25204346 0.96107948 -0.11313809 27.628197 -0.96771592 -0.25031498 0.029467069 -1.5258789e-05 3.7252899e-08 0.11691251 0.99314219 0 0 0 0 1</matrix>
                              <node id="B_R_ForeArmTwist"  name="B_R_ForeArmTwist" type="NODE">
                                <matrix sid="matrix">1 -2.1776663e-09 -1.8498719e-08 11.992622 0 0.99314219 -0.11691254 -2.2888184e-05 1.8626455e-08 0.11691254 0.99314219 0 0 0 0 1</matrix>
                                <node id="B_R_Hand"  name="B_R_Hand" type="NODE">
                                  <matrix sid="matrix">0.93506563 -0.16567811 -0.31337371 11.992653 -0.32684875 -0.060821373 -0.94311756 -7.6293945e-06 0.13719411 0.98430258 -0.11102366 -1.7166138e-05 0 0 0 1</matrix>
                                  <node id="B_R_Finger0"  name="B_R_Finger0" type="NODE">
                                    <matrix sid="matrix">0.80900663 0.13246378 -0.5726794 1.4603167 0.15583235 0.89108139 0.42625147 1.9355488 0.5667668 -0.43408221 0.7002486 2.4376678 0 0 0 1</matrix>
                                    <node id="B_R_Finger01"  name="B_R_Finger01" type="NODE">
                                      <matrix sid="matrix">0.80299318 -0.59598827 -2.6829215e-07 3.7140198 0.59598827 0.80299318 -1.3558463e-08 -1.5258789e-05 2.2351745e-07 -1.4901161e-07 1 0 0 0 0 1</matrix>
                                      <node id="B_R_Finger02"  name="B_R_Finger02" type="NODE">
                                        <matrix sid="matrix">0.55218464 -0.83372188 6.6474584e-08 5.5299377 0.83372188 0.55218464 -1.1551919e-07 0 5.9604616e-08 1.1920923e-07 1 3.0517578e-05 0 0 0 1</matrix>
                                      </node>
                                    </node>
                                  </node>
                                  <node id="B_R_Finger1"  name="B_R_Finger1" type="NODE">
                                    <matrix sid="matrix">0.83557707 -0.5377031 -0.11263376 11.625458 0.54502654 0.78561687 0.29283482 3.1205578 -0.068971202 -0.30607447 0.94950593 3.0983429 0 0 0 1</matrix>
                                    <node id="B_R_Finger11"  name="B_R_Finger11" type="NODE">
                                      <matrix sid="matrix">-0.25881937 -0.96592575 -9.7861374e-08 4.4568157 0.96592575 -0.25881937 -3.7792024e-08 0 1.1175869e-08 -1.0430813e-07 1 -7.6293945e-06 0 0 0 1</matrix>
                                      <node id="B_R_Finger12"  name="B_R_Finger12" type="NODE">
                                        <matrix sid="matrix">0.57357639 -0.81915206 2.2891275e-07 3.3311386 0.81915206 0.57357639 1.5805531e-07 -5.7220459e-06 -2.6077029e-07 9.6857555e-08 1 0 0 0 0 1</matrix>
                                      </node>
                                    </node>
                                  </node>
                                  <node id="B_R_Finger2"  name="B_R_Finger2" type="NODE">
                                    <matrix sid="matrix">0.83099163 -0.55439395 -0.045829117 11.814064 0.55566961 0.82337672 0.11524828 2.4381275 -0.026158318 -0.1212362 0.99227893 -0.83572388 0 0 0 1</matrix>
                                    <node id="B_R_Finger21"  name="B_R_Finger21" type="NODE">
                                      <matrix sid="matrix">-0.62068564 -0.78405952 -1.4037656e-07 5.1995974 0.78405952 -0.62068564 2.1909571e-08 -1.5258789e-05 -1.0430811e-07 -9.6464611e-08 1 -4.5776367e-05 0 0 0 1</matrix>
                                      <node id="B_R_Finger22"  name="B_R_Finger22" type="NODE">
                                        <matrix sid="matrix">0.44828629 -0.89389002 -1.6620021e-08 5.199604 0.89389002 0.44828629 3.3339973e-08 1.9073486e-06 -2.2351744e-08 -2.9802326e-08 1 1.5258789e-05 0 0 0 1</matrix>
                                      </node>
                                    </node>
                                  </node>
                                  <node id="B_R_Finger3"  name="B_R_Finger3" type="NODE">
                                    <matrix sid="matrix">0.75788021 -0.65239364 -0.00029827494 11.814077 0.65239364 0.75788027 -5.9513688e-05 1.934269 0.00026488304 -0.00014948842 0.99999994 -4.6002655 0 0 0 1</matrix>
                                    <node id="B_R_Finger31"  name="B_R_Finger31" type="NODE">
                                      <matrix sid="matrix">-0.058767218 -0.9982717 3.5027987e-09 4.4567881 0.9982717 -0.058767218 -5.9501623e-08 -9.5367432e-06 5.9604638e-08 0 1 0 0 0 0 1</matrix>
                                      <node id="B_R_Finger32"  name="B_R_Finger32" type="NODE">
                                        <matrix sid="matrix">-0.058767337 -0.9982717 6.6655866e-07 4.4568253 0.9982717 -0.058767337 -1.6600605e-07 7.1525574e-06 2.0489101e-07 6.5565092e-07 1 -7.6293945e-06 0 0 0 1</matrix>
                                      </node>
                                    </node>
                                  </node>
                                  <node id="B_R_Finger4"  name="B_R_Finger4" type="NODE">
                                    <matrix sid="matrix">0.75836176 -0.6398049 0.12464764 11.857231 0.63424897 0.76840359 0.085346788 4.0528793 -0.15038501 0.014333894 0.98852354 -6.5145721 0 0 0 1</matrix>
                                    <node id="B_R_Finger41"  name="B_R_Finger41" type="NODE">
                                      <matrix sid="matrix">-0.18123123 -0.98344052 3.1540634e-07 3.3276711 0.98344052 -0.18123123 7.5511934e-07 3.0517578e-05 -6.8545347e-07 4.4703458e-07 1 3.0517578e-05 0 0 0 1</matrix>
                                      <node id="B_R_Finger42"  name="B_R_Finger42" type="NODE">
                                        <matrix sid="matrix">0.0019766835 -0.99999803 2.6960464e-07 3.3277054 0.99999803 0.0019766835 6.9982309e-07 3.4332275e-05 -7.0035463e-07 2.6822079e-07 1 -1.5258789e-05 0 0 0 1</matrix>
                                      </node>
                                    </node>
                                  </node>
                                </node>
                              </node>
                            </node>
                          </node>
                        </node>
                        <node id="B_Neck"  name="B_Neck" type="NODE">
                          <matrix sid="matrix">0.83446717 0.54374909 -0.089450851 27.033615 -0.54303557 0.83901006 0.034270771 1.1293716 0.09368486 0.019977158 0.99540144 1.9073486e-05 0 0 0 1</matrix>
                          <node id="B_Head"  name="B_Head" type="NODE">
                            <matrix sid="matrix">0.90486145 -0.32604319 0.273718 10.019333 0.3973949 0.8774966 -0.26847166 1.4083138 -0.15265323 0.35170379 0.92358077 3.8146973e-06 0 0 0 1</matrix>
                          </node>
                        </node>
                      </node>
                    </node>
                  </node>
                  <node id="B_L_Thigh"  name="B_L_Thigh" type="NODE">
                    <matrix sid="matrix">-0.98106098 -0.13754041 -0.13638911 0 -0.14792264 0.98658109 0.069113657 2.0980835e-05 0.12505299 0.087979749 -0.98824155 11.161451 0 0 0 1</matrix>
                    <node id="B_L_Calf"  name="B_L_Calf" type="NODE">
                      <matrix sid="matrix">0.71755862 0.69649816 6.6917437e-07 50.282753 -0.69649816 0.71755862 7.7816512e-06 -3.8146973e-06 4.939734e-06 -6.0498696e-06 1 3.8146973e-06 0 0 0 1</matrix>
                      <node id="B_L_Foot"  name="B_L_Foot" type="NODE">
                        <matrix sid="matrix">0.96986169 -0.22765064 0.086853176 39.728127 0.2376276 0.96253467 -0.13061409 -7.6293945e-06 -0.053864818 0.14731631 0.98762161 -5.7220459e-06 0 0 0 1</matrix>
                        <node id="B_L_Toe0"  name="B_L_Toe0" type="NODE">
                          <matrix sid="matrix">-4.3711388e-08 -1 -5.657785e-08 18.214445 1 -4.3711388e-08 -2.4730963e-15 14.545959 0 -5.657785e-08 1 0.02064991 0 0 0 1</matrix>
                        </node>
                      </node>
                    </node>
                  </node>
                  <node id="B_R_Thigh"  name="B_R_Thigh" type="NODE">
                    <matrix sid="matrix">-0.63491726 0.77256554 -0.004755199 0 0.75825876 0.62195635 -0.19548386 -9.5367432e-06 -0.14806657 -0.12772174 -0.98069537 -11.161451 0 0 0 1</matrix>
                    <node id="B_R_Calf"  name="B_R_Calf" type="NODE">
                      <matrix sid="matrix">-0.29973754 0.95402169 -1.104363e-07 50.282761 -0.95402169 -0.29973754 -4.77605e-06 7.6293945e-06 -4.5895572e-06 -1.3262028e-06 1 0 0 0 0 1</matrix>
                      <node id="B_R_Foot"  name="B_R_Foot" type="NODE">
                        <matrix sid="matrix">0.88908547 0.36104387 0.28137946 39.728134 -0.37462261 0.9271583 -0.0059469119 -3.8146973e-06 -0.26303041 -0.1001238 0.95957816 5.7220459e-06 0 0 0 1</matrix>
                        <node id="B_R_Toe0"  name="B_R_Toe0" type="NODE">
                          <matrix sid="matrix">-0.30901694 -0.95105654 1.0717957e-07 18.214439 0.95105654 -0.30901694 1.0337229e-07 14.545952 -6.5192587e-08 1.3387762e-07 1 -0.020651817 0 0 0 1</matrix>
                        </node>
                      </node>
                    </node>
                  </node>
                </node>
              </node>
            </node>
          </node>
        </node>
      </node>
      <node id="Exporter_aAssimpFbxa_PreRotation"  name="Exporter_$AssimpFbx$_PreRotation" type="NODE">
        <matrix sid="matrix">1 0 0 0 0 -4.3711388e-08 1 0 0 -1 -4.3711388e-08 0 0 0 0 1</matrix>
        <node id="Exporter"  name="Exporter" type="NODE">
          <matrix sid="matrix">1 0 0 0 0 1 0 0 0 0 1 0 0 0 0 1</matrix>
        </node>
      </node>
    </visual_scene>
  </library_visual_scenes>
  <library_animations>
    <animation id="TakeW001AnimId0" name="Take 001">
      <source id="B_Head_matrix-input" name="B_Head_matrix-input">
        <float_array id="B_Head_matrix-input-array" count="17"> 0 1 2 3 4 5 6 7 8 9 10 11 12 13 14 15 16 </float_array>
        <technique_common>
          <accessor count="17" offset="0" source="#B_Head_matrix-input-array" stride="1">
            <param name="TIME" type="float" />
          </accessor>
        </technique_common>
      </source>
      <source id="B_Head_matrix-output" name="B_Head_matrix-output">
        <float_array id="B_Head_matrix-output-array" count="272"> 0.90486121 -0.32604316 0.27371794 10.019333 0.39739481 0.87749636 -0.26847166 1.4083138 -0.1526532 0.3517037 0.92358071 3.8146973e-06 0 0 0 1 0.89509302 -0.36152133 0.26098031 10.019302 0.42081603 0.87842655 -0.22645263 1.4083176 -0.14738454 0.31252089 0.93840754 0 0 0 0 1 0.87028402 -0.43977341 0.22182195 10.019302 0.47337997 0.87121058 -0.1300135 1.4083252 -0.13607715 0.21815479 0.96638042 0 0 0 0 1 0.84248137 -0.51547575 0.15655534 10.019302 0.52456534 0.85112429 -0.020457087 1.4083176 -0.12270293 0.099358231 0.98745722 1.9073486e-06 0 0 0 1 0.82898569 -0.55202967 0.08969862 10.019318 0.5479275 0.83379644 0.067519754 1.4083099 -0.11206331 -0.0068245693 0.99367762 0 0 0 0 1 0.84364343 -0.53598571 0.031383138 10.019302 0.52656996 0.83740377 0.14655617 1.4083252 -0.1048324 -0.10711572 0.98870438 0 0 0 0 1 0.87360263 -0.48631227 -0.017856089 10.019318 0.47653317 0.84744388 0.23399788 1.4083557 -0.098664016 -0.2129302 0.97207302 -3.8146973e-06 0 0 0 1 0.90081769 -0.43195608 -0.04406498 10.019287 0.42380142 0.85263401 0.3056272 1.4083405 -0.094446227 -0.29398924 0.95113099 -3.8146973e-06 0 0 0 1 0.91193801 -0.40734607 -0.049380235 10.019302 0.39940873 0.85364014 0.33432186 1.4083099 -0.094031759 -0.32460365 0.94116443 -1.5258789e-05 0 0 0 1 0.89913386 -0.43604222 -0.037758615 10.019318 0.42614532 0.8525151 0.30268484 1.4083557 -0.099793598 -0.28824478 0.95234239 -1.5258789e-05 0 0 0 1 0.8692928 -0.49427894 -0.0043341517 10.019318 0.48205683 0.84579301 0.22859497 1.4082947 -0.1093239 -0.20080526 0.97351199 0 0 0 0 1 0.83616245 -0.54612458 0.050796635 10.019318 0.53546292 0.83286518 0.14005344 1.4082947 -0.11879338 -0.089907706 0.98884004 3.8146973e-06 0 0 0 1 0.81943959 -0.56223524 0.11140135 10.019287 0.55907589 0.82688361 0.060807776 1.4083557 -0.12630421 0.012453515 0.99191338 1.9073486e-06 0 0 0 1 0.83356076 -0.52377552 0.17560005 10.01931 0.53594321 0.84381664 -0.027168281 1.4082947 -0.13394417 0.11675807 0.98408663 -5.7220459e-06 0 0 0 1 0.86414242 -0.44513911 0.23475409 10.019302 0.48258251 0.86527801 -0.13567793 1.4082642 -0.14273196 0.23053326 0.96253949 -1.1444092e-05 0 0 0 1 0.8923713 -0.36394814 0.26686171 10.019318 0.42562914 0.87530106 -0.22953823 1.4082947 -0.15004434 0.31841746 0.93600041 7.6293945e-06 0 0 0 1 0.90486121 -0.32604316 0.27371794 10.019318 0.39739481 0.87749636 -0.26847166 1.4083557 -0.1526532 0.3517037 0.92358071 0 0 0 0 1 </float_array>
        <technique_common>
          <accessor count="17" offset="0" source="#B_Head_matrix-output-array" stride="16">
            <param name="TRANSFORM" type="float4x4" />
          </accessor>
        </technique_common>
      </source>
      <source id="B_Head_matrix-interpolation">
        <Name_array id="B_Head_matrix-interpolation-array" count="17"> LINEAR LINEAR LINEAR LINEAR LINEAR LINEAR LINEAR LINEAR LINEAR LINEAR LINEAR LINEAR LINEAR LINEAR LINEAR LINEAR LINEAR </Name_array>
        <technique_common>
          <accessor source="#B_Head_matrix-interpolation-array" count="17" stride="1">
            <param name="INTERPOLATION" type="name"></param>
          </accessor>
        </technique_common>
      </source>
      <source id="B_L_Calf_matrix-input" name="B_L_Calf_matrix-input">
        <float_array id="B_L_Calf_matrix-input-array" count="17"> 0 1 2 3 4 5 6 7 8 9 10 11 12 13 14 15 16 </float_array>
        <technique_common>
          <accessor count="17" offset="0" source="#B_L_Calf_matrix-input-array" stride="1">
            <param name="TIME" type="float" />
          </accessor>
        </technique_common>
      </source>
      <source id="B_L_Calf_matrix-output" name="B_L_Calf_matrix-output">
        <float_array id="B_L_Calf_matrix-output-array" count="272"> 0.7175588 0.69649833 6.6917437e-07 50.282753 -0.69649833 0.7175588 7.7816512e-06 -3.8146973e-06 4.9397354e-06 -6.049871e-06 1 3.8146973e-06 0 0 0 1 0.60482442 0.79635912 7.7286518e-07 50.282753 -0.79635912 0.60482442 7.6669867e-06 0 5.6382273e-06 -5.2526593e-06 1 3.8146973e-06 0 0 0 1 0.48714817 0.87331945 8.2003498e-07 50.282738 -0.87331933 0.48714823 7.5688276e-06 1.9073486e-06 6.210525e-06 -4.4032936e-06 1 3.8146973e-06 0 0 0 1 0.27145055 0.96245259 9.0322703e-07 50.282745 -0.96245229 0.27145064 7.3921756e-06 -7.6293945e-06 6.8694344e-06 -2.8759237e-06 1.0000001 3.8146973e-06 0 0 0 1 -0.029278759 0.99957168 9.3795143e-07 50.282753 -0.99957144 -0.029278766 7.0834285e-06 -7.6293945e-06 7.1078543e-06 -7.301565e-07 1 0 0 0 0 1 -0.17872958 0.98389864 9.1453126e-07 50.282753 -0.98389852 -0.17872959 6.9520311e-06 0 7.0035467e-06 3.4272773e-07 1 3.8146973e-06 0 0 0 1 -0.31499192 0.94909459 8.7226749e-07 50.282745 -0.94909459 -0.31499192 6.8384861e-06 1.5258789e-05 6.7651281e-06 1.3262037e-06 1 1.9073486e-06 0 0 0 1 -0.41480258 0.90991187 8.6183559e-07 50.282749 -0.90991193 -0.41480252 6.7042765e-06 0 6.4577921e-06 1.9967561e-06 1 3.8146973e-06 0 0 0 1 -0.29973811 0.95402211 8.9718174e-07 50.282776 -0.95402187 -0.2997382 6.8327172e-06 0 6.7874807e-06 1.1920941e-06 1 3.3378601e-06 0 0 0 1 0.038761433 0.99924856 9.6064366e-07 50.282745 -0.9992485 0.038761437 7.1430081e-06 0 7.1004038e-06 -1.2367957e-06 0.99999994 1.9073486e-06 0 0 0 1 0.6645959 0.74720335 7.2199293e-07 50.282776 -0.74720341 0.66459584 7.7168024e-06 -1.5258789e-05 5.2861874e-06 -5.6680296e-06 1.0000001 5.7220459e-06 0 0 0 1 0.74779886 0.66392547 6.3395851e-07 50.28273 -0.66392547 0.74779886 7.8063586e-06 0 4.7087674e-06 -6.2584877e-06 1 1.9073486e-06 0 0 0 1 0.58219987 0.81304586 7.8012908e-07 50.282776 -0.81304586 0.58219987 7.6536926e-06 3.0517578e-05 5.768612e-06 -5.0902595e-06 1 3.8146973e-06 0 0 0 1 0.54968905 0.83536977 7.9861513e-07 50.282753 -0.83536977 0.54968905 7.6160313e-06 0 5.9232116e-06 -4.8535876e-06 1.0000001 3.8146973e-06 0 0 0 1 0.67253119 0.74006915 7.0708256e-07 50.282738 -0.74006915 0.67253119 7.7425975e-06 -3.0517578e-05 5.254522e-06 -5.7304278e-06 1 2.6226044e-06 0 0 0 1 0.72422868 0.68955994 6.6811384e-07 50.282745 -0.68955988 0.72422874 7.7842733e-06 3.0517578e-05 4.8838556e-06 -6.0983002e-06 0.99999994 3.8146973e-06 0 0 0 1 0.71755582 0.69650108 6.7454971e-07 50.282761 -0.69650084 0.71755606 7.7764607e-06 0 4.9322839e-06 -6.049871e-06 1 3.8146973e-06 0 0 0 1 </float_array>
        <technique_common>
          <accessor count="17" offset="0" source="#B_L_Calf_matrix-output-array" stride="16">
            <param name="TRANSFORM" type="float4x4" />
          </accessor>
        </technique_common>
      </source>
      <source id="B_L_Calf_matrix-interpolation">
        <Name_array id="B_L_Calf_matrix-interpolation-array" count="17"> LINEAR LINEAR LINEAR LINEAR LINEAR LINEAR LINEAR LINEAR LINEAR LINEAR LINEAR LINEAR LINEAR LINEAR LINEAR LINEAR LINEAR </Name_array>
        <technique_common>
          <accessor source="#B_L_Calf_matrix-interpolation-array" count="17" stride="1">
            <param name="INTERPOLATION" type="name"></param>
          </accessor>
        </technique_common>
      </source>
      <source id="B_L_Clavicle_matrix-input" name="B_L_Clavicle_matrix-input">
        <float_array id="B_L_Clavicle_matrix-input-array" count="17"> 0 1 2 3 4 5 6 7 8 9 10 11 12 13 14 15 16 </float_array>
        <technique_common>
          <accessor count="17" offset="0" source="#B_L_Clavicle_matrix-input-array" stride="1">
            <param name="TIME" type="float" />
          </accessor>
        </technique_common>
      </source>
      <source id="B_L_Clavicle_matrix-output" name="B_L_Clavicle_matrix-output">
        <float_array id="B_L_Clavicle_matrix-output-array" count="272"> 0.069894373 -0.00078434485 0.99755412 17.736847 0.17302075 -0.9848336 -0.012897171 0.073143005 0.98243505 0.17349897 -0.068698645 5.0180168 0 0 0 1 0.069894373 -0.00078421825 0.99755412 17.736862 0.17302072 -0.98483366 -0.012897044 0.073143005 0.98243505 0.17349894 -0.068698645 5.0180178 0 0 0 1 0.069894247 -0.00078449387 0.99755412 17.736847 0.17302077 -0.98483372 -0.012897304 0.073135376 0.98243505 0.173499 -0.068698637 5.0180149 0 0 0 1 0.069894373 -0.00078434485 0.99755412 17.736847 0.17302075 -0.9848336 -0.012897171 0.073143005 0.98243505 0.17349897 -0.068698645 5.0180168 0 0 0 1 0.069894373 -0.00078435231 0.99755412 17.736847 0.17302075 -0.98483354 -0.012897179 0.073135376 0.98243505 0.17349897 -0.068698645 5.0180159 0 0 0 1 0.069894381 -0.0007844494 0.99755412 17.736877 0.17302077 -0.98483384 -0.012897275 0.073143005 0.98243517 0.173499 -0.068698645 5.0180187 0 0 0 1 0.069894247 -0.00078427768 0.99755412 17.736832 0.17302063 -0.98483354 -0.012897088 0.073143005 0.98243499 0.17349884 -0.068698637 5.0180168 0 0 0 1 0.069894247 -0.00078425539 0.99755418 17.736832 0.17302074 -0.9848336 -0.012897067 0.073150635 0.98243505 0.17349894 -0.068698645 5.018013 0 0 0 1 0.069894373 -0.00078421819 0.99755412 17.736847 0.17302072 -0.9848336 -0.012897044 0.073150635 0.98243505 0.17349894 -0.068698645 5.018013 0 0 0 1 0.069894254 -0.00078422565 0.99755412 17.736862 0.17302072 -0.98483372 -0.012897036 0.073150635 0.98243511 0.17349894 -0.068698637 5.0180168 0 0 0 1 0.069894373 -0.00078446401 0.99755412 17.736877 0.17302075 -0.98483348 -0.01289729 0.073150635 0.98243505 0.17349894 -0.068698645 5.018013 0 0 0 1 0.069894254 -0.00078435236 0.99755412 17.736862 0.17302075 -0.98483378 -0.012897163 0.073104858 0.98243511 0.17349899 -0.068698637 5.0180168 0 0 0 1 0.069894381 -0.00078434509 0.99755424 17.736847 0.17302077 -0.98483384 -0.012897173 0.073150635 0.98243517 0.173499 -0.068698652 5.0180159 0 0 0 1 0.069894373 -0.00078441197 0.99755412 17.736877 0.17302075 -0.98483366 -0.012897246 0.073120117 0.98243505 0.173499 -0.068698645 5.0180149 0 0 0 1 0.069894373 -0.00078441197 0.99755424 17.736877 0.17302075 -0.98483366 -0.012897247 0.073181152 0.98243505 0.173499 -0.068698652 5.0180168 0 0 0 1 0.069894373 -0.00078446406 0.99755412 17.736847 0.17302075 -0.98483354 -0.01289729 0.073150635 0.98243505 0.17349896 -0.068698645 5.0180206 0 0 0 1 0.069894373 -0.00078434485 0.99755412 17.736847 0.17302075 -0.9848336 -0.012897171 0.0730896 0.98243505 0.17349897 -0.068698645 5.0180054 0 0 0 1 </float_array>
        <technique_common>
          <accessor count="17" offset="0" source="#B_L_Clavicle_matrix-output-array" stride="16">
            <param name="TRANSFORM" type="float4x4" />
          </accessor>
        </technique_common>
      </source>
      <source id="B_L_Clavicle_matrix-interpolation">
        <Name_array id="B_L_Clavicle_matrix-interpolation-array" count="17"> LINEAR LINEAR LINEAR LINEAR LINEAR LINEAR LINEAR LINEAR LINEAR LINEAR LINEAR LINEAR LINEAR LINEAR LINEAR LINEAR LINEAR </Name_array>
        <technique_common>
          <accessor source="#B_L_Clavicle_matrix-interpolation-array" count="17" stride="1">
            <param name="INTERPOLATION" type="name"></param>
          </accessor>
        </technique_common>
      </source>
      <source id="B_L_Finger0_matrix-input" name="B_L_Finger0_matrix-input">
        <float_array id="B_L_Finger0_matrix-input-array" count="17"> 0 1 2 3 4 5 6 7 8 9 10 11 12 13 14 15 16 </float_array>
        <technique_common>
          <accessor count="17" offset="0" source="#B_L_Finger0_matrix-input-array" stride="1">
            <param name="TIME" type="float" />
          </accessor>
        </technique_common>
      </source>
      <source id="B_L_Finger0_matrix-output" name="B_L_Finger0_matrix-output">
        <float_array id="B_L_Finger0_matrix-output-array" count="272"> 0.80900651 0.13246371 0.57267952 1.4603271 0.15583238 0.89108109 -0.4262515 1.9355469 -0.56676674 0.43408215 0.7002486 -2.4376564 0 0 0 1 0.80900639 0.13246405 0.5726797 1.4603271 0.15583226 0.89108133 -0.42625162 1.9355469 -0.5667671 0.43408218 0.70024842 -2.4376602 0 0 0 1 0.80900657 0.13246383 0.57267958 1.4603271 0.15583238 0.89108145 -0.42625165 1.9355469 -0.56676686 0.4340823 0.70024872 -2.4376602 0 0 0 1 0.80900669 0.13246359 0.57267958 1.4603348 0.15583253 0.89108139 -0.42625144 1.9355545 -0.56676686 0.43408221 0.70024878 -2.4376678 0 0 0 1 0.80900675 0.13246381 0.57267958 1.4603424 0.15583244 0.89108133 -0.42625165 1.9355316 -0.56676698 0.4340823 0.70024872 -2.4376678 0 0 0 1 0.80900663 0.13246371 0.5726797 1.4603271 0.15583248 0.89108151 -0.4262515 1.9355545 -0.56676692 0.43408227 0.70024872 -2.4376526 0 0 0 1 0.80900639 0.13246365 0.57267964 1.4603271 0.15583257 0.89108151 -0.42625129 1.9355469 -0.56676692 0.43408227 0.70024848 -2.4376678 0 0 0 1 0.80900633 0.13246359 0.57267964 1.4603424 0.1558326 0.89108151 -0.42625138 1.9355431 -0.56676686 0.4340823 0.70024854 -2.4376831 0 0 0 1 0.80900651 0.13246377 0.57267958 1.4603424 0.15583242 0.89108145 -0.42625153 1.9355469 -0.56676674 0.4340823 0.70024866 -2.4376678 0 0 0 1 0.80900633 0.13246371 0.5726797 1.4603424 0.15583244 0.89108139 -0.42625141 1.9355469 -0.56676686 0.43408212 0.70024866 -2.4376831 0 0 0 1 0.80900657 0.13246366 0.57267964 1.4603119 0.1558325 0.89108163 -0.42625147 1.9355469 -0.5667668 0.43408227 0.70024878 -2.4376678 0 0 0 1 0.80900675 0.13246389 0.5726794 1.4603119 0.15583231 0.89108145 -0.42625162 1.9355469 -0.5667668 0.43408233 0.70024872 -2.4376678 0 0 0 1 0.80900651 0.13246353 0.57267958 1.4602966 0.15583253 0.89108139 -0.42625138 1.9355469 -0.56676674 0.43408221 0.70024878 -2.4376678 0 0 0 1 0.80900645 0.13246374 0.57267952 1.4602966 0.15583235 0.89108151 -0.42625144 1.9355469 -0.56676668 0.43408224 0.70024866 -2.4376678 0 0 0 1 0.80900633 0.1324641 0.57267958 1.4603271 0.15583216 0.89108121 -0.42625168 1.9355774 -0.56676698 0.43408215 0.7002486 -2.4376526 0 0 0 1 0.80900663 0.1324639 0.57267958 1.4603271 0.15583234 0.89108133 -0.42625159 1.9355469 -0.56676698 0.43408224 0.70024866 -2.4376373 0 0 0 1 0.80900651 0.13246371 0.57267952 1.4603271 0.15583238 0.89108109 -0.4262515 1.9355164 -0.56676674 0.43408215 0.7002486 -2.4376678 0 0 0 1 </float_array>
        <technique_common>
          <accessor count="17" offset="0" source="#B_L_Finger0_matrix-output-array" stride="16">
            <param name="TRANSFORM" type="float4x4" />
          </accessor>
        </technique_common>
      </source>
      <source id="B_L_Finger0_matrix-interpolation">
        <Name_array id="B_L_Finger0_matrix-interpolation-array" count="17"> LINEAR LINEAR LINEAR LINEAR LINEAR LINEAR LINEAR LINEAR LINEAR LINEAR LINEAR LINEAR LINEAR LINEAR LINEAR LINEAR LINEAR </Name_array>
        <technique_common>
          <accessor source="#B_L_Finger0_matrix-interpolation-array" count="17" stride="1">
            <param name="INTERPOLATION" type="name"></param>
          </accessor>
        </technique_common>
      </source>
      <source id="B_L_Finger01_matrix-input" name="B_L_Finger01_matrix-input">
        <float_array id="B_L_Finger01_matrix-input-array" count="17"> 0 1 2 3 4 5 6 7 8 9 10 11 12 13 14 15 16 </float_array>
        <technique_common>
          <accessor count="17" offset="0" source="#B_L_Finger01_matrix-input-array" stride="1">
            <param name="TIME" type="float" />
          </accessor>
        </technique_common>
      </source>
      <source id="B_L_Finger01_matrix-output" name="B_L_Finger01_matrix-output">
        <float_array id="B_L_Finger01_matrix-output-array" count="272"> 0.8029933 -0.59598815 -1.7528732e-08 3.7140045 0.59598809 0.80299342 7.0496576e-08 -7.6293945e-06 -2.7939674e-08 -6.7055218e-08 0.9999997 -1.9073486e-05 0 0 0 1 0.80299312 -0.59598821 -5.3156306e-08 3.7140045 0.59598821 0.80299306 2.3176886e-08 0 2.8871005e-08 -5.0291419e-08 0.9999997 -3.0517578e-05 0 0 0 1 0.80299336 -0.59598809 -8.310608e-08 3.7140045 0.59598821 0.80299312 6.8217112e-08 -7.6293945e-06 2.6077037e-08 -1.0430812e-07 0.99999982 -2.2888184e-05 0 0 0 1 0.80299348 -0.59598804 8.3385757e-08 3.7140045 0.59598804 0.80299348 -1.2338478e-08 7.6293945e-06 -5.9604645e-08 5.9604645e-08 0.99999976 -1.9073486e-05 0 0 0 1 0.80299306 -0.59598821 -9.4605447e-08 3.7140045 0.59598815 0.80299318 1.5246725e-07 1.5258789e-05 -1.4901159e-08 -1.7881393e-07 0.99999976 -3.0517578e-05 0 0 0 1 0.80299336 -0.59598804 4.7489177e-08 3.7140045 0.59598821 0.80299312 -3.8981206e-08 0 -1.4901161e-08 5.9604641e-08 0.99999964 -3.8146973e-05 0 0 0 1 0.80299342 -0.59598804 -1.131131e-07 3.7139893 0.59598809 0.8029933 2.7388626e-08 0 7.4505799e-08 -8.9406967e-08 0.99999976 -1.5258789e-05 0 0 0 1 0.80299354 -0.59598792 -9.5351275e-08 3.713974 0.59598798 0.80299342 3.4575813e-09 0 7.4505799e-08 -5.9604641e-08 0.99999964 -4.5776367e-05 0 0 0 1 0.80299336 -0.59598804 -5.3285483e-08 3.7140045 0.59598821 0.80299312 7.1793181e-08 -7.6293945e-06 -1.7763571e-15 -8.9406967e-08 0.99999976 -3.0517578e-05 0 0 0 1 0.8029933 -0.59598804 -6.5437469e-08 3.7139893 0.59598809 0.80299324 2.5659842e-08 7.6293945e-06 3.7252899e-08 -5.9604645e-08 0.9999997 -2.2888184e-05 0 0 0 1 0.8029933 -0.59598804 -1.0395249e-07 3.7140198 0.59598809 0.80299324 7.1301713e-08 -1.5258789e-05 4.0978193e-08 -1.1920928e-07 0.99999964 -7.6293945e-06 0 0 0 1 0.80299336 -0.59598809 6.5857137e-08 3.7140503 0.59598821 0.80299312 4.8879709e-08 0 -8.2014587e-08 -1.7763566e-15 0.99999976 -2.2888184e-05 0 0 0 1 0.8029933 -0.59598804 -4.4124857e-08 3.7139587 0.59598809 0.80299324 1.1570628e-07 0 -3.3527613e-08 -1.1920929e-07 0.99999958 -1.5258789e-05 0 0 0 1 0.80299318 -0.59598798 6.5251001e-08 3.7140198 0.59598804 0.80299318 -6.2912257e-08 0 -1.4901165e-08 8.9406953e-08 0.99999964 0 0 0 0 1 0.8029933 -0.59598821 -9.4978347e-08 3.7140045 0.59598827 0.80299318 7.796239e-08 0 2.9802322e-08 -1.1920928e-07 0.9999997 0 0 0 0 1 0.80299342 -0.59598815 -8.8342951e-09 3.7140045 0.59598827 0.80299324 2.1278632e-08 0 -5.5879359e-09 -2.235174e-08 0.99999964 0 0 0 0 1 0.8029933 -0.59598815 -1.7528732e-08 3.7140045 0.59598809 0.80299342 7.0496576e-08 -3.0517578e-05 -2.7939674e-08 -6.7055218e-08 0.9999997 3.0517578e-05 0 0 0 1 </float_array>
        <technique_common>
          <accessor count="17" offset="0" source="#B_L_Finger01_matrix-output-array" stride="16">
            <param name="TRANSFORM" type="float4x4" />
          </accessor>
        </technique_common>
      </source>
      <source id="B_L_Finger01_matrix-interpolation">
        <Name_array id="B_L_Finger01_matrix-interpolation-array" count="17"> LINEAR LINEAR LINEAR LINEAR LINEAR LINEAR LINEAR LINEAR LINEAR LINEAR LINEAR LINEAR LINEAR LINEAR LINEAR LINEAR LINEAR </Name_array>
        <technique_common>
          <accessor source="#B_L_Finger01_matrix-interpolation-array" count="17" stride="1">
            <param name="INTERPOLATION" type="name"></param>
          </accessor>
        </technique_common>
      </source>
      <source id="B_L_Finger02_matrix-input" name="B_L_Finger02_matrix-input">
        <float_array id="B_L_Finger02_matrix-input-array" count="17"> 0 1 2 3 4 5 6 7 8 9 10 11 12 13 14 15 16 </float_array>
        <technique_common>
          <accessor count="17" offset="0" source="#B_L_Finger02_matrix-input-array" stride="1">
            <param name="TIME" type="float" />
          </accessor>
        </technique_common>
      </source>
      <source id="B_L_Finger02_matrix-output" name="B_L_Finger02_matrix-output">
