<?xml version="1.0" encoding="UTF-8" standalone="no" ?>
<COLLADA xmlns="http://www.collada.org/2005/11/COLLADASchema" version="1.4.1">
  <asset>
    <contributor>
      <author>Assimp</author>
      <authoring_tool>FBX SDK/FBX Plugins version 2013.1</authoring_tool>
    </contributor>
    <created>2020-08-21T13:47:38</created>
    <modified>2020-08-21T13:47:38</modified>
    <unit name="meter" meter="1" />
    <up_axis>Y_UP</up_axis>
  </asset>
  <library_geometries>
  </library_geometries>
  <library_controllers>
  </library_controllers>
  <library_visual_scenes>
    <visual_scene id="RootNode" name="RootNode">
      <node id="Motion_aAssimpFbxa_Translation"  name="Motion_$AssimpFbx$_Translation" type="NODE">
        <matrix sid="matrix">1 0 0 9.92585e-07 0 1 0 0 0 0 1 -0.17328988 0 0 0 1</matrix>
        <node id="Motion_aAssimpFbxa_PreRotation"  name="Motion_$AssimpFbx$_PreRotation" type="NODE">
          <matrix sid="matrix">1 0 0 0 0 -4.3711388e-08 1 0 0 -1 -4.3711388e-08 0 0 0 0 1</matrix>
          <node id="Motion_aAssimpFbxa_Rotation"  name="Motion_$AssimpFbx$_Rotation" type="NODE">
            <matrix sid="matrix">1.3868001e-06 1 0 0 -1 1.3868001e-06 0 0 0 0 1 0 0 0 0 1</matrix>
            <node id="Motion_aAssimpFbxa_Scaling"  name="Motion_$AssimpFbx$_Scaling" type="NODE">
              <matrix sid="matrix">1 0 0 0 0 1 0 0 0 0 1 0 0 0 0 1</matrix>
              <node id="Motion"  name="Motion" type="NODE">
                <matrix sid="matrix">1 0 0 0 0 1 0 0 0 0 1 0 0 0 0 1</matrix>
                <node id="B_Pelvis"  name="B_Pelvis" type="NODE">
                  <matrix sid="matrix">-4.3711388e-08 0.60876256 0.79335248 0.17329331 0 -0.79335248 0.60876256 2.6999989 1 2.6609857e-08 3.4678539e-08 98.622734 0 0 0 1</matrix>
                  <node id="B_Spine"  name="B_Spine" type="NODE">
                    <matrix sid="matrix">0.99823147 0.047404028 -0.03587313 7.6763 -0.037805334 0.97190607 0.23231289 -1.6268322 0.045877878 -0.23054582 0.97197938 0.0023474693 0 0 0 1</matrix>
                    <node id="B_Spine1"  name="B_Spine1" type="NODE">
                      <matrix sid="matrix">0.99970514 -0.024198715 0.0019994134 12.747772 0.024175953 0.99965024 0.010716196 -0.014276028 -0.0022580323 -0.0106647 0.99994057 0.00015234947 0 0 0 1</matrix>
                      <node id="B_Spine2"  name="B_Spine2" type="NODE">
                        <matrix sid="matrix">0.9988209 -0.048403606 0.003731553 17.935448 0.048312016 0.99859816 0.02162575 -0.026444197 -0.0047730859 -0.021419972 0.9997592 0.00054836273 0 0 0 1</matrix>
                        <node id="B_L_Clavicle"  name="B_L_Clavicle" type="NODE">
                          <matrix sid="matrix">-0.017590661 -0.00078421831 0.99984497 17.736847 -0.17375694 -0.98478115 -0.0038293824 0.073140144 0.98463148 -0.17379735 0.017186686 5.0180163 0 0 0 1</matrix>
                          <node id="B_L_UpperArm"  name="B_L_UpperArm" type="NODE">
                            <matrix sid="matrix">0.67658824 0.4022921 0.61675721 17.464661 -0.50647581 0.86222744 -0.00679636 1.9073486e-06 -0.53451908 -0.30777425 0.78712416 0 0 0 0 1</matrix>
                            <node id="B_L_Forearm"  name="B_L_Forearm" type="NODE">
                              <matrix sid="matrix">-0.13640097 0.98478979 0.1076279 27.628189 -0.99065369 -0.13559353 -0.014819472 -1.1444092e-05 -4.1723257e-07 -0.10864338 0.99408078 0 0 0 0 1</matrix>
                              <node id="B_L_ForeArmTwist"  name="B_L_ForeArmTwist" type="NODE">
                                <matrix sid="matrix">1 5.8766382e-08 -2.6339529e-07 11.992634 -2.980231e-08 0.99408078 0.10864363 -3.8146973e-06 2.6822079e-07 -0.10864363 0.99408078 1.5258789e-05 0 0 0 1</matrix>
                                <node id="B_L_Hand"  name="B_L_Hand" type="NODE">
                                  <matrix sid="matrix">0.96626526 -0.09560211 0.2391479 11.992645 -0.24727415 -0.084708601 0.96523571 0 -0.072020695 -0.99180877 -0.10549091 7.6293945e-06 0 0 0 1</matrix>
                                  <node id="B_L_Finger0"  name="B_L_Finger0" type="NODE">
                                    <matrix sid="matrix">0.80900645 0.13246331 0.57267958 1.4603271 0.15583271 0.89108145 -0.42625108 1.9355392 -0.5667668 0.43408209 0.7002486 -2.4376602 0 0 0 1</matrix>
                                    <node id="B_L_Finger01"  name="B_L_Finger01" type="NODE">
                                      <matrix sid="matrix">0.80299318 -0.59598827 -1.6050713e-07 3.7140121 0.59598827 0.80299318 -6.3458671e-08 -1.5258789e-05 1.6670674e-07 -4.4703484e-08 1 -2.2888184e-05 0 0 0 1</matrix>
                                      <node id="B_L_Finger02"  name="B_L_Finger02" type="NODE">
                                        <matrix sid="matrix">0.55218458 -0.83372188 5.1547893e-08 5.529932 0.83372188 0.55218458 3.7351398e-08 3.0517578e-05 -5.9604631e-08 2.235174e-08 1 2.6702881e-05 0 0 0 1</matrix>
                                      </node>
                                    </node>
                                  </node>
                                  <node id="B_L_Finger1"  name="B_L_Finger1" type="NODE">
                                    <matrix sid="matrix">0.272549 -0.95552647 0.11263334 11.625458 0.92804086 0.23019108 -0.29283479 3.1205368 0.25388417 0.18434016 0.94950593 -3.0983582 0 0 0 1</matrix>
                                    <node id="B_L_Finger11"  name="B_L_Finger11" type="NODE">
                                      <matrix sid="matrix">-0.25881925 -0.96592575 8.8150394e-08 4.4568253 0.96592575 -0.25881925 1.3160759e-07 7.6293945e-06 -1.0430814e-07 1.1920932e-07 1 1.9073486e-05 0 0 0 1</matrix>
                                      <node id="B_L_Finger12"  name="B_L_Finger12" type="NODE">
                                        <matrix sid="matrix">0.57357574 -0.81915253 2.8258768e-07 3.3311615 0.81915253 0.57357574 -1.1601041e-07 -7.6293945e-06 -6.7055218e-08 2.9802317e-07 1 -2.2888184e-05 0 0 0 1</matrix>
                                      </node>
                                    </node>
                                  </node>
                                  <node id="B_L_Finger2"  name="B_L_Finger2" type="NODE">
                                    <matrix sid="matrix">0.2580848 -0.96503466 0.045829065 11.814079 0.96096504 0.25152338 -0.11524819 2.4381027 0.099691413 0.073783934 0.99227899 0.83571625 0 0 0 1</matrix>
                                    <node id="B_L_Finger21"  name="B_L_Finger21" type="NODE">
                                      <matrix sid="matrix">-0.62068564 -0.78405952 4.2424887e-07 5.1996307 0.78405952 -0.62068564 1.3629453e-07 7.6293945e-06 1.5646215e-07 4.1723243e-07 1 1.5258789e-05 0 0 0 1</matrix>
                                      <node id="B_L_Finger22"  name="B_L_Finger22" type="NODE">
                                        <matrix sid="matrix">0.44828618 -0.89389008 -1.5984006e-07 5.1996212 0.89389008 0.44828618 8.0159843e-08 1.5258789e-05 0 -1.7881399e-07 1 -3.8146973e-06 0 0 0 1</matrix>
                                      </node>
                                    </node>
                                  </node>
                                  <node id="B_L_Finger3"  name="B_L_Finger3" type="NODE">
                                    <matrix sid="matrix">0.13847008 -0.99036658 0.00029724214 11.814056 0.99036664 0.1384701 5.9339698e-05 1.9342422 -9.9927209e-05 0.00028616193 0.99999994 4.6002388 0 0 0 1</matrix>
                                    <node id="B_L_Finger31"  name="B_L_Finger31" type="NODE">
                                      <matrix sid="matrix">-0.058766864 -0.99827176 -1.1287343e-06 4.4567947 0.99827176 -0.058766864 -1.1113342e-06 0 1.0430814e-06 -1.1920931e-06 1 -7.6293945e-06 0 0 0 1</matrix>
                                      <node id="B_L_Finger32"  name="B_L_Finger32" type="NODE">
                                        <matrix sid="matrix">-0.058766745 -0.99827176 -1.9424929e-06 4.4567719 0.99827176 -0.058766745 -1.4876317e-06 -7.6293945e-06 1.3709067e-06 -2.0265591e-06 1 3.8146973e-06 0 0 0 1</matrix>
                                      </node>
                                    </node>
                                  </node>
                                  <node id="B_L_Finger4"  name="B_L_Finger4" type="NODE">
                                    <matrix sid="matrix">0.14714432 -0.98122925 -0.1246503 11.857185 0.9836868 0.15835483 -0.085346609 4.052887 0.10348357 -0.11005858 0.98852324 6.5145302 0 0 0 1</matrix>
                                    <node id="B_L_Finger41"  name="B_L_Finger41" type="NODE">
                                      <matrix sid="matrix">-0.18123157 -0.98344046 -2.1979172e-06 3.327652 0.98344046 -0.18123157 -3.8597118e-06 1.5258789e-05 3.3974648e-06 -2.8610223e-06 1 1.1444092e-05 0 0 0 1</matrix>
                                      <node id="B_L_Finger42"  name="B_L_Finger42" type="NODE">
                                        <matrix sid="matrix">0.0019772795 -0.99999803 -2.3459004e-06 3.3276596 0.99999803 0.0019772795 -3.2438215e-06 -3.0517578e-05 3.2484538e-06 -2.3394819e-06 1 -1.1444092e-05 0 0 0 1</matrix>
                                      </node>
                                    </node>
                                  </node>
                                </node>
                              </node>
                            </node>
                          </node>
                        </node>
                        <node id="B_R_Clavicle"  name="B_R_Clavicle" type="NODE">
                          <matrix sid="matrix">-0.10452852 -0.00079657498 -0.9945215 17.736847 0.00023397958 -0.99999964 0.00077637029 0.074662209 -0.99452186 -0.0001515449 0.10452867 -5.0179639 0 0 0 1</matrix>
                          <node id="B_R_UpperArm"  name="B_R_UpperArm" type="NODE">
                            <matrix sid="matrix">0.65678829 0.18435103 -0.73119336 17.464645 -0.58112288 0.74166936 -0.33499646 1.0490417e-05 0.48054683 0.64493495 0.59425038 1.5258789e-05 0 0 0 1</matrix>
                            <node id="B_R_Forearm"  name="B_R_Forearm" type="NODE">
                              <matrix sid="matrix">0.1257856 0.99193633 -0.015499667 27.628185 -0.99205744 0.12577026 -0.0019651239 -7.6293945e-06 1.1920932e-07 0.015623745 0.99987793 -1.5258789e-05 0 0 0 1</matrix>
                              <node id="B_R_ForeArmTwist"  name="B_R_ForeArmTwist" type="NODE">
                                <matrix sid="matrix">1 -1.3968749e-09 -8.9396053e-08 11.992638 0 0.99987793 -0.015623782 -1.1444092e-05 8.9406967e-08 0.015623782 0.99987793 0 0 0 0 1</matrix>
                                <node id="B_R_Hand"  name="B_R_Hand" type="NODE">
                                  <matrix sid="matrix">0.86458033 -0.066815831 -0.49803263 11.992653 -0.49769527 0.022792298 -0.86705244 -3.8146973e-06 0.069284134 0.99750501 -0.013548149 -1.5258789e-05 0 0 0 1</matrix>
                                  <node id="B_R_Finger0"  name="B_R_Finger0" type="NODE">
                                    <matrix sid="matrix">0.80900669 0.13246341 -0.57267934 1.4603195 0.15583262 0.89108139 0.42625123 1.9355469 0.56676662 -0.43408224 0.70024872 2.4376564 0 0 0 1</matrix>
                                    <node id="B_R_Finger01"  name="B_R_Finger01" type="NODE">
                                      <matrix sid="matrix">0.80299306 -0.59598833 -3.7579548e-07 3.714035 0.59598833 0.80299306 -5.6234327e-08 -1.5258789e-05 3.3527618e-07 -1.7881395e-07 1 0 0 0 0 1</matrix>
                                      <node id="B_R_Finger02"  name="B_R_Finger02" type="NODE">
                                        <matrix sid="matrix">0.55218476 -0.83372176 1.9877464e-07 5.529932 0.83372176 0.55218476 -1.3165103e-07 7.6293945e-06 0 2.3841845e-07 1 3.0517578e-05 0 0 0 1</matrix>
                                      </node>
                                    </node>
                                  </node>
                                  <node id="B_R_Finger1"  name="B_R_Finger1" type="NODE">
                                    <matrix sid="matrix">0.27254868 -0.95552647 -0.11263335 11.625465 0.92804086 0.23019074 0.29283494 3.1205597 -0.2538844 -0.18434012 0.94950587 3.0983505 0 0 0 1</matrix>
                                    <node id="B_R_Finger11"  name="B_R_Finger11" type="NODE">
                                      <matrix sid="matrix">-0.25881949 -0.96592569 -1.5452507e-07 4.4568214 0.96592569 -0.25881949 1.3553084e-08 0 -5.3085373e-08 -1.4575194e-07 1 3.8146973e-06 0 0 0 1</matrix>
                                      <node id="B_R_Finger12"  name="B_R_Finger12" type="NODE">
                                        <matrix sid="matrix">0.57357585 -0.81915247 1.7599413e-07 3.3311234 0.81915247 0.57357585 9.3034046e-08 7.6293945e-06 -1.7715504e-07 9.0803951e-08 1 -7.6293945e-06 0 0 0 1</matrix>
                                      </node>
                                    </node>
                                  </node>
                                  <node id="B_R_Finger2"  name="B_R_Finger2" type="NODE">
                                    <matrix sid="matrix">0.25808468 -0.96503472 -0.045829102 11.814064 0.9609651 0.25152326 0.11524798 2.438118 -0.09969122 -0.073783912 0.99227899 -0.83572006 0 0 0 1</matrix>
                                    <node id="B_R_Finger21"  name="B_R_Finger21" type="NODE">
                                      <matrix sid="matrix">-0.62068564 -0.78405952 -9.7602737e-08 5.1996002 0.78405952 -0.62068564 2.7262935e-08 0 -8.1956379e-08 -5.9604641e-08 1 -3.0517578e-05 0 0 0 1</matrix>
                                      <node id="B_R_Finger22"  name="B_R_Finger22" type="NODE">
                                        <matrix sid="matrix">0.44828618 -0.89389008 -6.6400165e-09 5.1996002 0.89389008 0.44828618 1.9999987e-08 1.5258789e-05 -1.4901163e-08 -1.4901163e-08 1 2.4795532e-05 0 0 0 1</matrix>
                                      </node>
                                    </node>
                                  </node>
                                  <node id="B_R_Finger3"  name="B_R_Finger3" type="NODE">
                                    <matrix sid="matrix">0.13846996 -0.99036658 -0.00029831231 11.814064 0.99036664 0.13846998 -5.9460941e-05 1.9342728 0.00010019544 -0.00028720501 0.99999994 -4.6002579 0 0 0 1</matrix>
                                    <node id="B_R_Finger31"  name="B_R_Finger31" type="NODE">
                                      <matrix sid="matrix">-0.058766745 -0.99827176 1.1384004e-08 4.4567947 0.99827176 -0.058766745 -1.9338029e-07 -1.5258789e-05 1.9371507e-07 0 1 -3.8146973e-06 0 0 0 1</matrix>
                                      <node id="B_R_Finger32"  name="B_R_Finger32" type="NODE">
                                        <matrix sid="matrix">-0.058766864 -0.99827176 7.3677603e-07 4.4568024 0.99827176 -0.058766864 -9.0969664e-08 1.5258789e-05 1.3411046e-07 7.3015667e-07 1 -7.6293945e-06 0 0 0 1</matrix>
                                      </node>
                                    </node>
                                  </node>
                                  <node id="B_R_Finger4"  name="B_R_Finger4" type="NODE">
                                    <matrix sid="matrix">0.14714432 -0.9812296 0.12464803 11.857231 0.9836868 0.15835463 0.085346818 4.0529175 -0.10348341 0.11005632 0.98852354 -6.5145607 0 0 0 1</matrix>
                                    <node id="B_R_Finger41"  name="B_R_Finger41" type="NODE">
                                      <matrix sid="matrix">-0.18123135 -0.98344052 2.8609742e-07 3.3276749 0.98344052 -0.18123135 7.497182e-07 3.0517578e-05 -6.8545341e-07 4.1723223e-07 1 3.4332275e-05 0 0 0 1</matrix>
                                      <node id="B_R_Finger42"  name="B_R_Finger42" type="NODE">
                                        <matrix sid="matrix">0.0019769219 -0.99999803 2.6960481e-07 3.3277206 0.99999803 0.0019769219 6.9982309e-07 3.0517578e-05 -7.0035469e-07 2.6822082e-07 1 -1.1444092e-05 0 0 0 1</matrix>
                                      </node>
                                    </node>
                                  </node>
                                </node>
                              </node>
                            </node>
                          </node>
                        </node>
                        <node id="B_Neck"  name="B_Neck" type="NODE">
                          <matrix sid="matrix">0.9745459 -0.20556867 -0.089452855 27.039749 0.20928559 0.97725385 0.034271039 1.1282325 0.080373093 -0.0521199 0.99540126 0.00061249733 0 0 0 1</matrix>
                          <node id="B_Head"  name="B_Head" type="NODE">
                            <matrix sid="matrix">0.98408651 0.17358992 -0.037950255 10.019318 -0.16961537 0.85404325 -0.49177304 1.4083176 -0.05295568 0.49038416 0.86989599 0 0 0 0 1</matrix>
                          </node>
                        </node>
                      </node>
                    </node>
                  </node>
                  <node id="B_L_Thigh"  name="B_L_Thigh" type="NODE">
                    <matrix sid="matrix">-0.88179427 0.28008431 -0.3794623 0 0.35161933 0.92662674 -0.13314189 1.7642975e-05 0.31432897 -0.25083002 -0.91557723 11.161455 0 0 0 1</matrix>
                    <node id="B_L_Calf"  name="B_L_Calf" type="NODE">
                      <matrix sid="matrix">0.87463444 0.48478302 4.2492388e-07 50.282745 -0.48478302 0.87463444 7.9592801e-06 0 3.4868708e-06 -7.1674567e-06 1 3.8146973e-06 0 0 0 1</matrix>
                      <node id="B_L_Foot"  name="B_L_Foot" type="NODE">
                        <matrix sid="matrix">0.90702891 -0.23339441 -0.35046476 39.728127 0.18250632 0.9679898 -0.1722995 -4.0531158e-06 0.37946007 0.092318594 0.9205907 -3.8146973e-06 0 0 0 1</matrix>
                        <node id="B_L_Toe0"  name="B_L_Toe0" type="NODE">
                          <matrix sid="matrix">1.9470718e-07 -1 1.9179456e-07 18.214443 1 1.9470718e-07 2.9802239e-08 14.545954 -2.9802276e-08 1.9179456e-07 1 0.012393951 0 0 0 1</matrix>
                        </node>
                      </node>
                    </node>
                  </node>
                  <node id="B_R_Thigh"  name="B_R_Thigh" type="NODE">
                    <matrix sid="matrix">-0.87342447 0.42952603 0.22942778 0 0.18169031 0.72456926 -0.6648218 -1.2397766e-05 -0.45179459 -0.5389868 -0.71089721 -11.161448 0 0 0 1</matrix>
                    <node id="B_R_Calf"  name="B_R_Calf" type="NODE">
                      <matrix sid="matrix">0.69287753 0.72105533 -3.789728e-08 50.282749 -0.72105533 0.69287753 -4.8102079e-06 0 -3.4421676e-06 3.3602107e-06 1 3.8146973e-06 0 0 0 1</matrix>
                      <node id="B_R_Foot"  name="B_R_Foot" type="NODE">
                        <matrix sid="matrix">0.91488838 -0.31722826 0.24969076 39.728138 0.3321785 0.94302452 -0.019032456 0 -0.22942686 0.10035447 0.96813858 0 0 0 0 1</matrix>
                        <node id="B_R_Toe0"  name="B_R_Toe0" type="NODE">
                          <matrix sid="matrix">3.1391647e-07 -1 5.5898806e-07 18.214441 1 3.139163e-07 -3.2782572e-07 14.545956 3.2782555e-07 5.5898818e-07 1 -0.012393951 0 0 0 1</matrix>
                        </node>
                      </node>
                    </node>
                  </node>
                </node>
              </node>
            </node>
          </node>
        </node>
      </node>
      <node id="Exporter_aAssimpFbxa_PreRotation"  name="Exporter_$AssimpFbx$_PreRotation" type="NODE">
        <matrix sid="matrix">1 0 0 0 0 -4.3711388e-08 1 0 0 -1 -4.3711388e-08 0 0 0 0 1</matrix>
        <node id="Exporter"  name="Exporter" type="NODE">
          <matrix sid="matrix">1 0 0 0 0 1 0 0 0 0 1 0 0 0 0 1</matrix>
        </node>
      </node>
    </visual_scene>
  </library_visual_scenes>
  <library_animations>
    <animation id="TakeW001AnimId0" name="Take 001">
      <source id="B_Head_matrix-input" name="B_Head_matrix-input">
        <float_array id="B_Head_matrix-input-array" count="33"> 0 1 2 3 4 5 6 7 8 9 10 11 12 13 14 15 16 17 18 19 20 21 22 23 24 25 26 27 28 29 30 31 32 </float_array>
        <technique_common>
          <accessor count="33" offset="0" source="#B_Head_matrix-input-array" stride="1">
            <param name="TIME" type="float" />
          </accessor>
        </technique_common>
      </source>
      <source id="B_Head_matrix-output" name="B_Head_matrix-output">
        <float_array id="B_Head_matrix-output-array" count="528"> 0.98408645 0.17358989 -0.037950251 10.019318 -0.16961536 0.85404319 -0.49177313 1.4083176 -0.052955672 0.49038419 0.86989611 0 0 0 0 1 0.93073112 0.35987857 0.06501244 10.019302 -0.2208762 0.69487101 -0.68437403 1.4083147 -0.29146677 0.62260854 0.72622687 9.5367432e-07 0 0 0 1 0.87632537 0.47602597 0.073846228 10.019318 -0.21136345 0.5177117 -0.82903558 1.4083142 -0.43287367 0.71089643 0.55429828 0 0 0 0 1 0.96324384 0.25923184 -0.070431478 10.019325 -0.24777485 0.75609547 -0.60574549 1.4083157 -0.10377557 0.60093158 0.79253525 3.8146973e-06 0 0 0 1 0.99894911 0.028494645 -0.035899125 10.019302 -0.032978743 0.99080145 -0.13124436 1.4083138 0.031829141 0.13229035 0.99069983 -2.8610229e-06 0 0 0 1 0.97576654 -0.16404684 0.14480509 10.019314 0.14517765 0.98049289 0.13250414 1.4083138 -0.16371725 -0.10827065 0.98054779 0 0 0 0 1 0.96530473 -0.18347043 0.18581076 10.019318 0.16760333 0.98098052 0.097909741 1.4083138 -0.20024031 -0.063370228 0.97769523 4.1723251e-07 0 0 0 1 0.98752314 -0.1257492 0.09479177 10.019314 0.12655741 0.99195617 -0.0025389413 1.4083138 -0.093710013 0.014503865 0.99549389 -9.5367432e-07 0 0 0 1 0.99596369 -0.089362346 -0.0084090456 10.01931 0.088655025 0.99404454 -0.06337399 1.4083138 0.014022209 0.062372692 0.99795467 0 0 0 0 1 0.99594402 -0.088877767 -0.014016496 10.019318 0.087809503 0.99407578 -0.064057589 1.4083138 0.01962675 0.062566988 0.99784791 -1.1920929e-07 0 0 0 1 0.99569291 -0.091874011 -0.012427282 10.019314 0.090865135 0.99367797 -0.06593474 1.4083099 0.018406406 0.064521566 0.99774635 1.1920929e-07 0 0 0 1 0.99529231 -0.096687779 -0.0066855503 10.019313 0.096003801 0.99300438 -0.068741158 1.4083099 0.013285213 0.067775704 0.99761212 -8.9406967e-08 0 0 0 1 0.99482417 -0.10161119 0.00046484862 10.019314 0.10138332 0.99226534 -0.071630046 1.4083176 0.006817163 0.071306437 0.99743098 -5.9604645e-08 0 0 0 1 0.99445522 -0.10495549 0.0065849656 10.019314 0.10515539 0.99174684 -0.073352009 1.4083118 0.001168077 0.073637724 0.99728435 2.9802322e-08 0 0 0 1 0.99441981 -0.10508494 0.0092653539 10.019314 0.10548117 0.99176282 -0.07266289 1.4083138 -0.0015532582 0.073234744 0.99731344 0 0 0 0 1 0.99492949 -0.10041761 0.0055949562 10.01931 0.10056402 0.99253702 -0.068967924 1.4083138 0.0013723928 0.069180861 0.99760312 0 0 0 0 1 0.99596369 -0.089362346 -0.0084090456 10.01931 0.088655025 0.99404454 -0.06337399 1.4083138 0.014022209 0.062372692 0.99795467 0 0 0 0 1 0.99683946 -0.070092343 -0.037385207 10.019314 0.067750759 0.99586004 -0.060599577 1.4083138 0.041477993 0.057875179 0.9974618 0 0 0 0 1 0.99577945 -0.0438326 -0.080636561 10.019318 0.038036972 0.99667519 -0.072056867 1.4083176 0.08352688 0.068685576 0.99413568 -9.5367432e-07 0 0 0 1 0.99155486 -0.014109476 -0.12891749 10.01931 -0.00013077351 0.9939549 -0.10978997 1.4083252 0.12968722 0.10887967 0.98555887 0 0 0 0 1 0.9860273 0.01619905 -0.16579419 10.01931 -0.04605858 0.98297322 -0.1778819 1.4083099 0.16008975 0.18303263 0.96998483 0 0 0 0 1 0.98341525 0.048013359 -0.17489843 10.01931 -0.094429128 0.95885628 -0.26772755 1.4083099 0.15484793 0.2798028 0.94748759 0 0 0 0 1 0.98503327 0.085579805 -0.14961778 10.01931 -0.13500179 0.92273849 -0.36100981 1.4083252 0.10716294 0.37580535 0.9204815 7.6293945e-06 0 0 0 1 0.98670769 0.12983678 -0.097725086 10.019318 -0.1598254 0.8841061 -0.43910378 1.4083099 0.029387528 0.44888604 0.89310557 0 0 0 0 1 0.98408645 0.17358994 -0.037950221 10.019318 -0.16961537 0.85404325 -0.49177307 1.4083138 -0.052955717 0.49038422 0.86989599 0 0 0 0 1 0.98047811 0.19657202 -0.004704651 10.019318 -0.17116626 0.84149241 -0.51243776 1.4083157 -0.096772015 0.50323921 0.8587116 0 0 0 0 1 0.98097372 0.1939519 -0.0085510956 10.019302 -0.17108394 0.84281403 -0.51028925 1.4083138 -0.091764547 0.50204331 0.8599605 -1.9073486e-06 0 0 0 1 0.98308885 0.1810948 -0.027216962 10.019318 -0.17033863 0.84970504 -0.49898493 1.4083138 -0.067237191 0.49518275 0.86618292 0 0 0 0 1 0.98408639 0.17358993 -0.037950229 10.019302 -0.16961536 0.85404325 -0.4917731 1.4083176 -0.052955709 0.49038419 0.86989611 1.9073486e-06 0 0 0 1 0.98408639 0.17358992 -0.037950277 10.019318 -0.16961536 0.8540433 -0.49177316 1.4083138 -0.052955672 0.49038437 0.86989594 0 0 0 0 1 0.98408651 0.17358989 -0.037950229 10.019318 -0.16961531 0.8540433 -0.49177307 1.4083138 -0.052955676 0.49038416 0.86989611 1.9073486e-06 0 0 0 1 0.98408645 0.17358994 -0.037950248 10.019333 -0.16961539 0.85404319 -0.49177307 1.4083138 -0.052955694 0.49038413 0.86989611 1.9073486e-06 0 0 0 1 0.98408639 0.17358993 -0.037950229 10.019302 -0.16961536 0.85404325 -0.4917731 1.4083176 -0.052955709 0.49038419 0.86989611 1.9073486e-06 0 0 0 1 </float_array>
        <technique_common>
          <accessor count="33" offset="0" source="#B_Head_matrix-output-array" stride="16">
            <param name="TRANSFORM" type="float4x4" />
          </accessor>
        </technique_common>
      </source>
      <source id="B_Head_matrix-interpolation">
        <Name_array id="B_Head_matrix-interpolation-array" count="33"> LINEAR LINEAR LINEAR LINEAR LINEAR LINEAR LINEAR LINEAR LINEAR LINEAR LINEAR LINEAR LINEAR LINEAR LINEAR LINEAR LINEAR LINEAR LINEAR LINEAR LINEAR LINEAR LINEAR LINEAR LINEAR LINEAR LINEAR LINEAR LINEAR LINEAR LINEAR LINEAR LINEAR </Name_array>
        <technique_common>
          <accessor source="#B_Head_matrix-interpolation-array" count="33" stride="1">
            <param name="INTERPOLATION" type="name"></param>
          </accessor>
        </technique_common>
      </source>
      <source id="B_L_Calf_matrix-input" name="B_L_Calf_matrix-input">
        <float_array id="B_L_Calf_matrix-input-array" count="33"> 0 1 2 3 4 5 6 7 8 9 10 11 12 13 14 15 16 17 18 19 20 21 22 23 24 25 26 27 28 29 30 31 32 </float_array>
        <technique_common>
          <accessor count="33" offset="0" source="#B_L_Calf_matrix-input-array" stride="1">
            <param name="TIME" type="float" />
          </accessor>
        </technique_common>
      </source>
      <source id="B_L_Calf_matrix-output" name="B_L_Calf_matrix-output">
        <float_array id="B_L_Calf_matrix-output-array" count="528"> 0.87463462 0.48478314 4.2492411e-07 50.282745 -0.48478314 0.87463462 7.9592801e-06 0 3.4868717e-06 -7.1674585e-06 1 3.8146973e-06 0 0 0 1 0.9468509 0.32167351 2.969966e-07 50.282757 -0.32167351 0.9468509 7.9154406e-06 0 2.2649763e-06 -7.590279e-06 0.99999988 3.8146973e-06 0 0 0 1 0.99765968 0.068378665 3.8650214e-08 50.282745 -0.068378657 0.9976598 7.9732372e-06 3.8146973e-06 5.0663948e-07 -7.9572201e-06 1 3.8146973e-06 0 0 0 1 0.99999988 0.00097653241 7.7995841e-09 50.282745 -0.00097653264 0.99999964 7.9870179e-06 0 0 -7.9870224e-06 1 5.7220459e-06 0 0 0 1 0.91113043 0.41211891 4.2367623e-07 50.282749 -0.41211891 0.91113043 7.9693036e-06 0 2.8982761e-06 -7.4356794e-06 1.0000001 4.7683716e-06 0 0 0 1 0.45245677 0.89178658 8.5055621e-07 50.282745 -0.89178646 0.45245683 7.5121193e-06 2.8610229e-06 6.3143671e-06 -4.157424e-06 0.99999994 5.7220459e-06 0 0 0 1 -0.1814114 0.98340756 1.0105933e-06 50.282757 -0.98340744 -0.18141143 6.8746785e-06 0 6.943942e-06 2.5332048e-07 1.0000001 9.5367432e-07 0 0 0 1 -0.76263267 0.64683229 6.4772894e-07 50.282742 -0.64683247 -0.76263249 6.3547832e-06 0 4.6044593e-06 4.4273916e-06 1 3.8146973e-06 0 0 0 1 -0.99982935 0.018470107 9.38293e-09 50.282745 -0.018470101 -0.99982965 6.1479495e-06 7.6293945e-06 1.2293457e-07 6.1467281e-06 1 3.8146973e-06 0 0 0 1 -0.99982947 0.018470107 1.9996115e-08 50.282749 -0.018470103 -0.99982965 6.1406936e-06 0 1.3341194e-07 6.1392775e-06 1 1.9073486e-06 0 0 0 1 -0.99982947 0.018470107 2.8143788e-08 50.282757 -0.018470103 -0.99982965 6.1408441e-06 1.1444092e-05 1.41561e-07 6.139278e-06 1 1.9073486e-06 0 0 0 1 -0.99982941 0.018470109 2.0488043e-08 50.282753 -0.018470107 -0.99982953 6.1518813e-06 -9.5367432e-07 1.3411044e-07 6.1504538e-06 1.0000001 4.7683716e-06 0 0 0 1 -0.99982941 0.018470107 1.9819197e-08 50.282761 -0.018470107 -0.99982941 6.1376631e-06 3.8146973e-06 1.3317911e-07 6.1362507e-06 1 4.7683716e-06 0 0 0 1 -0.99982953 0.01847011 1.8832109e-08 50.282757 -0.01847011 -0.99982953 6.1406731e-06 0 1.3224779e-07 6.1392784e-06 1.0000001 3.8146973e-06 0 0 0 1 -0.99982947 0.018470107 1.3107573e-08 50.282753 -0.018470103 -0.99982965 6.1480177e-06 1.9073486e-06 1.2665986e-07 6.1467285e-06 0.99999994 1.4305115e-06 0 0 0 1 -0.99982947 0.018470107 2.2703031e-08 50.282753 -0.018470103 -0.99982965 6.132826e-06 1.9073486e-06 1.3597308e-07 6.1313617e-06 1 3.8146973e-06 0 0 0 1 -0.99982935 0.018470107 1.3245209e-08 50.282745 -0.018470101 -0.99982965 6.1405685e-06 7.6293945e-06 1.2665986e-07 6.139277e-06 1 3.8146973e-06 0 0 0 1 -0.97436702 0.22496349 2.0345462e-07 50.282753 -0.22496349 -0.97436702 6.1565947e-06 3.8146973e-06 1.5832484e-06 5.9530134e-06 1.0000001 3.8146973e-06 0 0 0 1 -0.90729916 0.420486 4.1866076e-07 50.282745 -0.420486 -0.90729916 6.1886585e-06 0 2.9820949e-06 5.4389234e-06 1 5.7220459e-06 0 0 0 1 -0.8017894 0.5976066 5.8922399e-07 50.282745 -0.5976066 -0.8017894 6.4420883e-06 7.6293945e-06 4.3222681e-06 4.8130742e-06 1 0 0 0 0 1 -0.6619975 0.74950647 7.0484589e-07 50.282742 -0.74950647 -0.6619975 6.4253682e-06 7.6293945e-06 5.2824612e-06 3.7252905e-06 1 0 0 0 0 1 -0.49304801 0.87000233 8.5288639e-07 50.282734 -0.87000227 -0.49304807 6.5218919e-06 7.6293945e-06 6.0945749e-06 2.4735925e-06 1 3.8146973e-06 0 0 0 1 -0.30105254 0.95360768 9.223001e-07 50.282742 -0.95360762 -0.30105257 6.8812087e-06 0 6.8396334e-06 1.1920924e-06 0.99999994 0 0 0 0 1 -0.093149431 0.99565232 9.5326709e-07 50.282753 -0.99565232 -0.093149431 6.9898429e-06 0 7.0482492e-06 -2.980228e-07 1 3.8146973e-06 0 0 0 1 0.12245284 0.99247473 9.725851e-07 50.282753 -0.99247473 0.12245284 7.2066778e-06 0 7.0333485e-06 -1.847744e-06 1.0000001 3.8146973e-06 0 0 0 1 0.15071031 0.98857832 1.0317968e-06 50.282761 -0.9885782 0.15071034 7.2719113e-06 0 7.0333494e-06 -2.1159638e-06 1.0000001 0 0 0 0 1 0.37616345 0.92655367 8.3608268e-07 50.282757 -0.92655355 0.37616351 7.4478344e-06 3.8146973e-06 6.5863128e-06 -3.5762787e-06 1.0000001 7.6293945e-06 0 0 0 1 0.6663124 0.74567294 6.6780967e-07 50.282745 -0.74567306 0.66631228 7.7508303e-06 0 5.3346157e-06 -5.6624413e-06 1 3.8146973e-06 0 0 0 1 0.87463474 0.48478284 3.7561722e-07 50.282753 -0.48478279 0.8746348 8.0547561e-06 0 3.5762791e-06 -7.2270632e-06 1 3.8146973e-06 0 0 0 1 0.93528551 0.35389477 2.8572731e-07 50.282749 -0.35389477 0.93528551 7.9973961e-06 0 2.563e-06 -7.5809658e-06 1 3.8146973e-06 0 0 0 1 0.92849571 0.37134355 2.8875095e-07 50.282745 -0.37134346 0.92849594 8.0252257e-06 1.9073486e-06 2.7120111e-06 -7.5586145e-06 1.0000001 3.8146973e-06 0 0 0 1 0.89473629 0.44659525 4.5595931e-07 50.282742 -0.44659519 0.89473641 7.9871206e-06 1.9073486e-06 3.1590466e-06 -7.3499973e-06 0.99999988 0 0 0 0 1 0.87463957 0.48477426 4.3567849e-07 50.282749 -0.48477426 0.87463957 7.9788351e-06 1.9073486e-06 3.4868722e-06 -7.1898103e-06 1.0000001 1.1444092e-05 0 0 0 1 </float_array>
        <technique_common>
          <accessor count="33" offset="0" source="#B_L_Calf_matrix-output-array" stride="16">
            <param name="TRANSFORM" type="float4x4" />
          </accessor>
        </technique_common>
      </source>
      <source id="B_L_Calf_matrix-interpolation">
        <Name_array id="B_L_Calf_matrix-interpolation-array" count="33"> LINEAR LINEAR LINEAR LINEAR LINEAR LINEAR LINEAR LINEAR LINEAR LINEAR LINEAR LINEAR LINEAR LINEAR LINEAR LINEAR LINEAR LINEAR LINEAR LINEAR LINEAR LINEAR LINEAR LINEAR LINEAR LINEAR LINEAR LINEAR LINEAR LINEAR LINEAR LINEAR LINEAR </Name_array>
        <technique_common>
          <accessor source="#B_L_Calf_matrix-interpolation-array" count="33" stride="1">
            <param name="INTERPOLATION" type="name"></param>
          </accessor>
        </technique_common>
      </source>
      <source id="B_L_Clavicle_matrix-input" name="B_L_Clavicle_matrix-input">
        <float_array id="B_L_Clavicle_matrix-input-array" count="33"> 0 1 2 3 4 5 6 7 8 9 10 11 12 13 14 15 16 17 18 19 20 21 22 23 24 25 26 27 28 29 30 31 32 </float_array>
        <technique_common>
          <accessor count="33" offset="0" source="#B_L_Clavicle_matrix-input-array" stride="1">
            <param name="TIME" type="float" />
          </accessor>
        </technique_common>
      </source>
      <source id="B_L_Clavicle_matrix-output" name="B_L_Clavicle_matrix-output">
        <float_array id="B_L_Clavicle_matrix-output-array" count="528"> -0.01759064 -0.00078422565 0.99984503 17.736847 -0.17375694 -0.98478109 -0.0038293749 0.073140144 0.98463148 -0.17379734 0.017186522 5.0180163 0 0 0 1 -0.00020611286 -0.00076939177 0.99999958 17.736847 -0.25896531 -0.96588647 -0.00079652655 0.073140621 0.96588665 -0.2589654 -1.1920928e-07 5.018013 0 0 0 1 -0.076610789 -0.00079647062 0.9970606 17.736855 -0.070275173 -0.99750805 -0.0061965389 0.073140144 0.99458122 -0.070543349 0.076363973 5.018013 0 0 0 1 -0.11959061 -0.00079377729 0.99282289 17.736855 0.070791088 -0.9974612 0.0077296593 0.073143005 0.99029607 0.071207426 0.11934308 5.0180206 0 0 0 1 0.0075502405 -0.00078740716 0.99997115 17.736855 -0.15214922 -0.98835754 0.00037053227 0.073139191 0.98832881 -0.15214761 -0.0075821877 5.0180149 0 0 0 1 0.1293415 -0.00075335801 0.9915998 17.736851 -0.32127377 -0.94609034 0.041187257 0.073137283 0.93811202 -0.32390219 -0.12261081 5.0180159 0 0 0 1 0.1132822 -0.00078693015 0.9935624 17.736849 -0.14885531 -0.98872614 0.016188813 0.073141098 0.98234886 -0.14973094 -0.11212216 5.0180159 0 0 0 1 0.051609568 -0.00078679615 0.99866694 17.736853 0.15170571 -0.98838812 -0.0086186221 0.073141098 0.9870773 0.15194829 -0.050890915 5.0180168 0 0 0 1 -0.010271787 -0.00071504712 0.99994707 17.736851 0.43978235 -0.89809608 0.0038753599 0.073143005 0.8980456 0.43979889 0.009539485 5.0180163 0 0 0 1 -0.010271668 -0.00071547914 0.99994695 17.736851 0.43978241 -0.89809614 0.0038748824 0.073135376 0.89804566 0.4397988 0.0095393639 5.0180163 0 0 0 1 -0.010271669 -0.0007154792 0.99994701 17.736855 0.43978238 -0.89809591 0.0038749729 0.073135376 0.89804572 0.4397988 0.0095396647 5.0180168 0 0 0 1 -0.010271788 -0.00071504706 0.99994707 17.736851 0.43978238 -0.89809602 0.0038753599 0.073143005 0.89804566 0.43979886 0.009539485 5.0180168 0 0 0 1 -0.010271668 -0.00071550894 0.99994707 17.736855 0.43978235 -0.89809591 0.0038749129 0.073140144 0.8980456 0.4397988 0.0095395446 5.0180159 0 0 0 1 -0.010271668 -0.00071550894 0.99994695 17.736853 0.43978235 -0.89809591 0.0038749124 0.073139191 0.8980456 0.4397988 0.0095395437 5.0180163 0 0 0 1 -0.010271787 -0.00071504706 0.99994707 17.736855 0.43978235 -0.89809602 0.0038753599 0.073143005 0.8980456 0.43979886 0.009539485 5.0180168 0 0 0 1 -0.010271668 -0.00071550882 0.99994683 17.736851 0.43978235 -0.89809585 0.0038749119 0.073142052 0.8980456 0.43979877 0.0095395427 5.0180168 0 0 0 1 -0.010271787 -0.00071504712 0.99994707 17.736851 0.43978235 -0.89809608 0.0038753599 0.073143005 0.8980456 0.43979889 0.009539485 5.0180163 0 0 0 1 -0.011216043 -0.00074151158 0.99993676 17.736845 0.36509016 -0.93096614 0.0034047361 0.073143005 0.93090463 0.3651053 0.010712325 5.0180159 0 0 0 1 -0.01221013 -0.00076356524 0.99992532 17.736853 0.28403759 -0.9588092 0.0027362111 0.073143005 0.95873535 0.28404975 0.01192403 5.0180159 0 0 0 1 -0.013224958 -0.00078001607 0.99991208 17.736843 0.1992929 -0.97993809 0.0018714439 0.073135376 0.97985065 0.19930017 0.013115105 5.0180149 0 0 0 1 -0.014231205 -0.00079126278 0.99989843 17.736847 0.11384489 -0.99349827 0.00083409989 0.073135376 0.9933967 0.11384518 0.014228522 5.0180149 0 0 0 1 -0.015199899 -0.00079452986 0.99988425 17.736847 0.030826865 -0.99952477 -0.00032562576 0.073143005 0.99940914 0.030818345 0.015217066 5.0180187 0 0 0 1 -0.016102074 -0.00079458591 0.99986994 17.736832 -0.046667863 -0.99890947 -0.0015453675 0.073143005 0.99878067 -0.04668669 0.016047357 5.0180168 0 0 0 1 -0.016908644 -0.00079121441 0.99985677 17.736832 -0.11573672 -0.99327636 -0.002743229 0.073143005 0.99313593 -0.11576653 0.016703187 5.0180206 0 0 0 1 -0.017590644 -0.00078433752 0.99984509 17.736847 -0.17375691 -0.98478115 -0.0038294946 0.073141098 0.9846316 -0.17379732 0.017186644 5.0180159 0 0 0 1 -0.017934082 -0.0007795766 0.99983895 17.736847 -0.20275557 -0.97921968 -0.0044003129 0.073140621 0.97906506 -0.20280184 0.017403185 5.0180178 0 0 0 1 -0.017895939 -0.00078024715 0.9998396 17.736862 -0.1995419 -0.97987974 -0.004336223 0.073141098 0.97972602 -0.19958746 0.017380118 5.0180168 0 0 0 1 -0.017705083 -0.00078314531 0.99984288 17.736847 -0.18344127 -0.98302233 -0.0040183063 0.073141336 0.98287123 -0.18348359 0.017260788 5.0180173 0 0 0 1 -0.01759064 -0.00078435231 0.99984503 17.736847 -0.1737569 -0.98478109 -0.0038294941 0.073141098 0.98463148 -0.17379731 0.017186522 5.0180168 0 0 0 1 -0.017590642 -0.00078433752 0.99984509 17.736847 -0.1737569 -0.98478115 -0.0038294946 0.073141098 0.98463148 -0.17379732 0.017186644 5.0180173 0 0 0 1 -0.017590642 -0.00078433746 0.99984509 17.736847 -0.1737569 -0.98478109 -0.0038294946 0.073140144 0.98463148 -0.17379731 0.017186644 5.0180159 0 0 0 1 -0.017590879 -0.0007843225 0.99984485 17.736862 -0.17375712 -0.98478127 -0.0038295009 0.073141098 0.98463148 -0.17379753 0.017186638 5.0180159 0 0 0 1 -0.01759064 -0.00078435231 0.99984503 17.736847 -0.1737569 -0.98478109 -0.0038294941 0.073141098 0.98463148 -0.17379731 0.017186522 5.0180168 0 0 0 1 </float_array>
        <technique_common>
          <accessor count="33" offset="0" source="#B_L_Clavicle_matrix-output-array" stride="16">
            <param name="TRANSFORM" type="float4x4" />
          </accessor>
        </technique_common>
      </source>
      <source id="B_L_Clavicle_matrix-interpolation">
        <Name_array id="B_L_Clavicle_matrix-interpolation-array" count="33"> LINEAR LINEAR LINEAR LINEAR LINEAR LINEAR LINEAR LINEAR LINEAR LINEAR LINEAR LINEAR LINEAR LINEAR LINEAR LINEAR LINEAR LINEAR LINEAR LINEAR LINEAR LINEAR LINEAR LINEAR LINEAR LINEAR LINEAR LINEAR LINEAR LINEAR LINEAR LINEAR LINEAR </Name_array>
        <technique_common>
          <accessor source="#B_L_Clavicle_matrix-interpolation-array" count="33" stride="1">
            <param name="INTERPOLATION" type="name"></param>
          </accessor>
        </technique_common>
      </source>
      <source id="B_L_Finger0_matrix-input" name="B_L_Finger0_matrix-input">
        <float_array id="B_L_Finger0_matrix-input-array" count="33"> 0 1 2 3 4 5 6 7 8 9 10 11 12 13 14 15 16 17 18 19 20 21 22 23 24 25 26 27 28 29 30 31 32 </float_array>
        <technique_common>
          <accessor count="33" offset="0" source="#B_L_Finger0_matrix-input-array" stride="1">
            <param name="TIME" type="float" />
          </accessor>
        </technique_common>
      </source>
      <source id="B_L_Finger0_matrix-output" name="B_L_Finger0_matrix-output">
