<?xml version="1.0" encoding="UTF-8" standalone="no" ?>
<COLLADA xmlns="http://www.collada.org/2005/11/COLLADASchema" version="1.4.1">
  <asset>
    <contributor>
      <author>Assimp</author>
      <authoring_tool>FBX SDK/FBX Plugins version 2013.1</authoring_tool>
    </contributor>
    <created>2020-08-21T13:48:09</created>
    <modified>2020-08-21T13:48:09</modified>
    <unit name="meter" meter="1" />
    <up_axis>Y_UP</up_axis>
  </asset>
  <library_geometries>
  </library_geometries>
  <library_controllers>
  </library_controllers>
  <library_visual_scenes>
    <visual_scene id="RootNode" name="RootNode">
      <node id="Motion_aAssimpFbxa_Translation"  name="Motion_$AssimpFbx$_Translation" type="NODE">
        <matrix sid="matrix">1 0 0 9.92585e-07 0 1 0 0 0 0 1 -0.17328988 0 0 0 1</matrix>
        <node id="Motion_aAssimpFbxa_PreRotation"  name="Motion_$AssimpFbx$_PreRotation" type="NODE">
          <matrix sid="matrix">1 0 0 0 0 -4.3711388e-08 1 0 0 -1 -4.3711388e-08 0 0 0 0 1</matrix>
          <node id="Motion_aAssimpFbxa_Rotation"  name="Motion_$AssimpFbx$_Rotation" type="NODE">
            <matrix sid="matrix">1.3868001e-06 1 0 0 -1 1.3868001e-06 0 0 0 0 1 0 0 0 0 1</matrix>
            <node id="Motion_aAssimpFbxa_Scaling"  name="Motion_$AssimpFbx$_Scaling" type="NODE">
              <matrix sid="matrix">1 0 0 0 0 1 0 0 0 0 1 0 0 0 0 1</matrix>
              <node id="Motion"  name="Motion" type="NODE">
                <matrix sid="matrix">1 0 0 0 0 1 0 0 0 0 1 0 0 0 0 1</matrix>
                <node id="B_Pelvis"  name="B_Pelvis" type="NODE">
                  <matrix sid="matrix">-4.3711388e-08 0.60876256 0.79335248 307.32199 0 -0.79335248 0.60876256 3.6332321 1 2.6609857e-08 3.4678539e-08 102.41797 0 0 0 1</matrix>
                  <node id="B_Spine"  name="B_Spine" type="NODE">
                    <matrix sid="matrix">0.99823147 0.047404032 -0.03587313 7.6762848 -0.037805337 0.97190607 0.23231289 -1.6268311 0.045877878 -0.23054582 0.97197938 0.0023345947 0 0 0 1</matrix>
                    <node id="B_Spine1"  name="B_Spine1" type="NODE">
                      <matrix sid="matrix">0.99970514 -0.024198733 0.0019994171 12.747772 0.024175972 0.99965024 0.010716196 -0.014274597 -0.0022580363 -0.010664699 0.99994057 0.00018310547 0 0 0 1</matrix>
                      <node id="B_Spine2"  name="B_Spine2" type="NODE">
                        <matrix sid="matrix">0.9988209 -0.048403613 0.0037315548 17.93544 0.048312023 0.99859816 0.021625748 -0.026435852 -0.0047730878 -0.02141997 0.9997592 0.00054931641 0 0 0 1</matrix>
                        <node id="B_L_Clavicle"  name="B_L_Clavicle" type="NODE">
                          <matrix sid="matrix">-0.017590661 -0.00078421831 0.99984497 17.736847 -0.17375694 -0.98478115 -0.0038293824 0.073127747 0.98463148 -0.17379735 0.017186686 5.0179443 0 0 0 1</matrix>
                          <node id="B_L_UpperArm"  name="B_L_UpperArm" type="NODE">
                            <matrix sid="matrix">0.67658818 0.4022921 0.61675727 17.464661 -0.50647587 0.86222738 -0.0067963898 -1.5258789e-05 -0.53451914 -0.30777431 0.78712404 0 0 0 0 1</matrix>
                            <node id="B_L_Forearm"  name="B_L_Forearm" type="NODE">
                              <matrix sid="matrix">-0.13640097 0.98478979 0.1076279 27.628174 -0.99065369 -0.13559353 -0.014819502 0 -4.4703489e-07 -0.10864338 0.99408078 0 0 0 0 1</matrix>
                              <node id="B_L_ForeArmTwist"  name="B_L_ForeArmTwist" type="NODE">
                                <matrix sid="matrix">1 6.2004204e-08 -2.930212e-07 11.992641 -2.9802308e-08 0.99408078 0.1086436 -3.0517578e-05 2.9802308e-07 -0.1086436 0.99408078 3.0517578e-05 0 0 0 1</matrix>
                                <node id="B_L_Hand"  name="B_L_Hand" type="NODE">
                                  <matrix sid="matrix">0.96626526 -0.095602177 0.23914786 11.992638 -0.24727412 -0.084708586 0.96523571 1.5258789e-05 -0.072020762 -0.99180877 -0.10549091 -3.0517578e-05 0 0 0 1</matrix>
                                  <node id="B_L_Finger0"  name="B_L_Finger0" type="NODE">
                                    <matrix sid="matrix">0.80900657 0.13246357 0.57267952 1.4603271 0.15583256 0.89108139 -0.42625129 1.9355774 -0.5667668 0.43408221 0.7002486 -2.4376602 0 0 0 1</matrix>
                                    <node id="B_L_Finger01"  name="B_L_Finger01" type="NODE">
                                      <matrix sid="matrix">0.80299318 -0.59598827 -5.1368275e-08 3.7140198 0.59598827 0.80299318 8.2665892e-09 -3.0517578e-05 3.632158e-08 -3.7252899e-08 1 -1.5258789e-05 0 0 0 1</matrix>
                                      <node id="B_L_Finger02"  name="B_L_Finger02" type="NODE">
                                        <matrix sid="matrix">0.55218464 -0.83372188 -1.25857e-08 5.5299377 0.83372188 0.55218464 6.1954843e-08 3.0517578e-05 -4.4703476e-08 -4.4703484e-08 1 3.0517578e-05 0 0 0 1</matrix>
                                      </node>
                                    </node>
                                  </node>
                                  <node id="B_L_Finger1"  name="B_L_Finger1" type="NODE">
                                    <matrix sid="matrix">0.27254871 -0.95552647 0.11263395 11.625462 0.92804098 0.23019069 -0.29283458 3.120575 0.2538839 0.18434063 0.94950593 -3.0983734 0 0 0 1</matrix>
                                    <node id="B_L_Finger11"  name="B_L_Finger11" type="NODE">
                                      <matrix sid="matrix">-0.25881925 -0.96592575 9.9720538e-08 4.4568176 0.96592575 -0.25881925 8.8427328e-08 -7.6293945e-06 -5.9604645e-08 1.1920933e-07 1 0 0 0 0 1</matrix>
                                      <node id="B_L_Finger12"  name="B_L_Finger12" type="NODE">
                                        <matrix sid="matrix">0.57357568 -0.81915259 3.1250195e-07 3.3311615 0.81915259 0.57357568 -7.3288234e-08 0 -1.1920927e-07 2.9802314e-07 1 0 0 0 0 1</matrix>
                                      </node>
                                    </node>
                                  </node>
                                  <node id="B_L_Finger2"  name="B_L_Finger2" type="NODE">
                                    <matrix sid="matrix">0.2580848 -0.96503466 0.045829229 11.814083 0.96096498 0.25152332 -0.11524851 2.4381104 0.099691689 0.07378418 0.99227893 0.83571625 0 0 0 1</matrix>
                                    <node id="B_L_Finger21"  name="B_L_Finger21" type="NODE">
                                      <matrix sid="matrix">-0.62068564 -0.78405952 4.8461141e-07 5.199646 0.78405952 -0.62068564 1.0805881e-07 1.5258789e-05 2.1606679e-07 4.4703475e-07 1 0 0 0 0 1</matrix>
                                      <node id="B_L_Finger22"  name="B_L_Finger22" type="NODE">
                                        <matrix sid="matrix">0.44828629 -0.89389002 7.9943163e-11 5.1996307 0.89389002 0.44828629 6.663997e-08 0 -5.9604645e-08 -2.9802326e-08 1 0 0 0 0 1</matrix>
                                      </node>
                                    </node>
                                  </node>
                                  <node id="B_L_Finger3"  name="B_L_Finger3" type="NODE">
                                    <matrix sid="matrix">0.13847044 -0.99036652 0.00029718303 11.814064 0.99036658 0.13847046 5.9347829e-05 1.9342651 -9.9927172e-05 0.00028610221 0.99999994 4.6002426 0 0 0 1</matrix>
                                    <node id="B_L_Finger31"  name="B_L_Finger31" type="NODE">
                                      <matrix sid="matrix">-0.058766864 -0.99827176 -1.004477e-06 4.4568481 0.99827176 -0.058766864 -1.1935809e-06 1.5258789e-05 1.1324881e-06 -1.0728839e-06 1 -1.5258789e-05 0 0 0 1</matrix>
                                      <node id="B_L_Finger32"  name="B_L_Finger32" type="NODE">
                                        <matrix sid="matrix">-0.058766745 -0.99827176 -1.8479864e-06 4.456768 0.99827176 -0.058766745 -1.5716296e-06 0 1.4603132e-06 -1.9371521e-06 1 -1.5258789e-05 0 0 0 1</matrix>
                                      </node>
                                    </node>
                                  </node>
                                  <node id="B_L_Finger4"  name="B_L_Finger4" type="NODE">
                                    <matrix sid="matrix">0.14714384 -0.98122936 -0.12464997 11.857193 0.98368686 0.15835436 -0.085346922 4.0529175 0.10348377 -0.11005827 0.9885233 6.5145187 0 0 0 1</matrix>
                                    <node id="B_L_Finger41"  name="B_L_Finger41" type="NODE">
                                      <matrix sid="matrix">-0.18123157 -0.98344046 -2.1979174e-06 3.3276672 0.98344046 -0.18123157 -3.8597123e-06 1.5258789e-05 3.3974652e-06 -2.8610225e-06 1 3.0517578e-05 0 0 0 1</matrix>
                                      <node id="B_L_Finger42"  name="B_L_Finger42" type="NODE">
                                        <matrix sid="matrix">0.0019772795 -0.99999803 -2.1970068e-06 3.3276577 0.99999803 0.0019772795 -3.3037204e-06 -3.0517578e-05 3.3080582e-06 -2.1904702e-06 1 -3.0517578e-05 0 0 0 1</matrix>
                                      </node>
                                    </node>
                                  </node>
                                </node>
                              </node>
                            </node>
                          </node>
                        </node>
                        <node id="B_R_Clavicle"  name="B_R_Clavicle" type="NODE">
                          <matrix sid="matrix">-0.10452852 -0.00079656986 -0.9945215 17.736847 0.00023397958 -0.99999964 0.00077636517 0.074653625 -0.99452186 -0.00015154544 0.10452867 -5.0180359 0 0 0 1</matrix>
                          <node id="B_R_UpperArm"  name="B_R_UpperArm" type="NODE">
                            <matrix sid="matrix">0.65678829 0.18435103 -0.73119342 17.46463 -0.58112288 0.74166942 -0.33499652 1.5258789e-05 0.48054683 0.64493501 0.59425038 0 0 0 0 1</matrix>
                            <node id="B_R_Forearm"  name="B_R_Forearm" type="NODE">
                              <matrix sid="matrix">0.1257856 0.99193633 -0.015499667 27.628204 -0.99205744 0.12577026 -0.0019651239 0 1.1920932e-07 0.015623745 0.99987793 -1.5258789e-05 0 0 0 1</matrix>
                              <node id="B_R_ForeArmTwist"  name="B_R_ForeArmTwist" type="NODE">
                                <matrix sid="matrix">1 -1.3968749e-09 -8.9396053e-08 11.992645 0 0.99987793 -0.015623782 -3.0517578e-05 8.9406967e-08 0.015623782 0.99987793 1.5258789e-05 0 0 0 1</matrix>
                                <node id="B_R_Hand"  name="B_R_Hand" type="NODE">
                                  <matrix sid="matrix">0.86458033 -0.066815831 -0.49803263 11.992645 -0.49769527 0.022792298 -0.86705244 0 0.069284134 0.99750501 -0.013548149 -1.5258789e-05 0 0 0 1</matrix>
                                  <node id="B_R_Finger0"  name="B_R_Finger0" type="NODE">
                                    <matrix sid="matrix">0.80900663 0.13246378 -0.5726794 1.4603271 0.15583239 0.89108133 0.42625153 1.9355469 0.5667668 -0.43408227 0.70024854 2.437664 0 0 0 1</matrix>
                                    <node id="B_R_Finger01"  name="B_R_Finger01" type="NODE">
                                      <matrix sid="matrix">0.80299306 -0.59598839 -3.2849269e-07 3.7140503 0.59598839 0.80299306 -1.3246799e-07 0 3.4272674e-07 -8.9406967e-08 1 0 0 0 0 1</matrix>
                                      <node id="B_R_Finger02"  name="B_R_Finger02" type="NODE">
                                        <matrix sid="matrix">0.55218476 -0.83372176 1.3230009e-07 5.5298767 0.83372176 0.55218476 -1.6131857e-08 1.5258789e-05 -5.960462e-08 1.1920923e-07 1 2.2888184e-05 0 0 0 1</matrix>
                                      </node>
                                    </node>
                                  </node>
                                  <node id="B_R_Finger1"  name="B_R_Finger1" type="NODE">
                                    <matrix sid="matrix">0.27254859 -0.95552653 -0.11263388 11.625488 0.92804098 0.2301905 0.29283494 3.1205597 -0.25388429 -0.1843406 0.94950587 3.0983505 0 0 0 1</matrix>
                                    <node id="B_R_Finger11"  name="B_R_Finger11" type="NODE">
                                      <matrix sid="matrix">-0.25881937 -0.96592575 -1.5925312e-07 4.4568176 0.96592575 -0.25881937 -2.0977836e-08 -3.0517578e-05 -2.0954758e-08 -1.5925615e-07 1 0 0 0 0 1</matrix>
                                      <node id="B_R_Finger12"  name="B_R_Finger12" type="NODE">
                                        <matrix sid="matrix">0.57357585 -0.81915247 1.8143601e-07 3.3311157 0.81915247 0.57357585 1.1704297e-07 -1.5258789e-05 -1.9994334e-07 8.1490718e-08 1 -3.8146973e-06 0 0 0 1</matrix>
                                      </node>
                                    </node>
                                  </node>
                                  <node id="B_R_Finger2"  name="B_R_Finger2" type="NODE">
                                    <matrix sid="matrix">0.25808457 -0.96503478 -0.045829259 11.814087 0.96096516 0.25152311 0.11524832 2.4381104 -0.09969151 -0.073784128 0.99227899 -0.83571625 0 0 0 1</matrix>
                                    <node id="B_R_Finger21"  name="B_R_Finger21" type="NODE">
                                      <matrix sid="matrix">-0.62068546 -0.7840597 -1.4896079e-07 5.1996155 0.7840597 -0.62068546 -3.8910741e-09 -3.0517578e-05 -8.940696e-08 -1.1920928e-07 1 -3.0517578e-05 0 0 0 1</matrix>
                                      <node id="B_R_Finger22"  name="B_R_Finger22" type="NODE">
                                        <matrix sid="matrix">0.44828618 -0.89389008 -6.9979961e-08 5.199585 0.89389008 0.44828618 -6.5800698e-09 0 3.725291e-08 -5.9604645e-08 1 2.6702881e-05 0 0 0 1</matrix>
                                      </node>
                                    </node>
                                  </node>
                                  <node id="B_R_Finger3"  name="B_R_Finger3" type="NODE">
                                    <matrix sid="matrix">0.1384702 -0.99036652 -0.00029822779 11.814087 0.99036658 0.13847022 -5.9502749e-05 1.9342346 0.00010022521 -0.00028711552 0.99999994 -4.6002502 0 0 0 1</matrix>
                                    <node id="B_R_Finger31"  name="B_R_Finger31" type="NODE">
                                      <matrix sid="matrix">-0.058766745 -0.99827176 2.2756641e-08 4.4567871 0.99827176 -0.058766745 -1.33003e-07 3.0517578e-05 1.3411046e-07 1.4901158e-08 1 0 0 0 0 1</matrix>
                                      <node id="B_R_Finger32"  name="B_R_Finger32" type="NODE">
                                        <matrix sid="matrix">-0.058766745 -0.99827176 6.6415049e-07 4.4568481 0.99827176 -0.058766745 -1.2509902e-07 3.0517578e-05 1.6391277e-07 6.5565098e-07 1 -1.1444092e-05 0 0 0 1</matrix>
                                      </node>
                                    </node>
                                  </node>
                                  <node id="B_R_Finger4"  name="B_R_Finger4" type="NODE">
                                    <matrix sid="matrix">0.14714396 -0.98122966 0.12464791 11.857239 0.98368686 0.15835428 0.085347064 4.052887 -0.10348359 0.1100562 0.98852354 -6.5145607 0 0 0 1</matrix>
                                    <node id="B_R_Finger41"  name="B_R_Finger41" type="NODE">
                                      <matrix sid="matrix">-0.18123123 -0.98344052 1.7116557e-07 3.327652 0.98344052 -0.18123123 8.8005885e-07 3.0517578e-05 -8.3446497e-07 3.2782529e-07 1 3.0517578e-05 0 0 0 1</matrix>
                                      <node id="B_R_Finger42"  name="B_R_Finger42" type="NODE">
                                        <matrix sid="matrix">0.0019766835 -0.99999803 3.1410184e-07 3.3277588 0.99999803 0.0019766835 5.954268e-07 4.5776367e-05 -5.9604656e-07 3.1292427e-07 1 -1.5258789e-05 0 0 0 1</matrix>
                                      </node>
                                    </node>
                                  </node>
                                </node>
                              </node>
                            </node>
                          </node>
                        </node>
                        <node id="B_Neck"  name="B_Neck" type="NODE">
                          <matrix sid="matrix">0.9745459 -0.20556861 -0.08945284 27.039734 0.20928553 0.97725385 0.03427105 1.1282272 0.080373079 -0.0521199 0.99540126 0.00054931641 0 0 0 1</matrix>
                          <node id="B_Head"  name="B_Head" type="NODE">
                            <matrix sid="matrix">0.98408651 0.17358987 -0.037950262 10.019302 -0.16961534 0.85404325 -0.49177301 1.4083138 -0.052955654 0.49038416 0.86989599 -3.0517578e-05 0 0 0 1</matrix>
                          </node>
                        </node>
                      </node>
                    </node>
                  </node>
                  <node id="B_L_Thigh"  name="B_L_Thigh" type="NODE">
                    <matrix sid="matrix">-0.88179493 0.28008324 -0.37946168 -1.5258789e-05 0.35161811 0.92662716 -0.13314211 3.0517578e-05 0.31432858 -0.25082961 -0.91557741 11.161453 0 0 0 1</matrix>
                    <node id="B_L_Calf"  name="B_L_Calf" type="NODE">
                      <matrix sid="matrix">0.87463462 0.48478267 4.096903e-07 50.282761 -0.48478267 0.87463462 7.9932779e-06 0 3.5166736e-06 -7.1898089e-06 1 -3.0517578e-05 0 0 0 1</matrix>
                      <node id="B_L_Foot"  name="B_L_Foot" type="NODE">
                        <matrix sid="matrix">0.90702915 -0.23339494 -0.35046387 39.728123 0.18250699 0.96798974 -0.17229943 -1.5258789e-05 0.3794592 0.092318498 0.92059112 0 0 0 0 1</matrix>
                        <node id="B_L_Toe0"  name="B_L_Toe0" type="NODE">
                          <matrix sid="matrix">-4.3711388e-08 -1 -5.6529217e-08 18.214443 1 -4.3711388e-08 -2.4709704e-15 14.545944 0 -5.6529217e-08 1 0.020629883 0 0 0 1</matrix>
                        </node>
                      </node>
                    </node>
                  </node>
                  <node id="B_R_Thigh"  name="B_R_Thigh" type="NODE">
                    <matrix sid="matrix">-0.87342507 0.42952454 0.2294282 -1.5258789e-05 0.18168892 0.72456968 -0.66482162 -3.0517578e-05 -0.45179397 -0.53898734 -0.71089721 -11.161469 0 0 0 1</matrix>
                    <node id="B_R_Calf"  name="B_R_Calf" type="NODE">
                      <matrix sid="matrix">0.69287807 0.72105479 -6.8867848e-08 50.28273 -0.72105479 0.69287807 -4.7779749e-06 0 -3.3974645e-06 3.3602114e-06 1 3.0517578e-05 0 0 0 1</matrix>
                      <node id="B_R_Foot"  name="B_R_Foot" type="NODE">
                        <matrix sid="matrix">0.91488802 -0.317229 0.24969119 39.728134 0.33217922 0.94302422 -0.019032061 0 -0.22942732 0.10035443 0.96813846 3.0517578e-05 0 0 0 1</matrix>
                        <node id="B_R_Toe0"  name="B_R_Toe0" type="NODE">
                          <matrix sid="matrix">-4.3711388e-08 -1 5.8227147e-07 18.214441 1 -4.3711761e-08 -6.4074993e-07 14.54595 6.4074993e-07 5.8227147e-07 1 -0.020629883 0 0 0 1</matrix>
                        </node>
                      </node>
                    </node>
                  </node>
                </node>
              </node>
            </node>
          </node>
        </node>
      </node>
      <node id="Exporter_aAssimpFbxa_PreRotation"  name="Exporter_$AssimpFbx$_PreRotation" type="NODE">
        <matrix sid="matrix">1 0 0 0 0 -4.3711388e-08 1 0 0 -1 -4.3711388e-08 0 0 0 0 1</matrix>
        <node id="Exporter"  name="Exporter" type="NODE">
          <matrix sid="matrix">1 0 0 0 0 1 0 0 0 0 1 0 0 0 0 1</matrix>
        </node>
      </node>
    </visual_scene>
  </library_visual_scenes>
  <library_animations>
    <animation id="TakeW001AnimId0" name="Take 001">
      <source id="B_Head_matrix-input" name="B_Head_matrix-input">
        <float_array id="B_Head_matrix-input-array" count="37"> 0 1 2 3 4 5 6 7 8 9 10 11 12 13 14 15 16 17 18 19 20 21 22 23 24 25 26 27 28 29 30 31 32 33 34 35 36 </float_array>
        <technique_common>
          <accessor count="37" offset="0" source="#B_Head_matrix-input-array" stride="1">
            <param name="TIME" type="float" />
          </accessor>
        </technique_common>
      </source>
      <source id="B_Head_matrix-output" name="B_Head_matrix-output">
        <float_array id="B_Head_matrix-output-array" count="592"> 0.98053014 -0.049163502 0.1901148 10.01931 0.15572104 0.78448844 -0.60027426 1.4083147 -0.11963123 0.61819196 0.77687031 4.7683716e-07 0 0 0 1 0.98053008 -0.049163502 0.19011474 10.019302 0.15572101 0.78448826 -0.60027421 1.4083128 -0.11963119 0.61819184 0.77687019 1.3411045e-07 0 0 0 1 0.98053014 -0.049163483 0.19011483 10.019318 0.15572102 0.78448844 -0.60027432 1.4083147 -0.11963125 0.61819196 0.77687031 9.8347664e-07 0 0 0 1 0.9805299 -0.049163442 0.19011481 10.01931 0.15572101 0.78448808 -0.60027426 1.4083147 -0.11963125 0.61819184 0.77687013 -5.9604645e-08 0 0 0 1 0.98053002 -0.049163509 0.19011481 10.01931 0.15572104 0.78448838 -0.60027426 1.4083138 -0.11963123 0.6181919 0.77687025 4.1723251e-07 0 0 0 1 0.98162043 -0.043616913 0.18579216 10.01931 0.14868465 0.78510344 -0.60125309 1.4083147 -0.1196413 0.61782676 0.7771588 2.3841858e-07 0 0 0 1 0.98332638 -0.034363557 0.178573 10.019318 0.13694109 0.78604066 -0.60281599 1.4083118 -0.11965074 0.61721873 0.7776404 7.1525574e-07 0 0 0 1 0.9836508 -0.032511648 0.17712691 10.019302 0.13459001 0.78621495 -0.60311806 1.4083118 -0.11965147 0.61709714 0.77773672 -2.3841858e-07 0 0 0 1 0.98053002 -0.049163491 0.19011478 10.01931 0.15572105 0.78448814 -0.60027415 1.4083138 -0.11963125 0.61819178 0.77687007 2.3841858e-07 0 0 0 1 0.96589655 -0.10107131 0.23838711 10.01931 0.22684962 0.77418691 -0.5909093 1.4083176 -0.1248322 0.62483537 0.77071238 0 0 0 0 1 0.9356029 -0.17754422 0.3051638 10.019302 0.32887787 0.75262862 -0.57042921 1.4083099 -0.12839857 0.63405693 0.76255202 4.7683716e-07 0 0 0 1 0.90471482 -0.25056624 0.34453961 10.01931 0.40966639 0.73360455 -0.54221559 1.4083252 -0.11689492 0.63169688 0.76635146 2.3841858e-07 0 0 0 1 0.8818984 -0.31077871 0.35450256 10.01931 0.4605417 0.72866714 -0.50689805 1.4083099 -0.10078126 0.61029565 0.7857368 9.5367432e-07 0 0 0 1 0.86180055 -0.3691051 0.34793863 10.019312 0.5007062 0.72881573 -0.46703416 1.4083176 -0.081198499 0.57670516 0.81290716 -3.8146973e-06 0 0 0 1 0.84911144 -0.42395759 0.31507161 10.019314 0.52590144 0.73428959 -0.42923987 1.4083099 -0.049374305 0.53016907 0.84645337 0 0 0 0 1 0.84304357 -0.46985453 0.26175219 10.019302 0.53772414 0.74663311 -0.39165249 1.4083099 -0.011413157 0.47093058 0.88209647 0 0 0 0 1 0.83324993 -0.51750684 0.19463037 10.019318 0.55222267 0.76159525 -0.3391498 1.4083176 0.027282754 0.3900758 0.92037857 7.6293945e-06 0 0 0 1 0.8132112 -0.56837934 0.12502994 10.019318 0.57942349 0.77067864 -0.26518485 1.4083138 0.054367669 0.28809661 0.95605677 3.8146973e-06 0 0 0 1 0.79008114 -0.60975105 0.06305369 10.019318 0.60963207 0.77079773 -0.18498598 1.4083252 0.064193755 0.1845935 0.98071611 -1.9073486e-06 0 0 0 1 0.77396625 -0.63315791 0.0093690893 10.01931 0.62989587 0.76829386 -0.11382481 1.4083099 0.064870887 0.093998075 0.9934566 0 0 0 0 1 0.77444631 -0.63134724 -0.040420514 10.019314 0.62872517 0.77517813 -0.061674412 1.4083099 0.07027109 0.022350125 0.99727744 -7.6293945e-06 0 0 0 1 0.79810292 -0.59600705 -0.088358112 10.019318 0.59543133 0.8026154 -0.035637248 1.4083099 0.09215761 -0.024168996 0.99545121 0 0 0 0 1 0.8548398 -0.49575043 -0.15323196 10.019302 0.49237064 0.86817467 -0.061996873 1.4083405 0.1637671 -0.022449527 0.98624349 -7.6293945e-06 0 0 0 1 0.91943121 -0.33190539 -0.21091492 10.019302 0.30211127 0.93949962 -0.16146027 1.4083023 0.25174406 0.084731854 0.96407735 1.5258789e-05 0 0 0 1 0.96929204 -0.14399698 -0.19934405 10.019302 0.078129165 0.94895393 -0.305585 1.4082947 0.23317169 0.28062648 0.93106377 -3.0517578e-05 0 0 0 1 0.99225324 0.042078812 -0.1168876 10.019302 -0.088700414 0.89873064 -0.42943612 1.4083099 0.086980306 0.43647742 0.89550078 0 0 0 0 1 0.98408645 0.17358992 -0.037950218 10.019318 -0.16961536 0.85404319 -0.49177307 1.4083138 -0.052955713 0.49038419 0.86989599 -3.0517578e-05 0 0 0 1 0.97325248 0.22965655 -0.0061163688 10.019333 -0.20029584 0.83518457 -0.51219946 1.4083214 -0.11252165 0.49972439 0.85884494 0 0 0 0 1 0.96942282 0.24537447 0.0032605832 10.019333 -0.20834702 0.83001012 -0.51737279 1.4083138 -0.12965637 0.50087363 0.85575408 0 0 0 0 1 0.97219473 0.23414811 -0.0034570396 10.019302 -0.202619 0.83369946 -0.51370269 1.4083138 -0.11740041 0.50011939 0.8579613 3.0517578e-05 0 0 0 1 0.9776566 0.2094465 -0.017881846 10.019302 -0.18960781 0.84192163 -0.5051896 1.4083138 -0.090755112 0.49729246 0.86282301 -3.0517578e-05 0 0 0 1 0.98226565 0.18477902 -0.031798895 10.019318 -0.17600372 0.85024333 -0.49609369 1.4083061 -0.064630911 0.49289235 0.86768663 -6.1035156e-05 0 0 0 1 0.98408645 0.17358992 -0.037950218 10.019302 -0.16961536 0.85404319 -0.49177307 1.4083138 -0.052955713 0.49038419 0.86989599 0 0 0 0 1 0.98408645 0.17358992 -0.037950218 10.019302 -0.16961536 0.85404319 -0.49177307 1.4083138 -0.052955713 0.49038419 0.86989599 0 0 0 0 1 0.98408645 0.17358992 -0.037950218 10.019302 -0.16961536 0.85404319 -0.49177307 1.4083138 -0.052955713 0.49038419 0.86989599 0 0 0 0 1 0.98408645 0.17358992 -0.037950218 10.019302 -0.16961536 0.85404319 -0.49177307 1.4083138 -0.052955713 0.49038419 0.86989599 0 0 0 0 1 0.98408645 0.17358992 -0.037950218 10.019302 -0.16961536 0.85404319 -0.49177307 1.4083138 -0.052955713 0.49038419 0.86989599 0 0 0 0 1 </float_array>
        <technique_common>
          <accessor count="37" offset="0" source="#B_Head_matrix-output-array" stride="16">
            <param name="TRANSFORM" type="float4x4" />
          </accessor>
        </technique_common>
      </source>
      <source id="B_Head_matrix-interpolation">
        <Name_array id="B_Head_matrix-interpolation-array" count="37"> LINEAR LINEAR LINEAR LINEAR LINEAR LINEAR LINEAR LINEAR LINEAR LINEAR LINEAR LINEAR LINEAR LINEAR LINEAR LINEAR LINEAR LINEAR LINEAR LINEAR LINEAR LINEAR LINEAR LINEAR LINEAR LINEAR LINEAR LINEAR LINEAR LINEAR LINEAR LINEAR LINEAR LINEAR LINEAR LINEAR LINEAR </Name_array>
        <technique_common>
          <accessor source="#B_Head_matrix-interpolation-array" count="37" stride="1">
            <param name="INTERPOLATION" type="name"></param>
          </accessor>
        </technique_common>
      </source>
      <source id="B_L_Calf_matrix-input" name="B_L_Calf_matrix-input">
        <float_array id="B_L_Calf_matrix-input-array" count="37"> 0 1 2 3 4 5 6 7 8 9 10 11 12 13 14 15 16 17 18 19 20 21 22 23 24 25 26 27 28 29 30 31 32 33 34 35 36 </float_array>
        <technique_common>
          <accessor count="37" offset="0" source="#B_L_Calf_matrix-input-array" stride="1">
            <param name="TIME" type="float" />
          </accessor>
        </technique_common>
      </source>
      <source id="B_L_Calf_matrix-output" name="B_L_Calf_matrix-output">
        <float_array id="B_L_Calf_matrix-output-array" count="592"> 0.90895498 0.41689456 4.1667977e-07 50.282749 -0.41689456 0.90895498 8.0057525e-06 1.9073486e-06 2.9588116e-06 -7.4505801e-06 1 3.8146973e-06 0 0 0 1 0.69480455 0.71919876 6.6088711e-07 50.282745 -0.71919858 0.69480473 7.7658487e-06 2.9802322e-06 5.1259995e-06 -5.8710571e-06 1.0000001 1.9073486e-06 0 0 0 1 0.26849926 0.9632799 1.0296588e-06 50.282738 -0.9632799 0.26849926 7.2945445e-06 -4.7683716e-07 6.750226e-06 -2.9504297e-06 0.99999994 3.8146973e-06 0 0 0 1 -0.20664625 0.97841609 9.3461574e-07 50.282749 -0.97841597 -0.20664628 6.8768859e-06 1.9073486e-06 6.9215894e-06 5.0663988e-07 1.0000001 3.8146973e-06 0 0 0 1 -0.50706035 0.8619104 7.5875607e-07 50.282738 -0.8619104 -0.50706035 6.6235507e-06 9.5367432e-07 6.0936427e-06 2.7045605e-06 0.99999988 3.8146973e-06 0 0 0 1 -0.62552482 0.78020471 6.8403779e-07 50.282749 -0.78020459 -0.62552488 6.4275014e-06 -1.9073486e-06 5.4426491e-06 3.4868724e-06 1 7.6293945e-06 0 0 0 1 -0.65200281 0.75821674 7.376641e-07 50.282745 -0.75821656 -0.65200299 6.4800233e-06 0 5.3942204e-06 3.6656854e-06 1 0 0 0 0 1 -0.59303749 0.80517513 9.419789e-07 50.282753 -0.80517513 -0.59303749 6.5053218e-06 0 5.7965522e-06 3.0994413e-06 1 3.8146973e-06 0 0 0 1 -0.43443462 0.90070367 8.0372649e-07 50.282753 -0.90070367 -0.43443462 6.7427668e-06 -3.8146973e-06 6.4224e-06 2.2053719e-06 1.0000001 5.7220459e-06 0 0 0 1 -0.017468099 0.99984777 9.5822395e-07 50.282757 -0.99984765 -0.0174681 7.0764781e-06 -3.8146973e-06 7.0921378e-06 -8.3446531e-07 1.0000001 1.9073486e-06 0 0 0 1 0.4873181 0.87322474 8.0895666e-07 50.282753 -0.87322468 0.48731816 7.6014867e-06 -3.8146973e-06 6.2435865e-06 -4.4107437e-06 1 3.8146973e-06 0 0 0 1 0.9134438 0.40696529 3.4772142e-07 50.282745 -0.40696529 0.9134438 8.066917e-06 5.7220459e-06 2.9653311e-06 -7.5101852e-06 1 7.6293945e-06 0 0 0 1 0.99999952 0.00097665214 5.2474896e-08 50.282745 -0.00097665191 0.99999976 7.9571701e-06 -3.8146973e-06 -4.4703487e-08 -7.9572201e-06 0.99999994 3.8146973e-06 0 0 0 1 0.99999928 0.0014648438 -3.2960035e-08 50.282753 -0.0014648438 0.99999928 8.0168793e-06 -3.8146973e-06 4.4703484e-08 -8.0168247e-06 1.0000001 1.9073486e-06 0 0 0 1 0.95164478 0.30720106 3.5654392e-07 50.282761 -0.30720103 0.9516449 7.9802558e-06 -3.8146973e-06 2.1122394e-06 -7.7039003e-06 1 3.8146973e-06 0 0 0 1 0.70972615 0.70447761 6.2115123e-07 50.282749 -0.70447755 0.70972621 7.7698915e-06 7.6293945e-06 5.0328667e-06 -5.9520826e-06 1 3.8146973e-06 0 0 0 1 0.40564919 0.91402918 9.1673928e-07 50.282742 -0.91402906 0.40564921 7.5311427e-06 0 6.5118079e-06 -3.8929284e-06 1 0 0 0 0 1 0.30695885 0.95172304 9.3952815e-07 50.282749 -0.95172304 0.30695885 7.4269774e-06 0 6.7800283e-06 -3.1739469e-06 1.0000001 0 0 0 0 1 0.2996451 0.95405084 9.4852476e-07 50.282745 -0.95405084 0.2996451 7.4044783e-06 7.6293945e-06 6.7800283e-06 -3.1236564e-06 1 0 0 0 0 1 0.14717831 0.98911023 9.3209053e-07 50.282745 -0.98911011 0.14717832 7.2268804e-06 0 7.0109963e-06 -1.9855802e-06 1.0000001 0 0 0 0 1 -0.56084526 0.82792103 7.3899923e-07 50.282738 -0.82792091 -0.56084532 6.5907179e-06 0 5.871058e-06 3.0845406e-06 1 3.8146973e-06 0 0 0 1 -0.91245377 0.40918055 3.7038512e-07 50.282745 -0.40918052 -0.91245389 6.2207641e-06 7.6293945e-06 2.8833747e-06 5.5246046e-06 1 3.8146973e-06 0 0 0 1 -0.80691427 0.59066945 5.6777918e-07 50.282791 -0.59066945 -0.80691427 6.288079e-06 0 4.1723247e-06 4.7385693e-06 1.0000001 4.7683716e-06 0 0 0 1 -0.59413779 0.80436349 7.8620383e-07 50.282776 -0.80436331 -0.59413791 6.6071352e-06 0 5.7816505e-06 3.2931555e-06 1 7.6293945e-06 0 0 0 1 -0.2608023 0.96539253 8.2385122e-07 50.282776 -0.96539241 -0.26080233 6.8776926e-06 7.6293945e-06 6.8545341e-06 9.9837803e-07 1 0 0 0 0 1 0.14846268 0.98891824 9.6875817e-07 50.282761 -0.98891824 0.14846268 7.1973259e-06 0 6.9737434e-06 -2.0265579e-06 0.99999988 -1.5258789e-05 0 0 0 1 0.5679599 0.82305664 7.6647848e-07 50.282753 -0.82305652 0.56795996 7.6259448e-06 0 5.8412547e-06 -4.9620867e-06 1 3.0517578e-05 0 0 0 1 0.66792476 0.74422926 6.6866414e-07 50.282768 -0.74422926 0.66792476 7.6879915e-06 7.6293945e-06 5.2750111e-06 -5.6326389e-06 1 0 0 0 0 1 0.73796499 0.67483914 6.9264416e-07 50.282761 -0.67483914 0.73796499 7.8675357e-06 -7.6293945e-06 4.7981734e-06 -6.2733889e-06 1.0000001 0 0 0 0 1 0.77799708 0.62826824 5.1048028e-07 50.282753 -0.62826806 0.77799726 7.7949244e-06 0 4.5001502e-06 -6.385148e-06 1 -3.0517578e-05 0 0 0 1 0.8037833 0.5949223 5.8148441e-07 50.282753 -0.59492218 0.80378348 7.9491392e-06 1.5258789e-05 4.2617316e-06 -6.7353249e-06 1 0 0 0 0 1 0.83188331 0.55495083 5.5616954e-07 50.282753 -0.55495083 0.83188331 7.8687553e-06 -1.5258789e-05 3.9041042e-06 -6.8545323e-06 1 3.0517578e-05 0 0 0 1 0.87463415 0.48478383 3.8881109e-07 50.282753 -0.48478383 0.87463415 7.8941166e-06 -1.5258789e-05 3.4868724e-06 -7.0929527e-06 1.0000001 0 0 0 0 1 0.87463415 0.48478383 3.8881109e-07 50.282753 -0.48478383 0.87463415 7.8941166e-06 -1.5258789e-05 3.4868724e-06 -7.0929527e-06 1.0000001 0 0 0 0 1 0.87463415 0.48478383 3.8881109e-07 50.282753 -0.48478383 0.87463415 7.8941166e-06 -1.5258789e-05 3.4868724e-06 -7.0929527e-06 1.0000001 0 0 0 0 1 0.87463415 0.48478383 3.8881109e-07 50.282753 -0.48478383 0.87463415 7.8941166e-06 -1.5258789e-05 3.4868724e-06 -7.0929527e-06 1.0000001 0 0 0 0 1 0.87463415 0.48478383 3.8881109e-07 50.282753 -0.48478383 0.87463415 7.8941166e-06 -1.5258789e-05 3.4868724e-06 -7.0929527e-06 1.0000001 0 0 0 0 1 </float_array>
        <technique_common>
          <accessor count="37" offset="0" source="#B_L_Calf_matrix-output-array" stride="16">
            <param name="TRANSFORM" type="float4x4" />
          </accessor>
        </technique_common>
      </source>
      <source id="B_L_Calf_matrix-interpolation">
        <Name_array id="B_L_Calf_matrix-interpolation-array" count="37"> LINEAR LINEAR LINEAR LINEAR LINEAR LINEAR LINEAR LINEAR LINEAR LINEAR LINEAR LINEAR LINEAR LINEAR LINEAR LINEAR LINEAR LINEAR LINEAR LINEAR LINEAR LINEAR LINEAR LINEAR LINEAR LINEAR LINEAR LINEAR LINEAR LINEAR LINEAR LINEAR LINEAR LINEAR LINEAR LINEAR LINEAR </Name_array>
        <technique_common>
          <accessor source="#B_L_Calf_matrix-interpolation-array" count="37" stride="1">
            <param name="INTERPOLATION" type="name"></param>
          </accessor>
        </technique_common>
      </source>
      <source id="B_L_Clavicle_matrix-input" name="B_L_Clavicle_matrix-input">
        <float_array id="B_L_Clavicle_matrix-input-array" count="37"> 0 1 2 3 4 5 6 7 8 9 10 11 12 13 14 15 16 17 18 19 20 21 22 23 24 25 26 27 28 29 30 31 32 33 34 35 36 </float_array>
        <technique_common>
          <accessor count="37" offset="0" source="#B_L_Clavicle_matrix-input-array" stride="1">
            <param name="TIME" type="float" />
          </accessor>
        </technique_common>
      </source>
      <source id="B_L_Clavicle_matrix-output" name="B_L_Clavicle_matrix-output">
        <float_array id="B_L_Clavicle_matrix-output-array" count="592"> -0.017314434 -0.00078429276 0.99984968 17.736858 0.17348625 -0.9848339 0.0022317243 0.073137283 0.98468411 0.17349882 0.017187713 5.0180159 0 0 0 1 -0.017314434 -0.00078429276 0.99984962 17.736851 0.17348638 -0.98483366 0.0022317467 0.073141098 0.98468405 0.17349894 0.017187892 5.0180163 0 0 0 1 -0.017314436 -0.00078429276 0.9998498 17.736858 0.17348626 -0.9848339 0.0022317246 0.073141098 0.98468423 0.17349882 0.017187715 5.0180159 0 0 0 1 -0.017314197 -0.0007842778 0.99984992 17.736855 0.17348628 -0.9848336 0.0022317099 0.073137283 0.98468423 0.17349882 0.017187597 5.0180154 0 0 0 1 -0.017314078 -0.00078424811 0.99984992 17.736855 0.17348628 -0.98483396 0.0022317022 0.073141098 0.98468435 0.17349884 0.017187238 5.0180159 0 0 0 1 -0.017314434 -0.00078417355 0.99984986 17.736858 0.17348625 -0.9848339 0.0022318435 0.073143005 0.98468423 0.17349882 0.017187594 5.0180159 0 0 0 1 -0.017314196 -0.00078405422 0.99984974 17.736847 0.17348637 -0.98483348 0.0022319555 0.073143005 0.98468405 0.17349891 0.017187655 5.0180154 0 0 0 1 -0.017314432 -0.00078428531 0.99984992 17.736855 0.17348625 -0.9848339 0.0022317171 0.073143005 0.98468417 0.17349882 0.017187595 5.0180159 0 0 0 1 -0.01731408 -0.00078401726 0.99984992 17.736847 0.17348628 -0.98483396 0.0022319409 0.073143005 0.98468435 0.17349884 0.017187418 5.0180168 0 0 0 1 -0.017314434 -0.00078429276 0.99984992 17.736858 0.17348625 -0.9848339 0.0022317248 0.073143005 0.98468411 0.17349882 0.017187716 5.0180159 0 0 0 1 -0.017314076 -0.00078438967 0.9998498 17.736855 0.17348626 -0.98483372 0.0022316054 0.073127747 0.98468411 0.17349884 0.017187595 5.0180144 0 0 0 1 -0.017308593 -0.00078323483 0.99984986 17.736851 0.18042581 -0.98358595 0.0023528782 0.073143005 0.98343635 0.18043944 0.017165659 5.0180168 0 0 0 1 -0.017303107 -0.00078216183 0.99984986 17.736855 0.18735622 -0.98228872 0.0024739278 0.073127747 0.98213947 0.18737091 0.017143307 5.0180168 0 0 0 1 -0.017314434 -0.00078415114 0.99984986 17.736851 0.17348626 -0.98483378 0.0022318584 0.073127747 0.98468423 0.17349881 0.017187594 5.018013 0 0 0 1 -0.017342685 -0.00078903127 0.99984932 17.736847 0.13757856 -0.99048936 0.0016046986 0.073143005 0.99033898 0.13758565 0.01728636 5.018013 0 0 0 1 -0.017377257 -0.00079183269 0.99984872 17.736847 0.094069406 -0.9955653 0.0008464753 0.073131561 0.99541408 0.094069868 0.017374633 5.0180054 0 0 0 1 -0.017416 -0.00079608895 0.99984807 17.736847 0.045618176 -0.99895906 -7.7486033e-07 0.073135376 0.99880719 0.045611229 0.017434118 5.018013 0 0 0 1 -0.017456295 -0.00079694449 0.99984735 17.736855 -0.0050188936 -0.99998724 -0.00088468031 0.073143005 0.99983519 -0.0050335708 0.017452061 5.0180168 0 0 0 1 -0.017496107 -0.00079521706 0.99984652 17.736847 -0.055033859 -0.99848294 -0.001757152 0.073143005 0.99833125 -0.055056151 0.017425593 5.0180168 0 0 0 1 -0.0175333 -0.00079277897 0.99984598 17.736855 -0.10162992 -0.99481887 -0.0025709756 0.073150635 0.99466771 -0.10165935 0.01736182 5.018013 0 0 0 1 -0.017565366 -0.00078819686 0.99984533 17.736851 -0.14207996 -0.98984987 -0.0032763698 0.073135376 0.98969918 -0.14211555 0.017274912 5.0180206 0 0 0 1 -0.017590642 -0.00078427786 0.99984497 17.736847 -0.17375693 -0.98478109 -0.0038294345 0.073150635 0.98463148 -0.17379734 0.017186642 5.0180206 0 0 0 1 -0.01760423 -0.00078181172 0.99984479 17.736847 -0.19065119 -0.98164934 -0.0041243727 0.073150635 0.98150003 -0.19069418 0.017131982 5.0180054 0 0 0 1 -0.017605782 -0.000781551 0.99984473 17.736839 -0.19275907 -0.98123741 -0.0041612014 0.073135376 0.98108822 -0.1928024 0.017124712 5.0180054 0 0 0 1 -0.01760089 -0.00078218419 0.99984473 17.736855 -0.18643257 -0.98245937 -0.0040504551 0.073150635 0.98231 -0.18647492 0.017146166 5.0180206 0 0 0 1 -0.01759398 -0.00078357011 0.99984491 17.736862 -0.17798549 -0.98402548 -0.0039031282 0.073135376 0.98387587 -0.17802656 0.017173409 5.0180054 0 0 0 1 -0.01759064 -0.00078430015 0.99984503 17.736847 -0.17375694 -0.98478109 -0.003829442 0.073127747 0.98463148 -0.17379734 0.017186522 5.0179749 0 0 0 1 -0.017590642 -0.00078427792 0.99984497 17.736847 -0.17375693 -0.98478115 -0.0038294345 0.073143005 0.98463148 -0.17379735 0.017186642 5.0180054 0 0 0 1 -0.01759064 -0.00078428531 0.99984515 17.736847 -0.17375691 -0.98478121 -0.0038294275 0.073127747 0.98463148 -0.17379735 0.017186524 5.0180054 0 0 0 1 -0.017590642 -0.00078429276 0.99984497 17.736877 -0.17375694 -0.98478121 -0.0038294343 0.073135376 0.98463154 -0.17379735 0.017186521 5.0179749 0 0 0 1 -0.017590644 -0.00078427803 0.99984509 17.736862 -0.17375694 -0.98478127 -0.003829435 0.073143005 0.9846316 -0.17379737 0.017186644 5.0180054 0 0 0 1 -0.017590642 -0.00078427786 0.99984509 17.736862 -0.17375693 -0.98478109 -0.003829435 0.073135376 0.98463148 -0.17379734 0.017186644 5.0180359 0 0 0 1 -0.01759064 -0.00078430015 0.99984503 17.736847 -0.17375694 -0.98478109 -0.003829442 0.073127747 0.98463148 -0.17379734 0.017186522 5.0180054 0 0 0 1 -0.01759064 -0.00078430015 0.99984503 17.736847 -0.17375694 -0.98478109 -0.003829442 0.073127747 0.98463148 -0.17379734 0.017186522 5.0180054 0 0 0 1 -0.01759064 -0.00078430015 0.99984503 17.736847 -0.17375694 -0.98478109 -0.003829442 0.073127747 0.98463148 -0.17379734 0.017186522 5.0180054 0 0 0 1 -0.01759064 -0.00078430015 0.99984503 17.736847 -0.17375694 -0.98478109 -0.003829442 0.073127747 0.98463148 -0.17379734 0.017186522 5.0180054 0 0 0 1 -0.01759064 -0.00078430015 0.99984503 17.736847 -0.17375694 -0.98478109 -0.003829442 0.073127747 0.98463148 -0.17379734 0.017186522 5.0180054 0 0 0 1 </float_array>
        <technique_common>
          <accessor count="37" offset="0" source="#B_L_Clavicle_matrix-output-array" stride="16">
            <param name="TRANSFORM" type="float4x4" />
