<?xml version="1.0" encoding="UTF-8" standalone="no" ?>
<COLLADA xmlns="http://www.collada.org/2005/11/COLLADASchema" version="1.4.1">
  <asset>
    <contributor>
      <author>Assimp</author>
      <authoring_tool>FBX SDK/FBX Plugins version 2013.1</authoring_tool>
    </contributor>
    <created>2020-08-21T13:47:54</created>
    <modified>2020-08-21T13:47:54</modified>
    <unit name="meter" meter="1" />
    <up_axis>Y_UP</up_axis>
  </asset>
  <library_geometries>
  </library_geometries>
  <library_controllers>
  </library_controllers>
  <library_visual_scenes>
    <visual_scene id="RootNode" name="RootNode">
      <node id="Motion_aAssimpFbxa_Translation"  name="Motion_$AssimpFbx$_Translation" type="NODE">
        <matrix sid="matrix">1 0 0 9.92585e-07 0 1 0 0 0 0 1 -0.17328988 0 0 0 1</matrix>
        <node id="Motion_aAssimpFbxa_PreRotation"  name="Motion_$AssimpFbx$_PreRotation" type="NODE">
          <matrix sid="matrix">1 0 0 0 0 -4.3711388e-08 1 0 0 -1 -4.3711388e-08 0 0 0 0 1</matrix>
          <node id="Motion_aAssimpFbxa_Rotation"  name="Motion_$AssimpFbx$_Rotation" type="NODE">
            <matrix sid="matrix">1.3868001e-06 1 0 0 -1 1.3868001e-06 0 0 0 0 1 0 0 0 0 1</matrix>
            <node id="Motion_aAssimpFbxa_Scaling"  name="Motion_$AssimpFbx$_Scaling" type="NODE">
              <matrix sid="matrix">1 0 0 0 0 1 0 0 0 0 1 0 0 0 0 1</matrix>
              <node id="Motion"  name="Motion" type="NODE">
                <matrix sid="matrix">1 0 0 0 0 1 0 0 0 0 1 0 0 0 0 1</matrix>
                <node id="B_Pelvis"  name="B_Pelvis" type="NODE">
                  <matrix sid="matrix">-4.3711388e-08 0.60876256 0.79335248 4.152905 0 -0.79335248 0.60876256 2.6999938 1 2.6609857e-08 3.4678539e-08 98.825195 0 0 0 1</matrix>
                  <node id="B_Spine"  name="B_Spine" type="NODE">
                    <matrix sid="matrix">0.99823147 0.047404032 -0.03587313 7.6763 -0.037805337 0.97190607 0.23231287 -1.6268325 0.045877878 -0.2305458 0.97197938 0.0023474693 0 0 0 1</matrix>
                    <node id="B_Spine1"  name="B_Spine1" type="NODE">
                      <matrix sid="matrix">0.99970514 -0.024198713 0.0019994173 12.747772 0.024175951 0.99965024 0.010716197 -0.014276028 -0.0022580363 -0.0106647 0.99994057 0.00015187263 0 0 0 1</matrix>
                      <node id="B_Spine2"  name="B_Spine2" type="NODE">
                        <matrix sid="matrix">0.9988209 -0.048403591 0.0037315511 17.93544 0.048312001 0.99859816 0.02162572 -0.026443481 -0.0047730822 -0.021419942 0.9997592 0.00054812431 0 0 0 1</matrix>
                        <node id="B_L_Clavicle"  name="B_L_Clavicle" type="NODE">
                          <matrix sid="matrix">-0.3584969 -0.00078415871 0.93353057 17.736847 -0.16196845 -0.98478109 -0.063026756 0.073141098 0.91937274 -0.1737974 0.35291398 5.0180168 0 0 0 1</matrix>
                          <node id="B_L_UpperArm"  name="B_L_UpperArm" type="NODE">
                            <matrix sid="matrix">0.64825243 0.1778897 0.74035394 17.464655 -0.059196185 0.9811576 -0.18391711 3.8146973e-06 -0.75912094 0.075398579 0.64656818 1.5258789e-05 0 0 0 1</matrix>
                            <node id="B_L_Forearm"  name="B_L_Forearm" type="NODE">
                              <matrix sid="matrix">0.97560841 0.2183907 0.022219185 27.628174 -0.21951808 0.97059804 0.098748468 1.1444092e-05 -1.4901165e-07 -0.10121735 0.99486434 -1.5258789e-05 0 0 0 1</matrix>
                              <node id="B_L_ForeArmTwist"  name="B_L_ForeArmTwist" type="NODE">
                                <matrix sid="matrix">1 7.7655557e-08 -3.2161705e-07 11.99263 -4.4703462e-08 0.99486434 0.10121753 -1.1444092e-05 3.278254e-07 -0.10121753 0.99486434 1.5258789e-05 0 0 0 1</matrix>
                                <node id="B_L_Hand"  name="B_L_Hand" type="NODE">
                                  <matrix sid="matrix">0.98250145 -0.17025827 -0.075518817 11.992661 0.056745242 -0.11255927 0.99202335 -1.9073486e-06 -0.17740053 -0.97894967 -0.10092828 0 0 0 0 1</matrix>
                                  <node id="B_L_Finger0"  name="B_L_Finger0" type="NODE">
                                    <matrix sid="matrix">0.80552268 -0.15222125 0.57267952 1.4603195 0.45120209 0.7840451 -0.42625099 1.9355507 -0.38412213 0.60174906 0.70024866 -2.4376583 0 0 0 1</matrix>
                                    <node id="B_L_Finger01"  name="B_L_Finger01" type="NODE">
                                      <matrix sid="matrix">0.95840669 -0.28540596 -7.6263447e-08 3.7140121 0.28540596 0.95840669 4.7254662e-08 3.8146973e-06 5.9604638e-08 -6.7055232e-08 1 -2.2888184e-05 0 0 0 1</matrix>
                                      <node id="B_L_Finger02"  name="B_L_Finger02" type="NODE">
                                        <matrix sid="matrix">0.99811661 0.061345179 2.9289131e-08 5.5299377 -0.061345179 0.99811661 -9.2647738e-09 1.9073486e-06 -2.9802317e-08 7.4505775e-09 1 1.9073486e-05 0 0 0 1</matrix>
                                      </node>
                                    </node>
                                  </node>
                                  <node id="B_L_Finger1"  name="B_L_Finger1" type="NODE">
                                    <matrix sid="matrix">0.98118514 -0.15680985 0.11263384 11.62545 0.18358339 0.93837357 -0.29283455 3.1205559 -0.059773285 0.30800262 0.94950598 -3.0983486 0 0 0 1</matrix>
                                    <node id="B_L_Finger11"  name="B_L_Finger11" type="NODE">
                                      <matrix sid="matrix">0.76604432 -0.64278775 1.6978257e-07 4.4568253 0.64278775 0.76604432 6.2998922e-09 -3.8146973e-06 -1.3411046e-07 1.0430816e-07 1 1.5258789e-05 0 0 0 1</matrix>
                                      <node id="B_L_Finger12"  name="B_L_Finger12" type="NODE">
                                        <matrix sid="matrix">0.98480791 0.17364743 -1.3115044e-07 3.3311462 -0.17364743 0.98480791 -4.0054354e-07 -1.7166138e-05 5.9604641e-08 4.1723237e-07 1 -2.0980835e-05 0 0 0 1</matrix>
                                      </node>
                                    </node>
                                  </node>
                                  <node id="B_L_Finger2"  name="B_L_Finger2" type="NODE">
                                    <matrix sid="matrix">0.98368979 -0.17393698 0.04582889 11.814056 0.17816374 0.97722852 -0.11524808 2.4380913 -0.024739396 0.12153341 0.99227899 0.83571815 0 0 0 1</matrix>
                                    <node id="B_L_Finger21"  name="B_L_Finger21" type="NODE">
                                      <matrix sid="matrix">0.44828641 -0.89388996 5.3979977e-07 5.1996155 0.89388996 0.44828641 1.2680218e-08 7.6293945e-06 -2.5331963e-07 4.7683722e-07 1 1.1444092e-05 0 0 0 1</matrix>
                                      <node id="B_L_Finger22"  name="B_L_Finger22" type="NODE">
                                        <matrix sid="matrix">0.9995935 0.028511226 -8.0648519e-08 5.1996269 -0.028511226 0.9995935 4.7021985e-08 7.6293945e-06 8.1956387e-08 -4.470348e-08 1 -3.8146973e-06 0 0 0 1</matrix>
                                      </node>
                                    </node>
                                  </node>
                                  <node id="B_L_Finger3"  name="B_L_Finger3" type="NODE">
                                    <matrix sid="matrix">0.95609701 -0.29305023 0.00029759228 11.814056 0.2930502 0.95609707 6.0596525e-05 1.9342461 -0.00030228493 2.9273328e-05 0.99999994 4.6002407 0 0 0 1</matrix>
                                    <node id="B_L_Finger31"  name="B_L_Finger31" type="NODE">
                                      <matrix sid="matrix">0.87990546 -0.47514874 -1.838248e-07 4.4568176 0.47514874 0.87990546 1.2088914e-07 1.9073486e-05 1.0430813e-07 -1.9371515e-07 1 1.9073486e-06 0 0 0 1</matrix>
                                      <node id="B_L_Finger32"  name="B_L_Finger32" type="NODE">
                                        <matrix sid="matrix">0.87990552 -0.47514868 -9.1204367e-07 4.4567795 0.47514868 0.87990552 1.6796022e-07 1.9073486e-05 7.227062e-07 -5.8114546e-07 1 3.8146973e-06 0 0 0 1</matrix>
                                      </node>
                                    </node>
                                  </node>
                                  <node id="B_L_Finger4"  name="B_L_Finger4" type="NODE">
                                    <matrix sid="matrix">0.95148176 -0.28132755 -0.12464844 11.857178 0.2722064 0.95844668 -0.085344329 4.0528908 0.1434786 0.047273468 0.98852366 6.5145283 0 0 0 1</matrix>
                                    <node id="B_L_Finger41"  name="B_L_Finger41" type="NODE">
                                      <matrix sid="matrix">0.81470788 -0.57987159 -1.5297935e-06 3.3276749 0.57987159 0.81470788 -9.1507991e-07 2.4795532e-05 1.7769637e-06 -1.4156103e-07 1 1.5258789e-05 0 0 0 1</matrix>
                                      <node id="B_L_Finger42"  name="B_L_Finger42" type="NODE">
                                        <matrix sid="matrix">0.90714163 -0.42082545 -1.0893216e-06 3.327652 0.42082545 0.90714163 -3.7392729e-07 -1.5258789e-05 1.1455271e-06 -1.1920928e-07 1 -2.0503998e-05 0 0 0 1</matrix>
                                      </node>
                                    </node>
                                  </node>
                                </node>
                              </node>
                            </node>
                          </node>
                        </node>
                        <node id="B_R_Clavicle"  name="B_R_Clavicle" type="NODE">
                          <matrix sid="matrix">-0.43837109 -0.00079629489 -0.8987937 17.736847 0.00048533329 -0.9999997 0.00064924627 0.074662209 -0.89879394 -0.00015160367 0.43837133 -5.0179629 0 0 0 1</matrix>
                          <node id="B_R_UpperArm"  name="B_R_UpperArm" type="NODE">
                            <matrix sid="matrix">0.7239632 0.11458926 -0.68025476 17.464645 -0.016489321 0.98869997 0.14899822 1.5735626e-05 0.68964148 -0.096652277 0.71767187 0 0 0 0 1</matrix>
                            <node id="B_R_Forearm"  name="B_R_Forearm" type="NODE">
                              <matrix sid="matrix">0.99795341 -0.063943692 -0.00043784289 27.628181 0.063945189 0.99793005 0.0068331459 6.6757202e-06 0 -0.006847159 0.99997658 0 0 0 0 1</matrix>
                              <node id="B_R_ForeArmTwist"  name="B_R_ForeArmTwist" type="NODE">
                                <matrix sid="matrix">1 4.4906493e-08 -2.9495538e-08 11.992638 -4.4703484e-08 0.99997658 0.0068470133 -7.6293945e-06 2.9802322e-08 -0.0068470133 0.99997658 0 0 0 0 1</matrix>
                                <node id="B_R_Hand"  name="B_R_Hand" type="NODE">
                                  <matrix sid="matrix">0.99831802 0.020333473 0.054292232 11.992653 0.05414027 0.0079512261 -0.99850172 0 -0.020734698 0.99976164 0.0068369932 -2.2888184e-05 0 0 0 1</matrix>
                                  <node id="B_R_Finger0"  name="B_R_Finger0" type="NODE">
                                    <matrix sid="matrix">0.8055228 -0.1522212 -0.5726794 1.4603271 0.45120206 0.78404498 0.42625129 1.9355392 0.38412192 -0.60174924 0.70024872 2.4376602 0 0 0 1</matrix>
                                    <node id="B_R_Finger01"  name="B_R_Finger01" type="NODE">
                                      <matrix sid="matrix">0.95840669 -0.28540602 -3.4396044e-07 3.7140045 0.28540602 0.95840669 6.4062107e-09 -1.5258789e-05 3.278256e-07 -1.0430814e-07 1 3.8146973e-06 0 0 0 1</matrix>
                                      <node id="B_R_Finger02"  name="B_R_Finger02" type="NODE">
                                        <matrix sid="matrix">0.99811661 0.061345182 1.2883018e-07 5.5299454 -0.061345182 0.99811661 -9.0029005e-08 5.7220459e-06 -1.3411039e-07 8.1956337e-08 1 1.9073486e-05 0 0 0 1</matrix>
                                      </node>
                                    </node>
                                  </node>
                                  <node id="B_R_Finger1"  name="B_R_Finger1" type="NODE">
                                    <matrix sid="matrix">0.98118514 -0.15680993 -0.11263376 11.625473 0.18358347 0.93837345 0.29283485 3.1205521 0.059773128 -0.30800289 0.94950587 3.0983505 0 0 0 1</matrix>
                                    <node id="B_R_Finger11"  name="B_R_Finger11" type="NODE">
                                      <matrix sid="matrix">0.76604432 -0.64278775 -1.3625854e-07 4.45681 0.64278775 0.76604432 -4.6252222e-08 0 1.3411044e-07 -5.2154061e-08 1 7.6293945e-06 0 0 0 1</matrix>
                                      <node id="B_R_Finger12"  name="B_R_Finger12" type="NODE">
                                        <matrix sid="matrix">0.98480785 0.17364755 2.0306302e-07 3.331131 -0.17364755 0.98480785 3.6067043e-08 7.6293945e-06 -1.9371512e-07 -7.0780509e-08 1 -7.6293945e-06 0 0 0 1</matrix>
                                      </node>
                                    </node>
                                  </node>
                                  <node id="B_R_Finger2"  name="B_R_Finger2" type="NODE">
                                    <matrix sid="matrix">0.98368973 -0.17393722 -0.045829207 11.814072 0.17816404 0.9772284 0.1152483 2.4381256 0.024739636 -0.12153369 0.99227893 -0.83572006 0 0 0 1</matrix>
                                    <node id="B_R_Finger21"  name="B_R_Finger21" type="NODE">
                                      <matrix sid="matrix">0.44828629 -0.89389002 -5.665995e-08 5.1996002 0.89389002 0.44828629 -1.3260037e-08 -7.6293945e-06 3.7252896e-08 -4.4703473e-08 1 -3.0517578e-05 0 0 0 1</matrix>
                                      <node id="B_R_Finger22"  name="B_R_Finger22" type="NODE">
                                        <matrix sid="matrix">0.9995935 0.028511165 -4.9583765e-08 5.1996078 -0.028511165 0.9995935 9.0857618e-08 7.6293945e-06 5.2154061e-08 -8.9406988e-08 1 2.6702881e-05 0 0 0 1</matrix>
                                      </node>
                                    </node>
                                  </node>
                                  <node id="B_R_Finger3"  name="B_R_Finger3" type="NODE">
                                    <matrix sid="matrix">0.95609701 -0.29305014 -0.00029827133 11.814083 0.29305011 0.95609707 -5.9398051e-05 1.9342575 0.00030258295 -3.0618154e-05 0.99999994 -4.6002522 0 0 0 1</matrix>
                                    <node id="B_R_Finger31"  name="B_R_Finger31" type="NODE">
                                      <matrix sid="matrix">0.87990552 -0.47514871 -1.0803966e-07 4.4567871 0.47514871 0.87990552 4.3268329e-08 -1.5258789e-05 7.4505799e-08 -8.9406946e-08 1 0 0 0 0 1</matrix>
                                      <node id="B_R_Finger32"  name="B_R_Finger32" type="NODE">
                                        <matrix sid="matrix">0.87990552 -0.47514871 1.9038045e-07 4.45681 0.47514871 0.87990552 -5.4072285e-07 -7.6293945e-06 8.9406967e-08 5.6624407e-07 1 -1.9073486e-05 0 0 0 1</matrix>
                                      </node>
                                    </node>
                                  </node>
                                  <node id="B_R_Finger4"  name="B_R_Finger4" type="NODE">
                                    <matrix sid="matrix">0.95148182 -0.28132781 0.12464751 11.857216 0.2722064 0.9584465 0.085346639 4.0528564 -0.14347836 -0.047275919 0.9885236 -6.5145607 0 0 0 1</matrix>
                                    <node id="B_R_Finger41"  name="B_R_Finger41" type="NODE">
                                      <matrix sid="matrix">0.81470829 -0.57987106 3.85199e-07 3.3276443 0.57987106 0.81470829 3.8390758e-07 7.6293945e-06 -5.3644169e-07 -8.9406946e-08 1 3.0517578e-05 0 0 0 1</matrix>
                                      <node id="B_R_Finger42"  name="B_R_Finger42" type="NODE">
                                        <matrix sid="matrix">0.90714151 -0.42082572 1.2792796e-07 3.3276978 0.42082572 0.90714151 4.291967e-08 1.9073486e-05 -1.3411046e-07 1.4901163e-08 1 -7.6293945e-06 0 0 0 1</matrix>
                                      </node>
                                    </node>
                                  </node>
                                </node>
                              </node>
                            </node>
                          </node>
                        </node>
                        <node id="B_Neck"  name="B_Neck" type="NODE">
                          <matrix sid="matrix">0.9171381 -0.20552409 0.3414931 27.039749 0.17387719 0.97728181 0.12119003 1.128232 -0.35864246 -0.051770128 0.93203837 0.00061154366 0 0 0 1</matrix>
                          <node id="B_Head"  name="B_Head" type="NODE">
                            <matrix sid="matrix">0.86379725 0.50143611 0.049154349 10.019302 -0.50213695 0.86478519 0.0022380706 1.4083176 -0.041385707 -0.026615452 0.99878865 0 0 0 0 1</matrix>
                          </node>
                        </node>
                      </node>
                    </node>
                  </node>
                  <node id="B_L_Thigh"  name="B_L_Thigh" type="NODE">
                    <matrix sid="matrix">-0.88659453 0.30853474 -0.34461075 0 0.37277704 0.91768557 -0.13744266 1.7404556e-05 0.27383846 -0.25031888 -0.92862964 11.161455 0 0 0 1</matrix>
                    <node id="B_L_Calf"  name="B_L_Calf" type="NODE">
                      <matrix sid="matrix">0.8141064 0.58071572 5.6744352e-07 50.282749 -0.58071572 0.8141064 7.8776557e-06 1.9073486e-06 4.1127196e-06 -6.7427736e-06 1 0 0 0 0 1</matrix>
                      <node id="B_L_Foot"  name="B_L_Foot" type="NODE">
                        <matrix sid="matrix">0.90095443 -0.3117193 -0.30184796 39.728127 0.26367837 0.94577736 -0.18968114 -4.2915344e-06 0.34460825 0.091303281 0.93429589 3.8146973e-06 0 0 0 1</matrix>
                        <node id="B_L_Toe0"  name="B_L_Toe0" type="NODE">
                          <matrix sid="matrix">-4.3711388e-08 -1 -5.6529203e-08 18.214443 1 -4.3711388e-08 -2.47097e-15 14.545952 0 -5.6529203e-08 1 0.020648956 0 0 0 1</matrix>
                        </node>
                      </node>
                    </node>
                  </node>
                  <node id="B_R_Thigh"  name="B_R_Thigh" type="NODE">
                    <matrix sid="matrix">-0.87219924 0.40546039 0.27362448 0 0.13600041 0.73834145 -0.66057235 -1.2397766e-05 -0.46986419 -0.53893763 -0.69912362 -11.161448 0 0 0 1</matrix>
                    <node id="B_R_Calf"  name="B_R_Calf" type="NODE">
                      <matrix sid="matrix">0.73602659 0.6769526 -1.1600378e-07 50.282753 -0.6769526 0.73602659 -4.7926947e-06 3.8146973e-06 -3.1590453e-06 3.6060799e-06 1 5.7220459e-06 0 0 0 1</matrix>
                      <node id="B_R_Foot"  name="B_R_Foot" type="NODE">
                        <matrix sid="matrix">0.91643953 -0.27658406 0.28920555 39.72813 0.29200783 0.95635605 -0.010700621 1.9073486e-06 -0.27362385 0.094256751 0.9572072 0 0 0 0 1</matrix>
                        <node id="B_R_Toe0"  name="B_R_Toe0" type="NODE">
                          <matrix sid="matrix">-1.6292068e-07 -1 4.8251633e-07 18.214441 1 -1.6292088e-07 -4.172324e-07 14.545952 4.1723249e-07 4.8251627e-07 1 -0.020650864 0 0 0 1</matrix>
                        </node>
                      </node>
                    </node>
                  </node>
                </node>
              </node>
            </node>
          </node>
        </node>
      </node>
      <node id="Exporter_aAssimpFbxa_PreRotation"  name="Exporter_$AssimpFbx$_PreRotation" type="NODE">
        <matrix sid="matrix">1 0 0 0 0 -4.3711388e-08 1 0 0 -1 -4.3711388e-08 0 0 0 0 1</matrix>
        <node id="Exporter"  name="Exporter" type="NODE">
          <matrix sid="matrix">1 0 0 0 0 1 0 0 0 0 1 0 0 0 0 1</matrix>
        </node>
      </node>
    </visual_scene>
  </library_visual_scenes>
  <library_animations>
    <animation id="TakeW001AnimId0" name="Take 001">
      <source id="B_Head_matrix-input" name="B_Head_matrix-input">
        <float_array id="B_Head_matrix-input-array" count="61"> 0 1 2 3 4 5 6 7 8 9 10 11 12 13 14 15 16 17 18 19 20 21 22 23 24 25 26 27 28 29 30 31 32 33 34 35 36 37 38 39 40 41 42 43 44 45 46 47 48 49 50 51 52 53 54 55 56 57 58 59 60 </float_array>
        <technique_common>
          <accessor count="61" offset="0" source="#B_Head_matrix-input-array" stride="1">
            <param name="TIME" type="float" />
          </accessor>
        </technique_common>
      </source>
      <source id="B_Head_matrix-output" name="B_Head_matrix-output">
        <float_array id="B_Head_matrix-output-array" count="976"> 0.86379725 0.50143617 0.049154349 10.019302 -0.50213695 0.86478531 0.0022380687 1.4083176 -0.041385703 -0.026615458 0.99878871 0 0 0 0 1 0.88076037 0.46997508 0.058179032 10.019302 -0.47149849 0.88173622 0.01517705 1.4083138 -0.04416573 -0.040798653 0.99819094 0 0 0 0 1 0.89992714 0.43076512 0.067623027 10.019318 -0.43278101 0.90132046 0.017951973 1.4083138 -0.053216942 -0.045421433 0.99754936 0 0 0 0 1 0.91934407 0.38580239 0.077220291 10.019318 -0.387683 0.92173344 0.010451281 1.4083176 -0.067144409 -0.03954532 0.99695909 0 0 0 0 1 0.93735212 0.33740753 0.0867588 10.019318 -0.33809766 0.94108433 -0.0070604864 1.4083176 -0.08402963 -0.022714783 0.99620426 9.5367432e-07 0 0 0 1 0.95280421 0.28801358 0.095981203 10.019318 -0.28605476 0.9576143 -0.033878557 1.4083252 -0.10167045 0.0048237522 0.99480647 1.9073486e-06 0 0 0 1 0.96515876 0.23989385 0.10449647 10.019302 -0.23361638 0.96988893 -0.06883952 1.4083099 -0.11786416 0.042028986 0.99213988 0 0 0 0 1 0.97443926 0.19488761 0.11174417 10.019318 -0.18273447 0.97694898 -0.11035591 1.4083099 -0.13067533 0.087115601 0.98759055 -1.9073486e-06 0 0 0 1 0.98108673 0.15418524 0.1170275 10.019318 -0.13509354 0.97839445 -0.15650557 1.4083099 -0.13862988 0.1377359 0.98071927 7.6293945e-06 0 0 0 1 0.98575705 0.11822112 0.11961006 10.019318 -0.091964059 0.97439682 -0.20516698 1.4083176 -0.14080271 0.191245 0.97139072 1.1444092e-05 0 0 0 1 0.98912126 0.086693138 0.11884306 10.019302 -0.054096412 0.96564436 -0.2541742 1.4083252 -0.13679531 0.24498008 0.95982903 0 0 0 0 1 0.99171335 0.058689177 0.11428116 10.019318 -0.021671955 0.95323026 -0.30146655 1.4083252 -0.12662911 0.29649168 0.94660318 7.6293945e-06 0 0 0 1 0.99384856 0.032884315 0.10575064 10.019302 0.0056784167 0.93850982 -0.34520575 1.4083099 -0.11059985 0.34368286 0.93254995 0 0 0 0 1 0.99560332 0.007756189 0.093346767 10.019318 0.028798368 0.92294991 -0.3838411 1.4083099 -0.089131542 0.38484177 0.91866869 -7.6293945e-06 0 0 0 1 0.9968369 -0.018217383 0.077358335 10.019302 0.048885673 0.9079988 -0.41611162 1.4083176 -0.062660784 0.4185771 0.9060173 0 0 0 0 1 0.99723011 -0.046398867 0.058131784 10.019318 0.067348167 0.89498222 -0.44098869 1.4083023 -0.031565532 0.44368228 0.89562809 -7.6293945e-06 0 0 0 1 0.99673814 -0.071725368 0.03699803 10.019318 0.080705173 0.88719535 -0.45428097 1.4083252 -0.00024100955 0.45578498 0.89008999 0 0 0 0 1 0.99591136 -0.089169852 0.014465209 10.01931 0.085977055 0.88649195 -0.45468622 1.4083176 0.027721018 0.45407081 0.89053416 0 0 0 0 1 0.99499023 -0.09941496 -0.01054009 10.019318 0.084326535 0.89122653 -0.44565016 1.4083176 0.053697914 0.44252872 0.895145 -7.6293945e-06 0 0 0 1 0.99392527 -0.10291593 -0.038992263 10.01931 0.076214731 0.89925164 -0.43074074 1.4083176 0.079393931 0.42515242 0.90163291 7.6293945e-06 0 0 0 1 0.99237305 -0.10039493 -0.071531706 10.019318 0.06206318 0.9082731 -0.41374922 1.4083176 0.10650863 0.40615404 0.9075765 7.6293945e-06 0 0 0 1 0.98972946 -0.093229637 -0.10836758 10.019318 0.042636957 0.91608536 -0.39871004 1.4083099 0.13644554 0.38999468 0.91065174 0 0 0 0 1 0.98524576 -0.083683245 -0.14929229 10.019318 0.019130053 0.92068881 -0.38982862 1.4083099 0.17007387 0.38122109 0.90870529 0 0 0 0 1 0.97798443 -0.064436138 -0.19847976 10.019302 -0.017143903 0.92310739 -0.38415995 1.4083176 0.20797186 0.37910518 0.90168023 7.6293945e-06 0 0 0 1 0.9660902 -0.029749718 -0.25648567 10.019318 -0.07149788 0.92367619 -0.37644407 1.4083138 0.24810886 0.38201699 0.8902275 0 0 0 0 1 0.94815242 0.01466067 -0.31747794 10.019318 -0.13725831 0.9198606 -0.36744601 1.4083099 0.28664848 0.39197126 0.87418032 -7.6293945e-06 0 0 0 1 0.92447841 0.062852308 -0.37601769 10.019318 -0.20756735 0.91029191 -0.35816824 1.4083099 0.31977415 0.40916777 0.85459125 0 0 0 0 1 0.89746583 0.10924648 -0.42734084 10.019333 -0.27562961 0.89528865 -0.34998068 1.4083061 0.34435925 0.43188354 0.83360255 -3.8146973e-06 0 0 0 1 0.87132698 0.14920746 -0.46746862 10.019318 -0.33501837 0.87695777 -0.34454045 1.4083138 0.35854217 0.45681781 0.81410408 -1.9073486e-06 0 0 0 1 0.85131514 0.17928956 -0.49306968 10.019318 -0.37985468 0.85889208 -0.34353307 1.4083138 0.3619017 0.47974983 0.79929179 -1.9073486e-06 0 0 0 1 0.84268916 0.19696064 -0.50108016 10.019302 -0.40471557 0.8455224 -0.3482773 1.4083138 0.35507759 0.49628448 0.79222572 0 0 0 0 1 0.84551513 0.20296995 -0.49386966 10.019287 -0.41066214 0.83834314 -0.35852098 1.4083176 0.34126326 0.50594854 0.792184 0 0 0 0 1 0.85556084 0.20090657 -0.47712895 10.019302 -0.40385193 0.83564234 -0.37229732 1.4083176 0.32391223 0.51121247 0.79607946 0 0 0 0 1 0.87069523 0.19257322 -0.45255429 10.019318 -0.38660237 0.83677924 -0.38773596 1.4083157 0.30402046 0.5125584 0.80302894 0 0 0 0 1 0.88867611 0.17963745 -0.42188236 10.019333 -0.36130765 0.84083718 -0.40305001 1.4083138 0.28233153 0.51061028 0.81213659 1.9073486e-06 0 0 0 1 0.90740967 0.16373537 -0.38703799 10.019318 -0.33053473 0.84682721 -0.41669014 1.4083138 0.25952733 0.50603819 0.82253945 0 0 0 0 1 0.92514145 0.14654604 -0.35019681 10.019318 -0.29706287 0.85382611 -0.42747486 1.4083138 0.23636244 0.49950504 0.83344328 0 0 0 0 1 0.94058019 0.12983483 -0.31377029 10.019302 -0.26386547 0.86106014 -0.4346844 1.4083138 0.21373791 0.49164867 0.84415501 1.9073486e-06 0 0 0 1 0.95293188 0.11546243 -0.28033742 10.019302 -0.23404573 0.86792028 -0.43810567 1.4083138 0.19272585 0.48309669 0.85409248 -1.9073486e-06 0 0 0 1 0.96182966 0.10536623 -0.25254989 10.019318 -0.2107469 0.87391359 -0.43801883 1.4083138 0.17455444 0.47452372 0.86276162 -3.8146973e-06 0 0 0 1 0.96715474 0.10151564 -0.23303756 10.019318 -0.19705755 0.87854391 -0.43511915 1.4083157 0.16056238 0.46674925 0.86969239 3.8146973e-06 0 0 0 1 0.97080559 0.1028284 -0.21670899 10.019318 -0.18982534 0.88165694 -0.43202731 1.4083147 0.14663826 0.46055141 0.87543696 -3.8146973e-06 0 0 0 1 0.9745788 0.10702625 -0.19682831 10.019302 -0.18394488 0.88378042 -0.43022802 1.4083138 0.12790732 0.45549673 0.88100058 0 0 0 0 1 0.97818637 0.1142396 -0.17349528 10.019318 -0.17947747 0.88530612 -0.4289766 1.4083157 0.10459032 0.45075759 0.8864978 7.6293945e-06 0 0 0 1 0.98128885 0.12457226 -0.14681211 10.019318 -0.17651774 0.88658571 -0.42755991 1.4083138 0.076899387 0.44547474 0.89198601 -7.6293945e-06 0 0 0 1 0.98349857 0.13809077 -0.11688209 10.019318 -0.17521572 0.88793391 -0.42529148 1.4083166 0.045054734 0.43875319 0.89747745 7.6293945e-06 0 0 0 1 0.98436987 0.15473038 -0.084109046 10.019302 -0.17585084 0.88961852 -0.42149168 1.4083138 0.0096074073 0.42969444 0.90292311 -7.6293945e-06 0 0 0 1 0.98345095 0.17410471 -0.050120275 10.019302 -0.17905502 0.89181203 -0.41546497 1.4083138 -0.027636532 0.41756365 0.90822756 0 0 0 0 1 0.98052031 0.1956955 -0.016826106 10.019318 -0.18552016 0.89457881 -0.40658444 1.4083157 -0.064514451 0.40178582 0.91345841 -7.6293945e-06 0 0 0 1 0.97564393 0.21891846 0.013924025 10.019318 -0.19584589 0.89789319 -0.39424917 1.4083176 -0.09881071 0.38191983 0.91889811 -7.6293945e-06 0 0 0 1 0.96915293 0.2431314 0.040372893 10.019318 -0.21045834 0.90164959 -0.37780362 1.4083118 -0.12825811 0.35765257 0.92500526 7.6293945e-06 0 0 0 1 0.96015763 0.27332062 0.05824979 10.019318 -0.23610911 0.90490508 -0.35411736 1.4083157 -0.14949811 0.3262552 0.93338513 0 0 0 0 1 0.94769961 0.31217137 0.066443108 10.019318 -0.27580523 0.90577352 -0.32172254 1.4083138 -0.16061504 0.28657091 0.94449973 -7.6293945e-06 0 0 0 1 0.93213671 0.35567674 0.067938462 10.019318 -0.32399413 0.90300131 -0.28216437 1.4083138 -0.16170785 0.24100406 0.95695752 7.6293945e-06 0 0 0 1 0.91418201 0.39999026 0.065416031 10.019302 -0.37513262 0.89614165 -0.23707698 1.4083118 -0.15345052 0.19219173 0.96928608 0 0 0 0 1 0.89519036 0.44148126 0.061060768 10.019318 -0.42400914 0.88582969 -0.18847276 1.4083138 -0.1372966 0.14282866 0.98017848 0 0 0 0 1 0.87718761 0.47681776 0.056448676 10.019333 -0.46603942 0.87379867 -0.13886338 1.4083138 -0.11553729 0.095501952 0.9887014 7.6293945e-06 0 0 0 1 0.86267442 0.50302279 0.052541524 10.019302 -0.49746177 0.86267096 -0.091270715 1.4083157 -0.091237284 0.052599516 0.99443907 -7.6293945e-06 0 0 0 1 0.85426128 0.51745218 0.049811222 10.019302 -0.5153684 0.85555613 -0.049187064 1.4083138 -0.068068236 0.016347475 0.99754685 7.6293945e-06 0 0 0 1 0.85419029 0.51769173 0.048519973 10.019302 -0.51754344 0.85549688 -0.016550796 1.4083176 -0.050076902 -0.010973664 0.998685 0 0 0 0 1 0.86379725 0.50143617 0.049154349 10.019302 -0.50213695 0.86478531 0.0022380687 1.4083176 -0.041385703 -0.026615458 0.99878871 0 0 0 0 1 </float_array>
        <technique_common>
          <accessor count="61" offset="0" source="#B_Head_matrix-output-array" stride="16">
            <param name="TRANSFORM" type="float4x4" />
          </accessor>
        </technique_common>
      </source>
      <source id="B_Head_matrix-interpolation">
        <Name_array id="B_Head_matrix-interpolation-array" count="61"> LINEAR LINEAR LINEAR LINEAR LINEAR LINEAR LINEAR LINEAR LINEAR LINEAR LINEAR LINEAR LINEAR LINEAR LINEAR LINEAR LINEAR LINEAR LINEAR LINEAR LINEAR LINEAR LINEAR LINEAR LINEAR LINEAR LINEAR LINEAR LINEAR LINEAR LINEAR LINEAR LINEAR LINEAR LINEAR LINEAR LINEAR LINEAR LINEAR LINEAR LINEAR LINEAR LINEAR LINEAR LINEAR LINEAR LINEAR LINEAR LINEAR LINEAR LINEAR LINEAR LINEAR LINEAR LINEAR LINEAR LINEAR LINEAR LINEAR LINEAR LINEAR </Name_array>
        <technique_common>
          <accessor source="#B_Head_matrix-interpolation-array" count="61" stride="1">
            <param name="INTERPOLATION" type="name"></param>
          </accessor>
        </technique_common>
      </source>
      <source id="B_L_Calf_matrix-input" name="B_L_Calf_matrix-input">
        <float_array id="B_L_Calf_matrix-input-array" count="61"> 0 1 2 3 4 5 6 7 8 9 10 11 12 13 14 15 16 17 18 19 20 21 22 23 24 25 26 27 28 29 30 31 32 33 34 35 36 37 38 39 40 41 42 43 44 45 46 47 48 49 50 51 52 53 54 55 56 57 58 59 60 </float_array>
        <technique_common>
          <accessor count="61" offset="0" source="#B_L_Calf_matrix-input-array" stride="1">
            <param name="TIME" type="float" />
          </accessor>
        </technique_common>
      </source>
      <source id="B_L_Calf_matrix-output" name="B_L_Calf_matrix-output">
        <float_array id="B_L_Calf_matrix-output-array" count="976"> 0.81410658 0.58071584 5.6744335e-07 50.282749 -0.58071584 0.81410658 7.8776566e-06 1.9073486e-06 4.1127205e-06 -6.7427754e-06 1.0000001 0 0 0 0 1 0.79691738 0.60408872 5.857222e-07 50.282745 -0.60408854 0.79691756 7.8768362e-06 1.9073486e-06 4.2915344e-06 -6.6310167e-06 1 0 0 0 0 1 0.77694577 0.62956816 5.9886139e-07 50.282753 -0.62956816 0.77694577 7.9343863e-06 -1.9073486e-06 4.5299535e-06 -6.5416111e-06 1.0000001 3.8146973e-06 0 0 0 1 0.75480294 0.65595204 6.2538953e-07 50.282753 -0.65595204 0.75480294 7.8072917e-06 1.9073486e-06 4.6491623e-06 -6.3031912e-06 1.0000001 3.8146973e-06 0 0 0 1 0.73109472 0.68227625 5.9723999e-07 50.282738 -0.68227637 0.7310946 7.8909752e-06 0 4.947186e-06 -6.1765313e-06 1.0000001 0 0 0 0 1 0.7064141 0.7077992 7.3986973e-07 50.282749 -0.70779914 0.70641416 7.7279565e-06 0 4.947186e-06 -5.9828167e-06 1.0000001 0 0 0 0 1 0.68133402 0.73197269 6.488724e-07 50.282745 -0.73197269 0.68133402 7.8105504e-06 3.8146973e-06 5.2750111e-06 -5.7965503e-06 1 7.6293945e-06 0 0 0 1 0.65641332 0.75440174 6.7763085e-07 50.282753 -0.7544018 0.6564132 7.7794466e-06 0 5.4240227e-06 -5.6177373e-06 1 0 0 0 0 1 0.63218325 0.77481925 7.5754951e-07 50.282745 -0.77481925 0.63218325 7.7338545e-06 3.8146973e-06 5.5134296e-06 -5.4761772e-06 1 -3.8146973e-06 0 0 0 1 0.60916394 0.79304457 7.2300281e-07 50.282745 -0.79304451 0.609164 7.6203337e-06 7.6293945e-06 5.6028362e-06 -5.2154064e-06 1 0 0 0 0 1 0.58785504 0.80896652 8.0496602e-07 50.282745 -0.80896646 0.5878551 7.7134882e-06 -3.8146973e-06 5.7667498e-06 -5.1856041e-06 1 7.6293945e-06 0 0 0 1 0.5704599 0.82132566 9.0512822e-07 50.282745 -0.8213256 0.57045996 7.4866512e-06 -3.8146973e-06 5.6326385e-06 -5.0142403e-06 1 3.8146973e-06 0 0 0 1 0.55862981 0.82941729 8.8129394e-07 50.282745 -0.82941729 0.55862981 7.6541364e-06 0 5.8561568e-06 -5.0067897e-06 0.99999994 3.8146973e-06 0 0 0 1 0.55208522 0.83378786 7.0980553e-07 50.282745 -0.83378786 0.55208522 7.5650332e-06 0 5.9157605e-06 -4.7683711e-06 0.99999988 1.5258789e-05 0 0 0 1 0.55051249 0.83482724 8.0321013e-07 50.282749 -0.83482707 0.55051261 7.687273e-06 3.8146973e-06 5.9753656e-06 -4.902482e-06 1.0000001 3.8146973e-06 0 0 0 1 0.55353975 0.83282304 7.049984e-07 50.282761 -0.83282304 0.55353975 7.6613042e-06 0 5.9902663e-06 -4.8279758e-06 0.99999994 7.6293945e-06 0 0 0 1 0.56215006 0.82703543 8.536656e-07 50.282745 -0.82703543 0.56215006 7.571065e-06 3.8146973e-06 5.7816505e-06 -4.9620862e-06 1 0 0 0 0 1 0.5768382 0.81685865 7.2753357e-07 50.282757 -0.81685865 0.5768382 7.7011218e-06 -3.8146973e-06 5.871058e-06 -5.036592e-06 1.0000001 3.8146973e-06 0 0 0 1 0.59645379 0.80264783 7.0209444e-07 50.282761 -0.80264771 0.59645391 7.7992145e-06 3.8146973e-06 5.8412547e-06 -5.2154064e-06 1 7.6293945e-06 0 0 0 1 0.61978239 0.78477418 7.9086828e-07 50.282753 -0.78477395 0.61978263 7.7260474e-06 0 5.5730338e-06 -5.4091224e-06 1.0000001 3.8146973e-06 0 0 0 1 0.64551574 0.76374716 6.868122e-07 50.282753 -0.76374716 0.64551574 7.682348e-06 0 5.4240222e-06 -5.4836273e-06 1 7.6293945e-06 0 0 0 1 0.67225152 0.74032295 7.2312253e-07 50.282745 -0.74032295 0.67225152 7.7819159e-06 0 5.2750115e-06 -5.7667494e-06 0.99999988 0 0 0 0 1 0.69850826 0.71560222 5.999695e-07 50.282742 -0.71560204 0.69850844 7.7904815e-06 3.8146973e-06 5.1558013e-06 -5.8710571e-06 0.99999994 3.8146973e-06 0 0 0 1 0.72418672 0.68960434 5.2047659e-07 50.282749 -0.68960434 0.72418672 7.8069597e-06 0 5.0067897e-06 -6.0126185e-06 1.0000001 3.8146973e-06 0 0 0 1 0.74978006 0.66168725 6.7503191e-07 50.282753 -0.66168725 0.74978006 7.7911236e-06 3.8146973e-06 4.6491623e-06 -6.28829e-06 0.99999994 3.8146973e-06 0 0 0 1 0.77464157 0.63240081 6.1698847e-07 50.282753 -0.63240093 0.77464151 7.7774885e-06 -1.9073486e-06 4.440546e-06 -6.4149494e-06 1 3.8146973e-06 0 0 0 1 0.79810429 0.60251975 5.6707529e-07 50.282745 -0.60251957 0.79810447 7.8243384e-06 3.8146973e-06 4.2617312e-06 -6.5863132e-06 1 3.8146973e-06 0 0 0 1 0.81949025 0.57309347 5.1405908e-07 50.282738 -0.57309347 0.81949025 7.859423e-06 -1.9073486e-06 4.0829182e-06 -6.7353253e-06 0.99999994 3.8146973e-06 0 0 0 1 0.83811051 0.54550022 4.0899255e-07 50.28273 -0.54550004 0.8381108 7.8945732e-06 -1.9073486e-06 3.9637093e-06 -6.8396334e-06 0.99999988 1.1444092e-05 0 0 0 1 0.85327035 0.52146947 4.5968164e-07 50.282753 -0.52146947 0.85327035 7.9531519e-06 0 3.7550928e-06 -7.0258984e-06 1.0000001 7.6293945e-06 0 0 0 1 0.86427319 0.50302297 5.1028951e-07 50.282745 -0.50302297 0.86427319 7.9270849e-06 0 3.546477e-06 -7.1078543e-06 1 3.8146973e-06 0 0 0 1 0.86764073 0.49719208 4.1615112e-07 50.282753 -0.49719197 0.86764091 7.8592302e-06 -1.9073486e-06 3.5464764e-06 -7.0258966e-06 1 7.6293945e-06 0 0 0 1 0.86211228 0.50671768 5.0268363e-07 50.282742 -0.50671756 0.86211246 7.8541707e-06 1.9073486e-06 3.5464768e-06 -7.0258975e-06 1 3.8146973e-06 0 0 0 1 0.85037452 0.5261783 4.7227672e-07 50.282753 -0.5261783 0.85037452 7.8998028e-06 0 3.7550928e-06 -6.9662933e-06 1 3.8146973e-06 0 0 0 1 0.83509719 0.55010253 5.0658667e-07 50.282738 -0.55010247 0.83509731 7.8119101e-06 1.9073486e-06 3.8743019e-06 -6.8023801e-06 0.99999988 0 0 0 0 1 0.8185178 0.57448149 5.0298513e-07 50.282753 -0.57448155 0.81851774 7.875662e-06 -1.9073486e-06 4.11272e-06 -6.7353244e-06 1 3.8146973e-06 0 0 0 1 0.80244005 0.59673303 5.6552199e-07 50.282749 -0.59673297 0.80244011 7.8523017e-06 0 4.2319302e-06 -6.6384669e-06 1 1.1444092e-05 0 0 0 1 0.78889287 0.61453098 5.7308506e-07 50.282745 -0.61453098 0.78889287 7.8646071e-06 0 4.3809418e-06 -6.55651e-06 1.0000001 7.6293945e-06 0 0 0 1 0.77981937 0.62600487 5.3454852e-07 50.282745 -0.62600476 0.77981943 7.902182e-06 1.9073486e-06 4.5299525e-06 -6.4969045e-06 1.0000001 3.8146973e-06 0 0 0 1 0.77710968 0.6293658 4.9420561e-07 50.282757 -0.6293658 0.77710968 7.902574e-06 1.9073486e-06 4.5895576e-06 -6.4522014e-06 1.0000001 3.8146973e-06 0 0 0 1 0.78263766 0.62247825 6.0594567e-07 50.282753 -0.62247819 0.78263772 7.89551e-06 0 4.4405456e-06 -6.5565109e-06 1.0000001 3.8146973e-06 0 0 0 1 0.79323733 0.60891294 5.7261406e-07 50.282745 -0.60891277 0.79323751 7.891701e-06 1.9073486e-06 4.3511386e-06 -6.608665e-06 1.0000001 3.8146973e-06 0 0 0 1 0.80476767 0.59359026 6.661262e-07 50.282745 -0.59359032 0.80476761 7.8316598e-06 3.8146973e-06 4.1127205e-06 -6.698072e-06 1 0 0 0 0 1 0.81770444 0.57563871 6.6735709e-07 50.282757 -0.57563871 0.81770444 7.885521e-06 3.8146973e-06 3.9935103e-06 -6.8321824e-06 1 -3.8146973e-06 0 0 0 1 0.83251297 0.55400616 6.0089639e-07 50.282749 -0.55400616 0.83251297 7.9500169e-06 0 3.9041042e-06 -6.9513917e-06 1.0000001 0 0 0 0 1 0.84959471 0.52743649 5.4465619e-07 50.282753 -0.52743638 0.84959489 7.9403462e-06 1.9073486e-06 3.7252901e-06 -7.0333485e-06 1.0000001 3.8146973e-06 0 0 0 1 0.86777008 0.49696633 5.6574487e-07 50.282745 -0.49696621 0.86777025 7.9442152e-06 1.9073486e-06 3.4570694e-06 -7.1749091e-06 1.0000001 3.8146973e-06 0 0 0 1 0.88491827 0.46574673 4.6082812e-07 50.282745 -0.46574667 0.88491839 8.0422587e-06 3.8146973e-06 3.3378601e-06 -7.3313718e-06 1 -3.8146973e-06 0 0 0 1 0.89995992 0.43597296 3.7600148e-07 50.282753 -0.43597293 0.89996004 8.0221325e-06 1.9073486e-06 3.1590466e-06 -7.3835254e-06 1 0 0 0 0 1 0.91182083 0.41058868 3.6580104e-07 50.282745 -0.41058865 0.91182095 7.9982119e-06 1.9073486e-06 2.9504299e-06 -7.4431309e-06 1 0 0 0 0 1 0.91946727 0.3931666 4.7818838e-07 50.282745 -0.39316654 0.91946739 8.016169e-06 1.9073486e-06 2.7120113e-06 -7.5586145e-06 0.99999988 0 0 0 0 1 0.92200363 0.38718152 3.3786816e-07 50.282753 -0.38718152 0.92200363 8.039985e-06 0 2.8014178e-06 -7.5437124e-06 0.99999994 7.6293945e-06 0 0 0 1 0.91970527 0.39260989 2.7854514e-07 50.282749 -0.39260989 0.91970527 8.0915106e-06 -1.9073486e-06 2.9206276e-06 -7.5511643e-06 1 7.6293945e-06 0 0 0 1 0.91337389 0.40712237 3.6256085e-07 50.282749 -0.40712237 0.91337389 7.91403e-06 1.9073486e-06 2.890825e-06 -7.3760748e-06 1 3.8146973e-06 0 0 0 1 0.90380663 0.42794165 4.1229384e-07 50.282745 -0.42794168 0.90380651 7.9741485e-06 0 3.0398371e-06 -7.3835254e-06 1 3.8146973e-06 0 0 0 1 0.89175332 0.45252216 4.7394042e-07 50.282745 -0.4525221 0.89175344 7.980796e-06 0 3.1888485e-06 -7.3313713e-06 1 0 0 0 0 1 0.87788737 0.47886741 4.5918611e-07 50.282749 -0.47886741 0.87788737 7.9988322e-06 1.9073486e-06 3.4272671e-06 -7.2419639e-06 0.99999994 7.6293945e-06 0 0 0 1 0.8627798 0.50558043 4.333674e-07 50.282749 -0.50558037 0.86277992 7.872105e-06 1.9073486e-06 3.6060815e-06 -7.0109963e-06 1 3.8146973e-06 0 0 0 1 0.84689593 0.53175896 5.2025325e-07 50.282749 -0.5317589 0.84689599 7.8902167e-06 0 3.7550926e-06 -6.9588427e-06 1 0 0 0 0 1 0.8305881 0.55688757 4.3013006e-07 50.282738 -0.55688751 0.83058816 7.9732054e-06 -3.8146973e-06 4.0829177e-06 -6.8619838e-06 1 7.6293945e-06 0 0 0 1 0.81410658 0.58071584 5.6744335e-07 50.282749 -0.58071584 0.81410658 7.8776566e-06 1.9073486e-06 4.1127205e-06 -6.7427754e-06 1.0000001 0 0 0 0 1 </float_array>
        <technique_common>
