<?xml version="1.0" encoding="UTF-8" standalone="no" ?>
<COLLADA xmlns="http://www.collada.org/2005/11/COLLADASchema" version="1.4.1">
  <asset>
    <contributor>
      <author>Assimp</author>
      <authoring_tool>FBX SDK/FBX Plugins version 2013.1</authoring_tool>
    </contributor>
    <created>2020-08-21T10:31:42</created>
    <modified>2020-08-21T10:31:42</modified>
    <unit name="meter" meter="1" />
    <up_axis>Y_UP</up_axis>
  </asset>
  <library_geometries>
  </library_geometries>
  <library_controllers>
  </library_controllers>
  <library_visual_scenes>
    <visual_scene id="RootNode" name="RootNode">
      <node id="Motion_aAssimpFbxa_Translation"  name="Motion_$AssimpFbx$_Translation" type="NODE">
        <matrix sid="matrix">1 0 0 9.92585e-07 0 1 0 0 0 0 1 -0.17328988 0 0 0 1</matrix>
        <node id="Motion_aAssimpFbxa_PreRotation"  name="Motion_$AssimpFbx$_PreRotation" type="NODE">
          <matrix sid="matrix">1 0 0 0 0 -4.3711388e-08 1 0 0 -1 -4.3711388e-08 0 0 0 0 1</matrix>
          <node id="Motion_aAssimpFbxa_Rotation"  name="Motion_$AssimpFbx$_Rotation" type="NODE">
            <matrix sid="matrix">1.3868001e-06 1 0 0 -1 1.3868001e-06 0 0 0 0 1 0 0 0 0 1</matrix>
            <node id="Motion_aAssimpFbxa_Scaling"  name="Motion_$AssimpFbx$_Scaling" type="NODE">
              <matrix sid="matrix">1 0 0 0 0 1 0 0 0 0 1 0 0 0 0 1</matrix>
              <node id="Motion"  name="Motion" type="NODE">
                <matrix sid="matrix">1 0 0 0 0 1 0 0 0 0 1 0 0 0 0 1</matrix>
                <node id="B_Pelvis"  name="B_Pelvis" type="NODE">
                  <matrix sid="matrix">-4.3711388e-08 0.60876256 0.79335248 0.17329331 0 -0.79335248 0.60876256 2.6999989 1 2.6609857e-08 3.4678539e-08 98.58812 0 0 0 1</matrix>
                  <node id="B_Spine"  name="B_Spine" type="NODE">
                    <matrix sid="matrix">0.99823147 0.047404028 -0.03587313 7.6762924 -0.037805334 0.97190607 0.23231289 -1.6268325 0.045877878 -0.23054582 0.97197938 0.0023477077 0 0 0 1</matrix>
                    <node id="B_Spine1"  name="B_Spine1" type="NODE">
                      <matrix sid="matrix">0.99970514 -0.02419873 0.0019994173 12.747772 0.024175968 0.99965024 0.010716196 -0.014275551 -0.0022580363 -0.010664699 0.99994057 0.00015211105 0 0 0 1</matrix>
                      <node id="B_Spine2"  name="B_Spine2" type="NODE">
                        <matrix sid="matrix">0.9988209 -0.048403613 0.0037315548 17.93544 0.048312023 0.99859816 0.021625748 -0.026443481 -0.0047730878 -0.02141997 0.9997592 0.00054836273 0 0 0 1</matrix>
                        <node id="B_L_Clavicle"  name="B_L_Clavicle" type="NODE">
                          <matrix sid="matrix">-0.017590661 -0.00078421831 0.99984497 17.736847 -0.17375694 -0.98478115 -0.0038293824 0.073140144 0.98463148 -0.17379735 0.017186686 5.0180159 0 0 0 1</matrix>
                          <node id="B_L_UpperArm"  name="B_L_UpperArm" type="NODE">
                            <matrix sid="matrix">0.67658818 0.4022921 0.61675727 17.464663 -0.50647587 0.86222738 -0.0067963898 1.9073486e-06 -0.53451914 -0.30777431 0.78712404 -1.5258789e-05 0 0 0 1</matrix>
                            <node id="B_L_Forearm"  name="B_L_Forearm" type="NODE">
                              <matrix sid="matrix">-0.13640097 0.98478979 0.10762782 27.628185 -0.99065369 -0.13559353 -0.0148194 -3.8146973e-06 -3.576279e-07 -0.10864328 0.99408078 -1.5258789e-05 0 0 0 1</matrix>
                              <node id="B_L_ForeArmTwist"  name="B_L_ForeArmTwist" type="NODE">
                                <matrix sid="matrix">1 5.8766357e-08 -2.6339526e-07 11.992641 -2.9802308e-08 0.99408078 0.10864355 -2.2888184e-05 2.6822076e-07 -0.10864355 0.99408078 1.5258789e-05 0 0 0 1</matrix>
                                <node id="B_L_Hand"  name="B_L_Hand" type="NODE">
                                  <matrix sid="matrix">0.96626526 -0.095602185 0.2391479 11.992641 -0.24727416 -0.084708698 0.96523571 1.5258789e-05 -0.072020732 -0.99180877 -0.10549102 -7.6293945e-06 0 0 0 1</matrix>
                                  <node id="B_L_Finger0"  name="B_L_Finger0" type="NODE">
                                    <matrix sid="matrix">0.80900651 0.13246356 0.57267952 1.4603271 0.1558325 0.89108145 -0.4262512 1.9355469 -0.5667668 0.43408209 0.7002486 -2.4376526 0 0 0 1</matrix>
                                    <node id="B_L_Finger01"  name="B_L_Finger01" type="NODE">
                                      <matrix sid="matrix">0.80299318 -0.59598827 -1.0399714e-07 3.7140045 0.59598827 0.80299318 -8.6466059e-08 -7.6293945e-06 1.3504174e-07 7.4505797e-09 1 -2.2888184e-05 0 0 0 1</matrix>
                                      <node id="B_L_Finger02"  name="B_L_Finger02" type="NODE">
                                        <matrix sid="matrix">0.55218464 -0.83372188 -3.7189139e-08 5.529932 0.83372188 0.55218464 -2.1787461e-09 3.0517578e-05 2.2351738e-08 -2.9802326e-08 1 2.2888184e-05 0 0 0 1</matrix>
                                      </node>
                                    </node>
                                  </node>
                                  <node id="B_L_Finger1"  name="B_L_Finger1" type="NODE">
                                    <matrix sid="matrix">0.27254903 -0.95552641 0.1126338 11.625473 0.92804092 0.23019102 -0.29283464 3.1205368 0.25388393 0.18434057 0.94950593 -3.0983582 0 0 0 1</matrix>
                                    <node id="B_L_Finger11"  name="B_L_Finger11" type="NODE">
                                      <matrix sid="matrix">-0.25881925 -0.96592575 1.1129065e-07 4.4568329 0.96592575 -0.25881925 4.5247084e-08 7.6293945e-06 -1.4901165e-08 1.1920932e-07 1 1.5258789e-05 0 0 0 1</matrix>
                                      <node id="B_L_Finger12"  name="B_L_Finger12" type="NODE">
                                        <matrix sid="matrix">0.57357574 -0.81915253 2.8135946e-07 3.3311615 0.81915253 0.57357574 -1.6972325e-07 -7.6293945e-06 -2.2351735e-08 3.2782546e-07 1 -2.2888184e-05 0 0 0 1</matrix>
                                      </node>
                                    </node>
                                  </node>
                                  <node id="B_L_Finger2"  name="B_L_Finger2" type="NODE">
                                    <matrix sid="matrix">0.2580848 -0.96503466 0.045829237 11.814079 0.96096498 0.25152335 -0.11524838 2.4380951 0.099691562 0.07378415 0.99227893 0.83571625 0 0 0 1</matrix>
                                    <node id="B_L_Finger21"  name="B_L_Finger21" type="NODE">
                                      <matrix sid="matrix">-0.62068564 -0.78405952 4.6148909e-07 5.1996384 0.78405952 -0.62068564 1.3726732e-07 2.2888184e-05 1.7881392e-07 4.4703478e-07 1 7.6293945e-06 0 0 0 1</matrix>
                                      <node id="B_L_Finger22"  name="B_L_Finger22" type="NODE">
                                        <matrix sid="matrix">0.44828629 -0.89389002 2.6879825e-08 5.1996288 0.89389002 0.44828629 1.8655993e-07 0 -1.7881392e-07 -5.9604652e-08 1 -3.8146973e-06 0 0 0 1</matrix>
                                      </node>
                                    </node>
                                  </node>
                                  <node id="B_L_Finger3"  name="B_L_Finger3" type="NODE">
                                    <matrix sid="matrix">0.13847044 -0.99036652 0.00029712403 11.814064 0.99036658 0.13847046 5.9356073e-05 1.9342346 -9.9927172e-05 0.00028604266 0.99999994 4.6002464 0 0 0 1</matrix>
                                    <node id="B_L_Finger31"  name="B_L_Finger31" type="NODE">
                                      <matrix sid="matrix">-0.058766745 -0.99827176 -1.0044771e-06 4.45681 0.99827176 -0.058766745 -1.1935807e-06 1.5258789e-05 1.132488e-06 -1.0728839e-06 1 0 0 0 0 1</matrix>
                                      <node id="B_L_Finger32"  name="B_L_Finger32" type="NODE">
                                        <matrix sid="matrix">-0.058766626 -0.99827176 -1.9057368e-06 4.4567719 0.99827176 -0.058766626 -1.6048832e-06 -1.5258789e-05 1.4901158e-06 -1.9967567e-06 1 0 0 0 0 1</matrix>
                                      </node>
                                    </node>
                                  </node>
                                  <node id="B_L_Finger4"  name="B_L_Finger4" type="NODE">
                                    <matrix sid="matrix">0.14714396 -0.98122936 -0.12464997 11.857208 0.98368686 0.15835448 -0.085346892 4.0528793 0.10348376 -0.11005826 0.9885233 6.5145149 0 0 0 1</matrix>
                                    <node id="B_L_Finger41"  name="B_L_Finger41" type="NODE">
                                      <matrix sid="matrix">-0.18123157 -0.98344046 -2.0486721e-06 3.327652 0.98344046 -0.18123157 -3.8473609e-06 7.6293945e-06 3.4123661e-06 -2.7120102e-06 1 0 0 0 0 1</matrix>
                                      <node id="B_L_Finger42"  name="B_L_Finger42" type="NODE">
                                        <matrix sid="matrix">0.0019772795 -0.99999803 -2.3011967e-06 3.3276672 0.99999803 0.0019772795 -3.24391e-06 -3.0517578e-05 3.2484538e-06 -2.2947781e-06 1 -1.1444092e-05 0 0 0 1</matrix>
                                      </node>
                                    </node>
                                  </node>
                                </node>
                              </node>
                            </node>
                          </node>
                        </node>
                        <node id="B_R_Clavicle"  name="B_R_Clavicle" type="NODE">
                          <matrix sid="matrix">-0.10452852 -0.00079656893 -0.9945215 17.736847 0.00023397958 -0.99999964 0.00077636424 0.074661255 -0.99452186 -0.00015154552 0.10452867 -5.0179629 0 0 0 1</matrix>
                          <node id="B_R_UpperArm"  name="B_R_UpperArm" type="NODE">
                            <matrix sid="matrix">0.65678829 0.18435103 -0.73119342 17.464649 -0.58112288 0.74166942 -0.33499652 1.2397766e-05 0.48054683 0.64493501 0.59425038 1.5258789e-05 0 0 0 1</matrix>
                            <node id="B_R_Forearm"  name="B_R_Forearm" type="NODE">
                              <matrix sid="matrix">0.1257856 0.99193633 -0.015499667 27.628185 -0.99205744 0.12577026 -0.0019651239 -1.5258789e-05 1.1920932e-07 0.015623745 0.99987793 0 0 0 0 1</matrix>
                              <node id="B_R_ForeArmTwist"  name="B_R_ForeArmTwist" type="NODE">
                                <matrix sid="matrix">1 -1.3968749e-09 -8.9396053e-08 11.99263 0 0.99987793 -0.015623782 -1.1444092e-05 8.9406967e-08 0.015623782 0.99987793 0 0 0 0 1</matrix>
                                <node id="B_R_Hand"  name="B_R_Hand" type="NODE">
                                  <matrix sid="matrix">0.86458033 -0.066815831 -0.49803263 11.992653 -0.49769527 0.022792298 -0.86705244 -3.8146973e-06 0.069284134 0.99750501 -0.013548149 -7.6293945e-06 0 0 0 1</matrix>
                                  <node id="B_R_Finger0"  name="B_R_Finger0" type="NODE">
                                    <matrix sid="matrix">0.80900657 0.13246374 -0.5726794 1.4603271 0.15583238 0.89108139 0.42625144 1.9355469 0.5667668 -0.43408218 0.70024854 2.4376602 0 0 0 1</matrix>
                                    <node id="B_R_Finger01"  name="B_R_Finger01" type="NODE">
                                      <matrix sid="matrix">0.802993 -0.59598845 -2.8642688e-07 3.7140274 0.59598845 0.802993 -6.4132358e-08 -2.2888184e-05 2.6822093e-07 -1.1920929e-07 1 0 0 0 0 1</matrix>
                                      <node id="B_R_Finger02"  name="B_R_Finger02" type="NODE">
                                        <matrix sid="matrix">0.55218482 -0.83372176 6.6474556e-08 5.5299377 0.83372176 0.55218482 -1.1551919e-07 7.6293945e-06 5.9604623e-08 1.1920922e-07 1 2.2888184e-05 0 0 0 1</matrix>
                                      </node>
                                    </node>
                                  </node>
                                  <node id="B_R_Finger1"  name="B_R_Finger1" type="NODE">
                                    <matrix sid="matrix">0.27254859 -0.95552653 -0.11263388 11.625473 0.92804098 0.2301905 0.29283494 3.1205444 -0.25388429 -0.1843406 0.94950587 3.0983582 0 0 0 1</matrix>
                                    <node id="B_R_Finger11"  name="B_R_Finger11" type="NODE">
                                      <matrix sid="matrix">-0.25881925 -0.96592575 -8.8178652e-08 4.4568214 0.96592575 -0.25881925 -8.2924259e-08 0 5.7276349e-08 -1.0663643e-07 1 3.8146973e-06 0 0 0 1</matrix>
                                      <node id="B_R_Finger12"  name="B_R_Finger12" type="NODE">
                                        <matrix sid="matrix">0.57357585 -0.81915247 2.1793508e-07 3.331131 0.81915247 0.57357585 5.2261825e-08 0 -1.678127e-07 1.4854594e-07 1 -1.1444092e-05 0 0 0 1</matrix>
                                      </node>
                                    </node>
                                  </node>
                                  <node id="B_R_Finger2"  name="B_R_Finger2" type="NODE">
                                    <matrix sid="matrix">0.25808468 -0.96503466 -0.045829348 11.814056 0.96096504 0.25152317 0.11524836 2.438118 -0.099691525 -0.073784232 0.99227887 -0.83571625 0 0 0 1</matrix>
                                    <node id="B_R_Finger21"  name="B_R_Finger21" type="NODE">
                                      <matrix sid="matrix">-0.62068546 -0.7840597 -1.5163972e-07 5.199604 0.7840597 -0.62068546 -7.2529758e-08 0 -3.7252914e-08 -1.6391276e-07 1 -3.6239624e-05 0 0 0 1</matrix>
                                      <node id="B_R_Finger22"  name="B_R_Finger22" type="NODE">
                                        <matrix sid="matrix">0.44828618 -0.89389008 3.3399923e-09 5.1996002 0.89389008 0.44828618 6.6600001e-09 1.5258789e-05 -7.4505806e-09 0 1 2.6702881e-05 0 0 0 1</matrix>
                                      </node>
                                    </node>
                                  </node>
                                  <node id="B_R_Finger3"  name="B_R_Finger3" type="NODE">
                                    <matrix sid="matrix">0.1384702 -0.99036652 -0.00029824051 11.814072 0.99036658 0.13847022 -5.9485919e-05 1.9342728 0.0001002103 -0.00028713042 0.99999994 -4.6002502 0 0 0 1</matrix>
                                    <node id="B_R_Finger31"  name="B_R_Finger31" type="NODE">
                                      <matrix sid="matrix">-0.058766745 -0.99827176 9.63262e-09 4.4567947 0.99827176 -0.058766745 -1.6362949e-07 -1.5258789e-05 1.6391277e-07 0 1 0 0 0 0 1</matrix>
                                      <node id="B_R_Finger32"  name="B_R_Finger32" type="NODE">
                                        <matrix sid="matrix">-0.058766745 -0.99827176 6.7902596e-07 4.4568176 0.99827176 -0.058766745 -1.2422332e-07 1.5258789e-05 1.6391277e-07 6.705522e-07 1 -1.1444092e-05 0 0 0 1</matrix>
                                      </node>
                                    </node>
                                  </node>
                                  <node id="B_R_Finger4"  name="B_R_Finger4" type="NODE">
                                    <matrix sid="matrix">0.14714384 -0.98122966 0.12464787 11.857239 0.98368686 0.15835416 0.085347071 4.0529175 -0.10348359 0.11005618 0.98852354 -6.5145569 0 0 0 1</matrix>
                                    <node id="B_R_Finger41"  name="B_R_Finger41" type="NODE">
                                      <matrix sid="matrix">-0.18123135 -0.98344052 2.340326e-07 3.3276825 0.98344052 -0.18123135 7.8557986e-07 3.0517578e-05 -7.3015696e-07 3.725288e-07 1 3.0517578e-05 0 0 0 1</matrix>
                                      <node id="B_R_Finger42"  name="B_R_Finger42" type="NODE">
                                        <matrix sid="matrix">0.0019766835 -0.99999803 3.1413128e-07 3.3277206 0.99999803 0.0019766835 6.1032796e-07 2.2888184e-05 -6.1094772e-07 3.1292427e-07 1 -1.5258789e-05 0 0 0 1</matrix>
                                      </node>
                                    </node>
                                  </node>
                                </node>
                              </node>
                            </node>
                          </node>
                        </node>
                        <node id="B_Neck"  name="B_Neck" type="NODE">
                          <matrix sid="matrix">0.9745459 -0.20556864 -0.089452855 27.039749 0.20928556 0.97725385 0.034271047 1.128232 0.080373093 -0.0521199 0.99540126 0.00061297417 0 0 0 1</matrix>
                          <node id="B_Head"  name="B_Head" type="NODE">
                            <matrix sid="matrix">0.98408651 0.17358992 -0.037950255 10.019318 -0.16961537 0.85404325 -0.49177304 1.4083176 -0.05295568 0.49038416 0.86989599 0 0 0 0 1</matrix>
                          </node>
                        </node>
                      </node>
                    </node>
                  </node>
                  <node id="B_L_Thigh"  name="B_L_Thigh" type="NODE">
                    <matrix sid="matrix">-0.8817656 0.28021169 -0.37943488 0 0.35162911 0.92667168 -0.13280341 1.7642975e-05 0.31439847 -0.25052184 -0.91563773 11.161455 0 0 0 1</matrix>
                    <node id="B_L_Calf"  name="B_L_Calf" type="NODE">
                      <matrix sid="matrix">0.87463462 0.48478267 3.844068e-07 50.282753 -0.48478267 0.87463462 7.9476613e-06 0 3.5166729e-06 -7.1376539e-06 1 0 0 0 0 1</matrix>
                      <node id="B_L_Foot"  name="B_L_Foot" type="NODE">
                        <matrix sid="matrix">0.90706581 -0.23338482 -0.35037577 39.728123 0.18238001 0.9679594 -0.17260426 -3.0994415e-06 0.37943271 0.092661887 0.92056757 -7.6293945e-06 0 0 0 1</matrix>
                        <node id="B_L_Toe0"  name="B_L_Toe0" type="NODE">
                          <matrix sid="matrix">-4.3711388e-08 -1 -5.6529196e-08 18.214443 1 -4.3711388e-08 -2.4709696e-15 14.545954 0 -5.6529196e-08 1 0.020652771 0 0 0 1</matrix>
                        </node>
                      </node>
                    </node>
                  </node>
                  <node id="B_R_Thigh"  name="B_R_Thigh" type="NODE">
                    <matrix sid="matrix">-0.87007099 0.4362787 0.22942813 0 0.18729773 0.7231409 -0.66482091 -1.2397766e-05 -0.45595607 -0.53547001 -0.71089792 -11.161448 0 0 0 1</matrix>
                    <node id="B_R_Calf"  name="B_R_Calf" type="NODE">
                      <matrix sid="matrix">0.67979616 0.73340106 -1.5923433e-08 50.282745 -0.73340106 0.67979616 -4.7285084e-06 3.8146973e-06 -3.4570687e-06 3.2261005e-06 1 3.8146973e-06 0 0 0 1</matrix>
                      <node id="B_R_Foot"  name="B_R_Foot" type="NODE">
                        <matrix sid="matrix">0.91143841 -0.32686901 0.24987334 39.728134 0.34153059 0.93972623 -0.016475216 0 -0.22942729 0.10035553 0.96813834 1.9073486e-06 0 0 0 1</matrix>
                        <node id="B_R_Toe0"  name="B_R_Toe0" type="NODE">
                          <matrix sid="matrix">-4.3711388e-08 -1 4.8507928e-07 18.214439 1 -4.3711648e-08 -5.3644186e-07 14.545954 5.3644186e-07 4.8507928e-07 1 -0.020654678 0 0 0 1</matrix>
                        </node>
                      </node>
                    </node>
                  </node>
                </node>
              </node>
            </node>
          </node>
        </node>
      </node>
      <node id="Exporter_aAssimpFbxa_PreRotation"  name="Exporter_$AssimpFbx$_PreRotation" type="NODE">
        <matrix sid="matrix">1 0 0 0 0 -4.3711388e-08 1 0 0 -1 -4.3711388e-08 0 0 0 0 1</matrix>
        <node id="Exporter"  name="Exporter" type="NODE">
          <matrix sid="matrix">1 0 0 0 0 1 0 0 0 0 1 0 0 0 0 1</matrix>
        </node>
      </node>
    </visual_scene>
  </library_visual_scenes>
  <library_animations>
    <animation id="TakeW001AnimId0" name="Take 001">
      <source id="B_Head_matrix-input" name="B_Head_matrix-input">
        <float_array id="B_Head_matrix-input-array" count="27"> 0 1 2 3 4 5 6 7 8 9 10 11 12 13 14 15 16 17 18 19 20 21 22 23 24 25 26 </float_array>
        <technique_common>
          <accessor count="27" offset="0" source="#B_Head_matrix-input-array" stride="1">
            <param name="TIME" type="float" />
          </accessor>
        </technique_common>
      </source>
      <source id="B_Head_matrix-output" name="B_Head_matrix-output">
        <float_array id="B_Head_matrix-output-array" count="432"> 0.98408645 0.17358989 -0.037950251 10.019318 -0.16961536 0.85404319 -0.49177313 1.4083176 -0.052955672 0.49038419 0.86989611 0 0 0 0 1 0.9707998 -0.018290484 -0.23919246 10.019302 -0.099132143 0.87738454 -0.46943483 1.4083138 0.21844997 0.4794389 0.84995174 -3.8146973e-06 0 0 0 1 0.88116348 -0.14656971 -0.44952008 10.019302 0.077967316 0.98276627 -0.1676051 1.4083138 0.46633896 0.11263961 0.87740552 0 0 0 0 1 0.97132242 -0.060655192 -0.22989893 10.019333 0.20117866 0.72501534 0.65869558 1.4083099 0.12672694 -0.68605667 0.71642619 7.6293945e-06 0 0 0 1 0.96027666 -0.1854675 0.208496 10.019318 -0.18833764 0.12055975 0.97467649 1.4083176 -0.20590705 -0.97522676 0.08084023 -9.5367432e-07 0 0 0 1 0.84048933 -0.44621518 0.30735871 10.019302 -0.24989405 0.18409374 0.95061147 1.4083176 -0.48076019 -0.87578607 0.043222301 7.6293945e-06 0 0 0 1 0.66230857 -0.65013283 0.37239051 10.01931 -0.19406271 0.33120993 0.92338479 1.4083099 -0.72366226 -0.68383294 0.093196623 -7.6293945e-06 0 0 0 1 0.62488562 -0.67985517 0.38381588 10.01931 -0.20019031 0.33565125 0.92046815 1.4083157 -0.75461352 -0.65202355 0.073643252 -7.6293945e-06 0 0 0 1 0.59427828 -0.70463836 0.38770887 10.019314 -0.22187304 0.31972462 0.92116696 1.4083157 -0.77304947 -0.6334517 0.033665117 0 0 0 0 1 0.57212067 -0.72366518 0.38598779 10.01931 -0.25264046 0.29223904 0.92237139 1.4083214 -0.78028888 -0.62522388 -0.015631078 0 0 0 0 1 0.55962431 -0.73567289 0.38158405 10.019321 -0.28514391 0.26139984 0.92215151 1.4083157 -0.77814776 -0.6248647 -0.063486941 0 0 0 0 1 0.55757982 -0.73951721 0.37711909 10.019302 -0.31127787 0.23488536 0.92083371 1.4083176 -0.76955205 -0.63082725 -0.09922801 0 0 0 0 1 0.56650555 -0.73424447 0.37410769 10.01931 -0.32266951 0.22008687 0.92056841 1.4083176 -0.75825846 -0.64222026 -0.11223792 1.5258789e-05 0 0 0 1 0.58679986 -0.71883011 0.37275872 10.019302 -0.31122258 0.22476833 0.92337406 1.4083176 -0.7475335 -0.65784681 -0.09182214 7.6293945e-06 0 0 0 1 0.61873102 -0.69173086 0.37239835 10.019302 -0.26981419 0.25808391 0.92768168 1.4083195 -0.73781592 -0.67446369 -0.026954297 7.6293945e-06 0 0 0 1 0.66230839 -0.65013283 0.37239048 10.019318 -0.19406274 0.33120975 0.92338479 1.4083138 -0.72366232 -0.68383276 0.093196377 -7.6293945e-06 0 0 0 1 0.75251603 -0.54485512 0.36993608 10.019318 -0.04288635 0.5199883 0.85309619 1.4083138 -0.65717626 -0.65783352 0.36793271 -7.6293945e-06 0 0 0 1 0.88425136 -0.3300969 0.33035702 10.019318 0.083939396 0.80820352 0.58289033 1.4083099 -0.45940611 -0.48769161 0.74236304 -3.8146973e-06 0 0 0 1 0.97792488 -0.036207888 0.20579551 10.019318 0.007309142 0.9901973 0.13948393 1.4083138 -0.20882858 -0.13490063 0.96860331 -1.9073486e-06 0 0 0 1 0.9707222 0.23988284 0.012430383 10.019302 -0.22907618 0.94007808 -0.2525422 1.4083176 -0.07226605 0.24230084 0.96750617 3.8146973e-06 0 0 0 1 0.90601718 0.39736092 -0.14573057 10.019302 -0.41831347 0.78832322 -0.45117652 1.4083138 -0.064397112 0.46973458 0.88045591 -3.8146973e-06 0 0 0 1 0.87819272 0.43339792 -0.20234635 10.019318 -0.47146115 0.71302754 -0.5189569 1.4083099 -0.080636315 0.55114269 0.83050555 3.8146973e-06 0 0 0 1 0.89551157 0.40288499 -0.18905765 10.019318 -0.43758759 0.71970993 -0.53901285 1.4083099 -0.08109349 0.56542152 0.82080609 0 0 0 0 1 0.93377888 0.33067358 -0.13679256 10.019318 -0.35100487 0.77194071 -0.53000289 1.4083138 -0.069662206 0.54292035 0.83688974 -3.8146973e-06 0 0 0 1 0.96702611 0.24261642 -0.077444352 10.019333 -0.2478673 0.82675064 -0.50502026 1.4083099 -0.058499027 0.50756377 0.85962605 0 0 0 0 1 0.98408645 0.17358994 -0.037950266 10.019318 -0.16961539 0.85404336 -0.49177319 1.4083157 -0.05295568 0.49038428 0.86989617 0 0 0 0 1 0.98408645 0.17358994 -0.037950266 10.019318 -0.16961539 0.85404336 -0.49177319 1.4083157 -0.05295568 0.49038428 0.86989617 0 0 0 0 1 </float_array>
        <technique_common>
          <accessor count="27" offset="0" source="#B_Head_matrix-output-array" stride="16">
            <param name="TRANSFORM" type="float4x4" />
          </accessor>
        </technique_common>
      </source>
      <source id="B_Head_matrix-interpolation">
        <Name_array id="B_Head_matrix-interpolation-array" count="27"> LINEAR LINEAR LINEAR LINEAR LINEAR LINEAR LINEAR LINEAR LINEAR LINEAR LINEAR LINEAR LINEAR LINEAR LINEAR LINEAR LINEAR LINEAR LINEAR LINEAR LINEAR LINEAR LINEAR LINEAR LINEAR LINEAR LINEAR </Name_array>
        <technique_common>
          <accessor source="#B_Head_matrix-interpolation-array" count="27" stride="1">
            <param name="INTERPOLATION" type="name"></param>
          </accessor>
        </technique_common>
      </source>
      <source id="B_L_Calf_matrix-input" name="B_L_Calf_matrix-input">
        <float_array id="B_L_Calf_matrix-input-array" count="27"> 0 1 2 3 4 5 6 7 8 9 10 11 12 13 14 15 16 17 18 19 20 21 22 23 24 25 26 </float_array>
        <technique_common>
          <accessor count="27" offset="0" source="#B_L_Calf_matrix-input-array" stride="1">
            <param name="TIME" type="float" />
          </accessor>
        </technique_common>
      </source>
      <source id="B_L_Calf_matrix-output" name="B_L_Calf_matrix-output">
        <float_array id="B_L_Calf_matrix-output-array" count="432"> 0.8746348 0.48478284 3.844068e-07 50.282753 -0.48478284 0.8746348 7.9476613e-06 0 3.5166743e-06 -7.1376558e-06 1 0 0 0 0 1 0.67690408 0.73607135 6.7778365e-07 50.282761 -0.73607135 0.67690408 7.7492523e-06 0 5.2452083e-06 -5.7443976e-06 1 0 0 0 0 1 0.63566393 0.77196616 6.6741495e-07 50.282753 -0.7719661 0.63566405 7.6578544e-06 0 5.4873517e-06 -5.383044e-06 1 3.8146973e-06 0 0 0 1 0.70959848 0.70460671 6.3648071e-07 50.282757 -0.70460665 0.70959854 7.7441409e-06 3.8146973e-06 5.004928e-06 -5.9437011e-06 0.99999994 7.6293945e-06 0 0 0 1 0.81866878 0.5742662 5.5280447e-07 50.282753 -0.5742662 0.81866878 7.8848989e-06 3.8146973e-06 4.0754676e-06 -6.7725778e-06 0.99999988 5.7220459e-06 0 0 0 1 0.73542142 0.67761046 6.1701445e-07 50.282753 -0.6776104 0.73542148 7.7946597e-06 0 4.8279762e-06 -6.1504552e-06 1.0000001 3.8146973e-06 0 0 0 1 0.78431666 0.62036067 5.5958247e-07 50.282742 -0.62036067 0.78431666 7.793421e-06 0 4.3958421e-06 -6.4596538e-06 0.99999994 0 0 0 0 1 0.81699687 0.57664269 5.5745255e-07 50.282749 -0.57664275 0.81699675 7.8961484e-06 0 4.0978193e-06 -6.7725778e-06 1.0000001 3.8146973e-06 0 0 0 1 0.84323537 0.53754503 5.5258744e-07 50.282761 -0.53754497 0.84323549 7.9356305e-06 0 3.7997963e-06 -6.9886446e-06 1.0000001 -3.8146973e-06 0 0 0 1 0.86197984 0.50694281 4.7413261e-07 50.282757 -0.50694281 0.86197984 7.9195806e-06 0 3.6060817e-06 -7.0668762e-06 1.0000001 0 0 0 0 1 0.87373579 0.48640111 4.4723899e-07 50.282745 -0.48640111 0.87373579 7.9414685e-06 0 3.4719706e-06 -7.1562836e-06 0.99999994 3.8146973e-06 0 0 0 1 0.87930942 0.47625145 4.4096623e-07 50.282757 -0.47625145 0.87930942 7.9166366e-06 0 3.3825636e-06 -7.1711838e-06 1 -3.8146973e-06 0 0 0 1 0.87909758 0.47664207 4.5513883e-07 50.282757 -0.47664207 0.87909758 7.9360916e-06 0 3.382564e-06 -7.1935378e-06 0.99999988 -3.8146973e-06 0 0 0 1 0.87289828 0.48790219 5.1808496e-07 50.282745 -0.4879021 0.87289846 7.9513957e-06 0 3.4272673e-06 -7.1935365e-06 0.99999994 3.8146973e-06 0 0 0 1 0.86022896 0.50990802 4.5771753e-07 50.282749 -0.50990796 0.86022907 7.9026522e-06 0 3.6358831e-06 -7.031485e-06 1 1.1444092e-05 0 0 0 1 0.84111965 0.54084939 5.5865371e-07 50.282745 -0.54084939 0.84111965 7.9495194e-06 3.8146973e-06 3.829598e-06 -6.9886446e-06 1 7.6293945e-06 0 0 0 1 0.38929325 0.92111427 8.3387215e-07 50.282757 -0.92111403 0.38929334 7.4623567e-06 -7.6293945e-06 6.5490603e-06 -3.6731365e-06 1.0000001 3.8146973e-06 0 0 0 1 0.043531846 0.99905229 9.7929171e-07 50.282749 -0.99905229 0.043531846 7.0491324e-06 -7.6293945e-06 6.9998209e-06 -1.2852253e-06 1.0000001 3.8146973e-06 0 0 0 1 -0.12145174 0.99259746 9.5412861e-07 50.282757 -0.99259734 -0.12145175 6.9390317e-06 0 7.0035453e-06 -1.0430792e-07 1 7.6293945e-06 0 0 0 1 0.023597419 0.99972171 1.0080812e-06 50.282745 -0.99972159 0.023597423 7.1783434e-06 0 7.1525565e-06 -1.1771916e-06 1 7.6293945e-06 0 0 0 1 0.40004206 0.91649711 8.3057148e-07 50.282757 -0.91649693 0.40004215 7.4838999e-06 0 6.5267077e-06 -3.7550922e-06 1 7.6293945e-06 0 0 0 1 0.39252138 0.91974318 9.2493428e-07 50.282749 -0.91974306 0.39252141 7.361356e-06 0 6.4074993e-06 -3.7401919e-06 1 7.6293945e-06 0 0 0 1 0.46991873 0.88270998 7.6742612e-07 50.282753 -0.88270986 0.46991879 7.5323928e-06 -7.6293945e-06 6.2882891e-06 -4.2170277e-06 0.99999994 1.5258789e-05 0 0 0 1 0.60026592 0.79980069 7.4845332e-07 50.282753 -0.79980063 0.60026598 7.7160703e-06 -3.8146973e-06 5.7220454e-06 -5.2303076e-06 1.0000001 7.6293945e-06 0 0 0 1 0.74818325 0.66349226 5.2793894e-07 50.282753 -0.66349208 0.74818343 7.8270241e-06 -7.6293945e-06 4.7981739e-06 -6.2063332e-06 1 0 0 0 0 1 0.87463391 0.48478469 4.2854964e-07 50.282757 -0.48478469 0.87463391 7.9657966e-06 -3.8146973e-06 3.4868717e-06 -7.1749096e-06 1.0000001 1.5258789e-05 0 0 0 1 0.87463391 0.48478469 4.2854964e-07 50.282757 -0.48478469 0.87463391 7.9657966e-06 -3.8146973e-06 3.4868717e-06 -7.1749096e-06 1.0000001 1.5258789e-05 0 0 0 1 </float_array>
        <technique_common>
          <accessor count="27" offset="0" source="#B_L_Calf_matrix-output-array" stride="16">
            <param name="TRANSFORM" type="float4x4" />
          </accessor>
        </technique_common>
      </source>
      <source id="B_L_Calf_matrix-interpolation">
        <Name_array id="B_L_Calf_matrix-interpolation-array" count="27"> LINEAR LINEAR LINEAR LINEAR LINEAR LINEAR LINEAR LINEAR LINEAR LINEAR LINEAR LINEAR LINEAR LINEAR LINEAR LINEAR LINEAR LINEAR LINEAR LINEAR LINEAR LINEAR LINEAR LINEAR LINEAR LINEAR LINEAR </Name_array>
        <technique_common>
          <accessor source="#B_L_Calf_matrix-interpolation-array" count="27" stride="1">
            <param name="INTERPOLATION" type="name"></param>
          </accessor>
        </technique_common>
      </source>
      <source id="B_L_Clavicle_matrix-input" name="B_L_Clavicle_matrix-input">
        <float_array id="B_L_Clavicle_matrix-input-array" count="27"> 0 1 2 3 4 5 6 7 8 9 10 11 12 13 14 15 16 17 18 19 20 21 22 23 24 25 26 </float_array>
        <technique_common>
          <accessor count="27" offset="0" source="#B_L_Clavicle_matrix-input-array" stride="1">
            <param name="TIME" type="float" />
          </accessor>
        </technique_common>
      </source>
      <source id="B_L_Clavicle_matrix-output" name="B_L_Clavicle_matrix-output">
        <float_array id="B_L_Clavicle_matrix-output-array" count="432"> -0.01759064 -0.00078422565 0.99984503 17.736847 -0.17375694 -0.98478109 -0.0038293749 0.073140144 0.98463148 -0.17379734 0.017186522 5.0180159 0 0 0 1 -0.01043272 -0.00078444171 0.99994522 17.736877 -0.17378004 -0.98478115 -0.0025856344 0.073140621 0.98472929 -0.17379749 0.010137557 5.0180168 0 0 0 1 -0.017590642 -0.0007840991 0.99984509 17.736855 -0.17375693 -0.98478115 -0.0038292636 0.073141098 0.98463148 -0.17379734 0.017186644 5.018013 0 0 0 1 -0.060166009 -0.00078431499 0.99818808 17.736847 -0.17343618 -0.98478091 -0.011227675 0.073135376 0.9830057 -0.17379738 0.059114218 5.0180054 0 0 0 1 -0.13174461 -0.00078457576 0.99128336 17.736839 -0.17218091 -0.98478079 -0.02366282 0.073135376 0.97621554 -0.17379749 0.12960464 5.0180182 0 0 0 1 -0.27577043 -0.00078427058 0.96122319 17.736847 -0.16684529 -0.98478138 -0.04867059 0.073140144 0.94663268 -0.17379747 0.27144244 5.0180206 0 0 0 1 -0.27577025 -0.00078401726 0.96122319 17.736855 -0.16684526 -0.98478138 -0.048670314 0.073139191 0.9466325 -0.17379741 0.27144244 5.0180206 0 0 0 1 -0.29648811 -0.00078409899 0.9550361 17.736847 -0.16575398 -0.98478103 -0.052266359 0.073140144 0.9405424 -0.17379744 0.29184595 5.0180054 0 0 0 1 -0.32309452 -0.00078418816 0.94636625 17.736855 -0.16422673 -0.98478085 -0.056883898 0.073141098 0.93200809 -0.1737975 0.31804842 5.0180206 0 0 0 1 -0.35262772 -0.00078427029 0.93576336 17.736855 -0.16236098 -0.98478103 -0.062008522 0.073141098 0.92157072 -0.17379734 0.34713367 5.0180206 0 0 0 1 -0.38221237 -0.00078419596 0.92407429 17.736855 -0.16030662 -0.98478127 -0.067141175 0.073139191 0.91006345 -0.17379741 0.37626964 5.018013 0 0 0 1 -0.40909845 -0.00078433752 0.91248989 17.736855 -0.15827245 -0.98478115 -0.071805097 0.073139191 0.89865899 -0.17379737 0.40274835 5.018013 0 0 0 1 -0.43067759 -0.00078409177 0.9025057 17.736855 -0.15652068 -0.98478115 -0.075547576 0.073141098 0.88882977 -0.17379744 0.42400044 5.018013 0 0 0 1 -0.44444606 -0.00078416604 0.8958053 17.736855 -0.1553456 -0.98478115 -0.077935405 0.073139191 0.8822332 -0.17379749 0.43756005 5.0180054 0 0 0 1 -0.44792017 -0.00078409922 0.89407331 17.736855 -0.15504187 -0.98478138 -0.078537807 0.073139191 0.88052797 -0.17379749 0.44098163 5.018013 0 0 0 1 -0.43849555 -0.00078443426 0.89873308 17.736855 -0.15585887 -0.98478132 -0.076903686 0.073138237 0.88511562 -0.17379743 0.43169951 5.018013 0 0 0 1 -0.39269364 -0.00078416627 0.91966915 17.736862 -0.15953296 -0.98478138 -0.068959393 0.073143005 0.90572679 -0.17379746 0.38659215 5.0180054 0 0 0 1 -0.30297706 -0.00078389794 0.95299762 17.736855 -0.16539474 -0.98478127 -0.053392328 0.073150635 0.93853587 -0.17379743 0.29823622 5.018013 0 0 0 1 -0.19241296 -0.0007840395 0.98131377 17.736862 -0.17040136 -0.98478127 -0.034198586 0.073135376 0.96640605 -0.17379746 0.18935095 5.0180149 0 0 0 1 -0.087790251 -0.0007842927 0.99613857 17.736847 -0.17305863 -0.98478091 -0.016027106 0.073141098 0.98099113 -0.1737974 0.086318426 5.018013 0 0 0 1 -0.01759064 -0.00078421825 0.99984485 17.736847 -0.17375693 -0.98478109 -0.0038293744 0.073141098 0.98463136 -0.17379734 0.01718664 5.0180168 0 0 0 1 0.010333714 -0.00078397966 0.999946 17.736847 -0.17379615 -0.98478073 0.0010239629 0.073139191 0.98472714 -0.1737974 -0.010312674 5.0180168 0 0 0 1 0.013823867 -0.00078422576 0.9999041 17.736832 -0.17379168 -0.98478115 0.0016303434 0.073143005 0.98468542 -0.17379755 -0.013749837 5.018013 0 0 0 1 0.0033522844 -0.00078406197 0.9999941 17.736832 -0.17379904 -0.98478138 -0.00018950552 0.073141098 0.98477548 -0.17379738 -0.0034376383 5.0180206 0 0 0 1 -0.010610105 -0.00078412157 0.99994344 17.736832 -0.17377953 -0.98478138 -0.0026161522 0.073143005 0.98472756 -0.17379744 0.010312319 5.0180283 0 0 0 1 -0.01759064 -0.00078422565 0.99984503 17.736847 -0.17375694 -0.98478115 -0.0038293675 0.073142052 0.98463148 -0.17379735 0.017186522 5.0180244 0 0 0 1 -0.01759064 -0.00078422565 0.99984503 17.736847 -0.17375694 -0.98478115 -0.0038293675 0.073142052 0.98463148 -0.17379735 0.017186522 5.0180244 0 0 0 1 </float_array>
        <technique_common>
          <accessor count="27" offset="0" source="#B_L_Clavicle_matrix-output-array" stride="16">
            <param name="TRANSFORM" type="float4x4" />
          </accessor>
        </technique_common>
      </source>
      <source id="B_L_Clavicle_matrix-interpolation">
        <Name_array id="B_L_Clavicle_matrix-interpolation-array" count="27"> LINEAR LINEAR LINEAR LINEAR LINEAR LINEAR LINEAR LINEAR LINEAR LINEAR LINEAR LINEAR LINEAR LINEAR LINEAR LINEAR LINEAR LINEAR LINEAR LINEAR LINEAR LINEAR LINEAR LINEAR LINEAR LINEAR LINEAR </Name_array>
        <technique_common>
          <accessor source="#B_L_Clavicle_matrix-interpolation-array" count="27" stride="1">
            <param name="INTERPOLATION" type="name"></param>
          </accessor>
        </technique_common>
      </source>
      <source id="B_L_Finger0_matrix-input" name="B_L_Finger0_matrix-input">
        <float_array id="B_L_Finger0_matrix-input-array" count="27"> 0 1 2 3 4 5 6 7 8 9 10 11 12 13 14 15 16 17 18 19 20 21 22 23 24 25 26 </float_array>
        <technique_common>
          <accessor count="27" offset="0" source="#B_L_Finger0_matrix-input-array" stride="1">
            <param name="TIME" type="float" />
          </accessor>
        </technique_common>
      </source>
      <source id="B_L_Finger0_matrix-output" name="B_L_Finger0_matrix-output">
