<?xml version="1.0" encoding="UTF-8" standalone="no" ?>
<COLLADA xmlns="http://www.collada.org/2005/11/COLLADASchema" version="1.4.1">
  <asset>
    <contributor>
      <author>Assimp</author>
      <authoring_tool>FBX SDK/FBX Plugins version 2013.1</authoring_tool>
    </contributor>
    <created>2020-08-21T13:47:49</created>
    <modified>2020-08-21T13:47:49</modified>
    <unit name="meter" meter="1" />
    <up_axis>Y_UP</up_axis>
  </asset>
  <library_geometries>
  </library_geometries>
  <library_controllers>
  </library_controllers>
  <library_visual_scenes>
    <visual_scene id="RootNode" name="RootNode">
      <node id="Motion_aAssimpFbxa_Translation"  name="Motion_$AssimpFbx$_Translation" type="NODE">
        <matrix sid="matrix">1 0 0 9.92585e-07 0 1 0 0 0 0 1 -0.17328988 0 0 0 1</matrix>
        <node id="Motion_aAssimpFbxa_PreRotation"  name="Motion_$AssimpFbx$_PreRotation" type="NODE">
          <matrix sid="matrix">1 0 0 0 0 -4.3711388e-08 1 0 0 -1 -4.3711388e-08 0 0 0 0 1</matrix>
          <node id="Motion_aAssimpFbxa_Rotation"  name="Motion_$AssimpFbx$_Rotation" type="NODE">
            <matrix sid="matrix">1.3868001e-06 1 0 0 -1 1.3868001e-06 0 0 0 0 1 0 0 0 0 1</matrix>
            <node id="Motion_aAssimpFbxa_Scaling"  name="Motion_$AssimpFbx$_Scaling" type="NODE">
              <matrix sid="matrix">1 0 0 0 0 1 0 0 0 0 1 0 0 0 0 1</matrix>
              <node id="Motion"  name="Motion" type="NODE">
                <matrix sid="matrix">1 0 0 0 0 1 0 0 0 0 1 0 0 0 0 1</matrix>
                <node id="B_Pelvis"  name="B_Pelvis" type="NODE">
                  <matrix sid="matrix">-4.3711388e-08 0.60876256 0.79335248 0.17329331 0 -0.79335248 0.60876256 2.6999989 1 2.6609857e-08 3.4678539e-08 98.599998 0 0 0 1</matrix>
                  <node id="B_Spine"  name="B_Spine" type="NODE">
                    <matrix sid="matrix">0.99823147 0.047404032 -0.03587313 7.6762924 -0.037805337 0.97190607 0.23231289 -1.6268322 0.045877885 -0.23054582 0.97197938 0.0023474693 0 0 0 1</matrix>
                    <node id="B_Spine1"  name="B_Spine1" type="NODE">
                      <matrix sid="matrix">0.99970514 -0.024198743 0.0019994094 12.747765 0.024175981 0.99965024 0.010716195 -0.014276028 -0.0022580286 -0.010664699 0.99994057 0.00015211105 0 0 0 1</matrix>
                      <node id="B_Spine2"  name="B_Spine2" type="NODE">
                        <matrix sid="matrix">0.9988209 -0.048403617 0.0037315548 17.935463 0.048312027 0.99859816 0.021625748 -0.026443481 -0.0047730878 -0.02141997 0.9997592 0.00054788589 0 0 0 1</matrix>
                        <node id="B_L_Clavicle"  name="B_L_Clavicle" type="NODE">
                          <matrix sid="matrix">-0.017590661 -0.00078421831 0.99984497 17.736847 -0.17375694 -0.98478115 -0.0038293824 0.073140144 0.98463148 -0.17379735 0.017186686 5.0180159 0 0 0 1</matrix>
                          <node id="B_L_UpperArm"  name="B_L_UpperArm" type="NODE">
                            <matrix sid="matrix">0.67658818 0.4022921 0.61675727 17.464663 -0.50647587 0.86222738 -0.0067963898 1.4305115e-06 -0.53451914 -0.30777431 0.78712404 0 0 0 0 1</matrix>
                            <node id="B_L_Forearm"  name="B_L_Forearm" type="NODE">
                              <matrix sid="matrix">-0.13640097 0.98478979 0.1076279 27.628185 -0.99065369 -0.13559353 -0.014819502 -7.6293945e-06 -4.4703489e-07 -0.10864338 0.99408078 -1.5258789e-05 0 0 0 1</matrix>
                              <node id="B_L_ForeArmTwist"  name="B_L_ForeArmTwist" type="NODE">
                                <matrix sid="matrix">1 6.2004204e-08 -2.930212e-07 11.992638 -2.9802308e-08 0.99408078 0.1086436 -7.6293945e-06 2.9802308e-07 -0.1086436 0.99408078 1.5258789e-05 0 0 0 1</matrix>
                                <node id="B_L_Hand"  name="B_L_Hand" type="NODE">
                                  <matrix sid="matrix">0.96626526 -0.095602177 0.23914786 11.992649 -0.24727412 -0.084708586 0.96523571 7.6293945e-06 -0.072020762 -0.99180877 -0.10549091 0 0 0 0 1</matrix>
                                  <node id="B_L_Finger0"  name="B_L_Finger0" type="NODE">
                                    <matrix sid="matrix">0.80900651 0.13246359 0.57267946 1.4603271 0.1558325 0.89108139 -0.42625126 1.9355392 -0.5667668 0.43408212 0.70024854 -2.4376526 0 0 0 1</matrix>
                                    <node id="B_L_Finger01"  name="B_L_Finger01" type="NODE">
                                      <matrix sid="matrix">0.80299312 -0.59598833 -1.2713576e-07 3.7140198 0.59598833 0.80299312 5.4094954e-08 0 6.9849186e-08 -1.192093e-07 1 -2.6702881e-05 0 0 0 1</matrix>
                                      <node id="B_L_Finger02"  name="B_L_Finger02" type="NODE">
                                        <matrix sid="matrix">0.5521847 -0.83372182 9.271055e-10 5.5299358 0.83372182 0.5521847 3.5132082e-08 1.5258789e-05 -2.9802315e-08 -1.862645e-08 1 2.2888184e-05 0 0 0 1</matrix>
                                      </node>
                                    </node>
                                  </node>
                                  <node id="B_L_Finger1"  name="B_L_Finger1" type="NODE">
                                    <matrix sid="matrix">0.27254871 -0.95552647 0.11263395 11.625465 0.92804098 0.23019069 -0.29283458 3.1205368 0.2538839 0.18434063 0.94950593 -3.0983582 0 0 0 1</matrix>
                                    <node id="B_L_Finger11"  name="B_L_Finger11" type="NODE">
                                      <matrix sid="matrix">-0.25881925 -0.96592575 9.9720538e-08 4.4568253 0.96592575 -0.25881925 8.8427328e-08 0 -5.9604645e-08 1.1920933e-07 1 1.9073486e-05 0 0 0 1</matrix>
                                      <node id="B_L_Finger12"  name="B_L_Finger12" type="NODE">
                                        <matrix sid="matrix">0.57357568 -0.81915259 3.1250195e-07 3.3311615 0.81915259 0.57357568 -7.3288234e-08 -1.5258789e-05 -1.1920927e-07 2.9802314e-07 1 -2.2888184e-05 0 0 0 1</matrix>
                                      </node>
                                    </node>
                                  </node>
                                  <node id="B_L_Finger2"  name="B_L_Finger2" type="NODE">
                                    <matrix sid="matrix">0.2580848 -0.96503466 0.045829229 11.814079 0.96096498 0.25152332 -0.11524851 2.4380951 0.099691689 0.07378418 0.99227893 0.83571625 0 0 0 1</matrix>
                                    <node id="B_L_Finger21"  name="B_L_Finger21" type="NODE">
                                      <matrix sid="matrix">-0.62068564 -0.78405952 4.8461141e-07 5.1996231 0.78405952 -0.62068564 1.0805881e-07 2.2888184e-05 2.1606679e-07 4.4703475e-07 1 7.6293945e-06 0 0 0 1</matrix>
                                      <node id="B_L_Finger22"  name="B_L_Finger22" type="NODE">
                                        <matrix sid="matrix">0.44828629 -0.89389002 7.9943163e-11 5.199625 0.89389002 0.44828629 6.663997e-08 1.5258789e-05 -5.9604645e-08 -2.9802326e-08 1 -7.6293945e-06 0 0 0 1</matrix>
                                      </node>
                                    </node>
                                  </node>
                                  <node id="B_L_Finger3"  name="B_L_Finger3" type="NODE">
                                    <matrix sid="matrix">0.13847044 -0.99036652 0.00029718303 11.814064 0.99036658 0.13847046 5.9347829e-05 1.9342346 -9.9927172e-05 0.00028610221 0.99999994 4.6002388 0 0 0 1</matrix>
                                    <node id="B_L_Finger31"  name="B_L_Finger31" type="NODE">
                                      <matrix sid="matrix">-0.058766745 -0.99827176 -1.0062284e-06 4.4567947 0.99827176 -0.058766745 -1.16383e-06 1.5258789e-05 1.1026858e-06 -1.0728839e-06 1 -3.8146973e-06 0 0 0 1</matrix>
                                      <node id="B_L_Finger32"  name="B_L_Finger32" type="NODE">
                                        <matrix sid="matrix">-0.058766745 -0.99827176 -1.8514892e-06 4.4567642 0.99827176 -0.058766745 -1.5121283e-06 -2.2888184e-05 1.4007089e-06 -1.9371521e-06 1 0 0 0 0 1</matrix>
                                      </node>
                                    </node>
                                  </node>
                                  <node id="B_L_Finger4"  name="B_L_Finger4" type="NODE">
                                    <matrix sid="matrix">0.14714384 -0.98122936 -0.12464997 11.857193 0.98368686 0.15835436 -0.085346922 4.052887 0.10348377 -0.11005827 0.9885233 6.5145226 0 0 0 1</matrix>
                                    <node id="B_L_Finger41"  name="B_L_Finger41" type="NODE">
                                      <matrix sid="matrix">-0.18123157 -0.98344046 -2.0941852e-06 3.327652 0.98344046 -0.18123157 -3.7648349e-06 1.5258789e-05 3.3229585e-06 -2.7418132e-06 1 1.5258789e-05 0 0 0 1</matrix>
                                      <node id="B_L_Finger42"  name="B_L_Finger42" type="NODE">
                                        <matrix sid="matrix">0.0019772795 -0.99999803 -2.3159214e-06 3.327652 0.99999803 0.0019772795 -3.1544739e-06 -7.6293945e-06 3.1590469e-06 -2.3096795e-06 1 -2.2888184e-05 0 0 0 1</matrix>
                                      </node>
                                    </node>
                                  </node>
                                </node>
                              </node>
                            </node>
                          </node>
                        </node>
                        <node id="B_R_Clavicle"  name="B_R_Clavicle" type="NODE">
                          <matrix sid="matrix">-0.10452852 -0.00079656427 -0.9945215 17.736847 0.00023397958 -0.99999964 0.00077635958 0.074661255 -0.99452186 -0.00015154602 0.10452867 -5.0179634 0 0 0 1</matrix>
                          <node id="B_R_UpperArm"  name="B_R_UpperArm" type="NODE">
                            <matrix sid="matrix">0.65678823 0.18435094 -0.73119354 17.464647 -0.58112288 0.74166948 -0.33499643 1.1444092e-05 0.48054701 0.64493495 0.59425038 1.5258789e-05 0 0 0 1</matrix>
                            <node id="B_R_Forearm"  name="B_R_Forearm" type="NODE">
                              <matrix sid="matrix">0.1257856 0.99193633 -0.015499799 27.628197 -0.99205744 0.12577026 -0.0019650504 0 2.0861631e-07 0.015623866 0.99987793 0 0 0 0 1</matrix>
                              <node id="B_R_ForeArmTwist"  name="B_R_ForeArmTwist" type="NODE">
                                <matrix sid="matrix">1 2.9798684e-08 -4.6562315e-10 11.992622 -2.9802322e-08 0.99987793 -0.01562372 -3.8146973e-06 0 0.01562372 0.99987793 7.6293945e-06 0 0 0 1</matrix>
                                <node id="B_R_Hand"  name="B_R_Hand" type="NODE">
                                  <matrix sid="matrix">0.86458027 -0.066815801 -0.49803275 11.992653 -0.49769539 0.022792295 -0.86705238 3.8146973e-06 0.069284111 0.99750501 -0.013548149 -7.6293945e-06 0 0 0 1</matrix>
                                  <node id="B_R_Finger0"  name="B_R_Finger0" type="NODE">
                                    <matrix sid="matrix">0.80900651 0.13246366 -0.57267946 1.4603271 0.15583245 0.89108139 0.42625135 1.9355316 0.5667668 -0.43408218 0.70024854 2.4376678 0 0 0 1</matrix>
                                    <node id="B_R_Finger01"  name="B_R_Finger01" type="NODE">
                                      <matrix sid="matrix">0.80299306 -0.59598839 -3.0456167e-07 3.7140198 0.59598839 0.80299306 -1.1470616e-07 -1.5258789e-05 3.1292444e-07 -8.9406967e-08 1 1.5258789e-05 0 0 0 1</matrix>
                                      <node id="B_R_Finger02"  name="B_R_Finger02" type="NODE">
                                        <matrix sid="matrix">0.55218476 -0.83372176 1.2423418e-07 5.5299377 0.83372176 0.55218476 -8.2281908e-08 7.6293945e-06 0 1.4901156e-07 1 3.0517578e-05 0 0 0 1</matrix>
                                      </node>
                                    </node>
                                  </node>
                                  <node id="B_R_Finger1"  name="B_R_Finger1" type="NODE">
                                    <matrix sid="matrix">0.27254847 -0.95552653 -0.11263387 11.625465 0.92804098 0.23019038 0.29283494 3.1205444 -0.25388432 -0.18434057 0.94950587 3.0983505 0 0 0 1</matrix>
                                    <node id="B_R_Finger11"  name="B_R_Finger11" type="NODE">
                                      <matrix sid="matrix">-0.25881937 -0.96592575 -1.8269834e-07 4.4568253 0.96592575 -0.25881937 -3.0634592e-08 3.0517578e-05 -1.7695129e-08 -1.8440186e-07 1 7.6293945e-06 0 0 0 1</matrix>
                                      <node id="B_R_Finger12"  name="B_R_Finger12" type="NODE">
                                        <matrix sid="matrix">0.57357591 -0.81915241 2.2090964e-07 3.331131 0.81915241 0.57357591 7.9241893e-08 7.6293945e-06 -1.9161963e-07 1.3550742e-07 1 -1.1444092e-05 0 0 0 1</matrix>
                                      </node>
                                    </node>
                                  </node>
                                  <node id="B_R_Finger2"  name="B_R_Finger2" type="NODE">
                                    <matrix sid="matrix">0.25808468 -0.96503472 -0.045829304 11.814049 0.9609651 0.25152323 0.11524832 2.438118 -0.099691488 -0.073784187 0.99227899 -0.83572006 0 0 0 1</matrix>
                                    <node id="B_R_Finger21"  name="B_R_Finger21" type="NODE">
                                      <matrix sid="matrix">-0.62068546 -0.7840597 -1.2145841e-07 5.1996002 0.7840597 -0.62068546 -8.664761e-08 0 -7.4505815e-09 -1.4901156e-07 1 -3.4332275e-05 0 0 0 1</matrix>
                                      <node id="B_R_Finger22"  name="B_R_Finger22" type="NODE">
                                        <matrix sid="matrix">0.44828618 -0.89389008 4.6600011e-08 5.1996002 0.89389008 0.44828618 -4.0039939e-08 0 1.4901163e-08 5.9604641e-08 1 2.6702881e-05 0 0 0 1</matrix>
                                      </node>
                                    </node>
                                  </node>
                                  <node id="B_R_Finger3"  name="B_R_Finger3" type="NODE">
                                    <matrix sid="matrix">0.13847044 -0.99036652 -0.00029827212 11.814049 0.99036658 0.13847046 -5.9496477e-05 1.9342651 0.0001002252 -0.00028716025 0.99999994 -4.6002502 0 0 0 1</matrix>
                                    <node id="B_R_Finger31"  name="B_R_Finger31" type="NODE">
                                      <matrix sid="matrix">-0.058766626 -0.99827176 1.9253857e-08 4.4567947 0.99827176 -0.058766626 -7.350134e-08 0 7.4505792e-08 1.4901156e-08 1 -3.8146973e-06 0 0 0 1</matrix>
                                      <node id="B_R_Finger32"  name="B_R_Finger32" type="NODE">
                                        <matrix sid="matrix">-0.058766864 -0.99827176 5.8627069e-07 4.4568176 0.99827176 -0.058766864 -6.997579e-08 1.5258789e-05 1.0430814e-07 5.8114517e-07 1 -1.5258789e-05 0 0 0 1</matrix>
                                      </node>
                                    </node>
                                  </node>
                                  <node id="B_R_Finger4"  name="B_R_Finger4" type="NODE">
                                    <matrix sid="matrix">0.14714396 -0.98122966 0.12464786 11.857231 0.98368686 0.15835428 0.085347094 4.0529099 -0.10348362 0.11005615 0.98852354 -6.5145645 0 0 0 1</matrix>
                                    <node id="B_R_Finger41"  name="B_R_Finger41" type="NODE">
                                      <matrix sid="matrix">-0.18123123 -0.98344052 2.4058539e-07 3.3276672 0.98344052 -0.18123123 8.3224359e-07 4.5776367e-05 -7.7486044e-07 3.8742994e-07 1 3.0517578e-05 0 0 0 1</matrix>
                                      <node id="B_R_Finger42"  name="B_R_Finger42" type="NODE">
                                        <matrix sid="matrix">0.0019765643 -0.99999803 3.4390402e-07 3.3277206 0.99999803 0.0019765643 5.9536802e-07 3.0517578e-05 -5.9604662e-07 3.4272657e-07 1 -1.5258789e-05 0 0 0 1</matrix>
                                      </node>
                                    </node>
                                  </node>
                                </node>
                              </node>
                            </node>
                          </node>
                        </node>
                        <node id="B_Neck"  name="B_Neck" type="NODE">
                          <matrix sid="matrix">0.9745459 -0.20556867 -0.0894529 27.039749 0.20928559 0.97725385 0.034270998 1.128233 0.080373146 -0.052119862 0.99540126 0.00061273575 0 0 0 1</matrix>
                          <node id="B_Head"  name="B_Head" type="NODE">
                            <matrix sid="matrix">0.98408651 0.17358997 -0.03795024 10.019318 -0.16961543 0.85404325 -0.49177301 1.4083138 -0.052955724 0.49038413 0.86989599 0 0 0 0 1</matrix>
                          </node>
                        </node>
                      </node>
                    </node>
                  </node>
                  <node id="B_L_Thigh"  name="B_L_Thigh" type="NODE">
                    <matrix sid="matrix">-0.88179481 0.28008345 -0.37946177 0 0.35161835 0.9266271 -0.13314199 1.7642975e-05 0.31432867 -0.25082961 -0.91557741 11.161455 0 0 0 1</matrix>
                    <node id="B_L_Calf"  name="B_L_Calf" type="NODE">
                      <matrix sid="matrix">0.8746354 0.48478135 4.1328985e-07 50.282742 -0.48478135 0.8746354 7.9997963e-06 3.8146973e-06 3.516674e-06 -7.1972599e-06 1 3.8146973e-06 0 0 0 1</matrix>
                      <node id="B_L_Foot"  name="B_L_Foot" type="NODE">
                        <matrix sid="matrix">0.90702945 -0.23339346 -0.35046425 39.728134 0.18250562 0.9679901 -0.17229888 -3.8146973e-06 0.37945932 0.092318468 0.92059112 -7.6293945e-06 0 0 0 1</matrix>
                        <node id="B_L_Toe0"  name="B_L_Toe0" type="NODE">
                          <matrix sid="matrix">-4.3711388e-08 -1 -5.6528933e-08 18.214441 1 -4.3711388e-08 -2.9802337e-08 14.545954 2.9802333e-08 -5.6528933e-08 1 0.020652771 0 0 0 1</matrix>
                        </node>
                      </node>
                    </node>
                  </node>
                  <node id="B_R_Thigh"  name="B_R_Thigh" type="NODE">
                    <matrix sid="matrix">-0.8734237 0.42952758 0.22942778 0 0.18169188 0.7245692 -0.66482133 -1.2397766e-05 -0.45179549 -0.53898555 -0.71089762 -11.161448 0 0 0 1</matrix>
                    <node id="B_R_Calf"  name="B_R_Calf" type="NODE">
                      <matrix sid="matrix">0.6928789 0.72105402 -6.3070502e-08 50.282753 -0.72105402 0.6928789 -4.7517433e-06 3.8146973e-06 -3.3825629e-06 3.3378594e-06 1 0 0 0 0 1</matrix>
                      <node id="B_R_Foot"  name="B_R_Foot" type="NODE">
                        <matrix sid="matrix">0.91488951 -0.3172248 0.24969107 39.728134 0.33217528 0.94302559 -0.019033797 -1.9073486e-06 -0.22942707 0.10035501 0.96813846 3.8146973e-06 0 0 0 1</matrix>
                        <node id="B_R_Toe0"  name="B_R_Toe0" type="NODE">
                          <matrix sid="matrix">-4.3711388e-08 -1 5.8227153e-07 18.214441 1 -4.3711768e-08 -6.5565109e-07 14.545956 6.5565109e-07 5.8227147e-07 1 -0.020652771 0 0 0 1</matrix>
                        </node>
                      </node>
                    </node>
                  </node>
                </node>
              </node>
            </node>
          </node>
        </node>
      </node>
      <node id="Exporter_aAssimpFbxa_PreRotation"  name="Exporter_$AssimpFbx$_PreRotation" type="NODE">
        <matrix sid="matrix">1 0 0 0 0 -4.3711388e-08 1 0 0 -1 -4.3711388e-08 0 0 0 0 1</matrix>
        <node id="Exporter"  name="Exporter" type="NODE">
          <matrix sid="matrix">1 0 0 0 0 1 0 0 0 0 1 0 0 0 0 1</matrix>
        </node>
      </node>
    </visual_scene>
  </library_visual_scenes>
  <library_animations>
    <animation id="TakeW001AnimId0" name="Take 001">
      <source id="B_Head_matrix-input" name="B_Head_matrix-input">
        <float_array id="B_Head_matrix-input-array" count="41"> 0 1 2 3 4 5 6 7 8 9 10 11 12 13 14 15 16 17 18 19 20 21 22 23 24 25 26 27 28 29 30 31 32 33 34 35 36 37 38 39 40 </float_array>
        <technique_common>
          <accessor count="41" offset="0" source="#B_Head_matrix-input-array" stride="1">
            <param name="TIME" type="float" />
          </accessor>
        </technique_common>
      </source>
      <source id="B_Head_matrix-output" name="B_Head_matrix-output">
        <float_array id="B_Head_matrix-output-array" count="656"> 0.98408663 0.17358999 -0.037950236 10.019318 -0.16961543 0.85404336 -0.49177307 1.4083138 -0.052955724 0.49038422 0.86989611 0 0 0 0 1 0.99652207 0.039178103 -0.073547691 10.019318 -0.073958144 0.82248974 -0.56395108 1.4083138 0.038397692 0.56742901 0.82252657 1.9073486e-06 0 0 0 1 0.9920724 -0.098878033 -0.077557303 10.019318 0.027019752 0.77057165 -0.6367808 1.4083157 0.12272701 0.62963736 0.76713449 0 0 0 0 1 0.98084921 -0.18323627 -0.066023849 10.019318 0.087173723 0.71614957 -0.6924814 1.4083118 0.17417066 0.67346436 0.71840817 3.8146973e-06 0 0 0 1 0.97128183 -0.23051977 -0.058923047 10.019302 0.11364855 0.6670543 -0.73628968 1.4083157 0.20903417 0.70844835 0.67409605 3.8146973e-06 0 0 0 1 0.95625728 -0.28850532 -0.048341431 10.019318 0.14476852 0.6103335 -0.77880353 1.4083176 0.2541934 0.73773837 0.62540215 1.1444092e-05 0 0 0 1 0.93500453 -0.35304233 -0.033578809 10.019302 0.17695212 0.5464983 -0.81855208 1.4083157 0.30733427 0.75940806 0.57345003 7.6293945e-06 0 0 0 1 0.9074021 -0.42001271 -0.014520138 10.019318 0.20704488 0.47683549 -0.85426015 1.4083157 0.36572379 0.77215123 0.51964289 0 0 0 0 1 0.87415624 -0.48557359 0.008331866 10.019302 0.23253395 0.40343535 -0.88496786 1.4083138 0.42635563 0.77553755 0.46557784 0 0 0 0 1 0.8368296 -0.5464136 0.033888601 10.019318 0.2517266 0.32907149 -0.91013521 1.4083138 0.48615831 0.77015871 0.41292366 0 0 0 0 1 0.79773772 -0.59995568 0.060565107 10.019302 0.26384389 0.25696975 -0.92970598 1.4083157 0.5422188 0.75764126 0.36328897 0 0 0 0 1 0.75974739 -0.64445019 0.086415529 10.019302 0.26899859 0.19052742 -0.94410759 1.4083157 0.59196573 0.74052894 0.31810898 0 0 0 0 1 0.72603726 -0.67891532 0.10928768 10.019325 0.26804495 0.13305204 -0.95417458 1.4083176 0.63326281 0.7220602 0.27858061 3.8146973e-06 0 0 0 1 0.69985318 -0.70291001 0.12697665 10.019325 0.2623086 0.087568216 -0.96100253 1.4083157 0.66437924 0.70586777 0.24566421 -3.8146973e-06 0 0 0 1 0.6842978 -0.71614844 0.13736171 10.01931 0.25322384 0.056726106 -0.96574318 1.4083138 0.68382359 0.69563907 0.22016335 0 0 0 0 1 0.67679292 -0.72230035 0.14224491 10.019302 0.24207227 0.035875563 -0.96959502 1.4083138 0.69523537 0.69064856 0.19912927 0 0 0 0 1 0.67274499 -0.72559786 0.14464419 10.01931 0.22959408 0.018887281 -0.97310328 1.4083138 0.70334959 0.68785977 0.17929931 0 0 0 0 1 0.67197484 -0.726354 0.14443006 10.019318 0.21619804 0.0058757067 -0.97633195 1.4083138 0.70831412 0.68729585 0.1609845 0 0 0 0 1 0.67426938 -0.72480029 0.14151151 10.01931 0.20224079 -0.0030657053 -0.97933114 1.4083166 0.7102533 0.68895239 0.14451699 0 0 0 0 1 0.67939568 -0.72108907 0.13583946 10.019318 0.18803027 -0.0078566093 -0.98213184 1.4083157 0.70927155 0.69279832 0.13024873 -7.6293945e-06 0 0 0 1 0.6871075 -0.71529746 0.12740797 10.019302 0.17382857 -0.0084228516 -0.9847399 1.4083128 0.70545512 0.69876933 0.11855173 0 0 0 0 1 0.69715422 -0.70743221 0.11625838 10.01931 0.15985493 -0.0046910057 -0.98712939 1.4083157 0.69887239 0.70676601 0.10981613 7.6293945e-06 0 0 0 1 0.70928496 -0.69743282 0.10248059 10.019333 0.14628972 0.0034176703 -0.98923588 1.4083138 0.68957543 0.71664196 0.10445136 7.6293945e-06 0 0 0 1 0.72325331 -0.68517965 0.086218618 10.01931 0.13327552 0.015986323 -0.99095005 1.4083157 0.67760056 0.72819871 0.10287981 7.6293945e-06 0 0 0 1 0.73881882 -0.6704976 0.067674793 10.019318 0.12092057 0.033106092 -0.99211013 1.4083118 0.66296685 0.74117285 0.1055363 0 0 0 0 1 0.75574684 -0.65316683 0.047116604 10.019318 0.10929847 0.05486954 -0.99249339 1.4083128 0.6456784 0.75522369 0.11285757 7.6293945e-06 0 0 0 1 0.77380776 -0.63293165 0.02488282 10.01931 0.098450676 0.081371836 -0.99180937 1.4083147 0.62572294 0.76991946 0.12527868 -7.6293945e-06 0 0 0 1 0.79277462 -0.60951316 0.0013909638 10.019318 0.088385098 0.1127011 -0.98969018 1.4083157 0.60307235 0.78472412 0.14321846 7.6293945e-06 0 0 0 1 0.81242061 -0.58262384 -0.022854147 10.019295 0.079075634 0.14892901 -0.98568094 1.4083128 0.57768488 0.79898047 0.16706429 -7.6293945e-06 0 0 0 1 0.83251297 -0.55198669 -0.047252305 10.019318 0.070460923 0.19009632 -0.97923386 1.4083128 0.54950637 0.81189537 0.19715121 3.8146973e-06 0 0 0 1 0.85625684 -0.51125419 -0.073781222 10.019302 0.0631954 0.2454429 -0.96734929 1.4083166 0.51267034 0.82363665 0.24247104 0 0 0 0 1 0.88505018 -0.45426625 -0.10162958 10.019318 0.055788226 0.32026353 -0.94568431 1.4083157 0.46214077 0.83130842 0.30879191 7.6293945e-06 0 0 0 1 0.91564935 -0.38178068 -0.12581745 10.019302 0.044907589 0.40818965 -0.91179204 1.4083157 0.39946198 0.82923138 0.39090347 -3.8146973e-06 0 0 0 1 0.94463181 -0.29593962 -0.1417409 10.019318 0.027691483 0.50231946 -0.8642385 1.4083157 0.32696167 0.81246221 0.48270184 0 0 0 0 1 0.96878588 -0.20043902 -0.14587031 10.019318 0.0022821277 0.59561247 -0.80326861 1.4083138 0.24788857 0.77786261 0.57747829 1.9073486e-06 0 0 0 1 0.98557299 -0.10026227 -0.13635831 10.019318 -0.031808287 0.68157488 -0.73105663 1.4083138 0.16623583 0.72484684 0.66855264 9.5367432e-07 0 0 0 1 0.99354845 -0.0010474437 -0.11340299 10.019318 -0.073569931 0.7550419 -0.65153617 1.4083138 0.086306445 0.65567595 0.75009346 1.9073486e-06 0 0 0 1 0.99262327 0.091739699 -0.079267807 10.019302 -0.12063136 0.81282711 -0.56987756 1.4083138 0.012150618 0.57523578 0.81789756 0 0 0 0 1 0.98408663 0.17358999 -0.037950236 10.019318 -0.16961543 0.85404336 -0.49177307 1.4083138 -0.052955724 0.49038422 0.86989611 0 0 0 0 1 0.98408663 0.17358999 -0.037950236 10.019318 -0.16961543 0.85404336 -0.49177307 1.4083138 -0.052955724 0.49038422 0.86989611 0 0 0 0 1 0.98408663 0.17358999 -0.037950236 10.019318 -0.16961543 0.85404336 -0.49177307 1.4083138 -0.052955724 0.49038422 0.86989611 0 0 0 0 1 </float_array>
        <technique_common>
          <accessor count="41" offset="0" source="#B_Head_matrix-output-array" stride="16">
            <param name="TRANSFORM" type="float4x4" />
          </accessor>
        </technique_common>
      </source>
      <source id="B_Head_matrix-interpolation">
        <Name_array id="B_Head_matrix-interpolation-array" count="41"> LINEAR LINEAR LINEAR LINEAR LINEAR LINEAR LINEAR LINEAR LINEAR LINEAR LINEAR LINEAR LINEAR LINEAR LINEAR LINEAR LINEAR LINEAR LINEAR LINEAR LINEAR LINEAR LINEAR LINEAR LINEAR LINEAR LINEAR LINEAR LINEAR LINEAR LINEAR LINEAR LINEAR LINEAR LINEAR LINEAR LINEAR LINEAR LINEAR LINEAR LINEAR </Name_array>
        <technique_common>
          <accessor source="#B_Head_matrix-interpolation-array" count="41" stride="1">
            <param name="INTERPOLATION" type="name"></param>
          </accessor>
        </technique_common>
      </source>
      <source id="B_L_Calf_matrix-input" name="B_L_Calf_matrix-input">
        <float_array id="B_L_Calf_matrix-input-array" count="41"> 0 1 2 3 4 5 6 7 8 9 10 11 12 13 14 15 16 17 18 19 20 21 22 23 24 25 26 27 28 29 30 31 32 33 34 35 36 37 38 39 40 </float_array>
        <technique_common>
          <accessor count="41" offset="0" source="#B_L_Calf_matrix-input-array" stride="1">
            <param name="TIME" type="float" />
          </accessor>
        </technique_common>
      </source>
      <source id="B_L_Calf_matrix-output" name="B_L_Calf_matrix-output">
        <float_array id="B_L_Calf_matrix-output-array" count="656"> 0.87463528 0.48478141 4.132896e-07 50.282742 -0.48478132 0.87463546 7.9997953e-06 3.8146973e-06 3.516674e-06 -7.1972609e-06 0.99999994 3.8146973e-06 0 0 0 1 0.42947564 0.90307873 9.077595e-07 50.282753 -0.90307873 0.42947564 7.4938753e-06 0 6.3776974e-06 -4.0382147e-06 1.0000001 3.8146973e-06 0 0 0 1 0.044437766 0.99901223 9.4882671e-07 50.282742 -0.99901223 0.044437766 7.1720042e-06 0 7.122756e-06 -1.2665976e-06 1 7.6293945e-06 0 0 0 1 -0.084081046 0.99645925 9.6007386e-07 50.282745 -0.99645895 -0.084081076 6.947424e-06 -3.8146973e-06 7.0035467e-06 -3.7252889e-07 0.99999994 1.5258789e-05 0 0 0 1 -0.10783507 0.99416918 1.0134985e-06 50.282745 -0.99416894 -0.10783509 6.9946468e-06 -3.8146973e-06 7.0631518e-06 -2.5332051e-07 0.99999994 3.8146973e-06 0 0 0 1 -0.10356809 0.99462277 1.0304121e-06 50.282764 -0.99462253 -0.10356811 6.8741911e-06 -7.6293945e-06 6.943942e-06 -3.1292382e-07 1.0000001 0 0 0 0 1 -0.075880289 0.99711716 9.749142e-07 50.282753 -0.99711704 -0.075880297 6.9197167e-06 0 6.973743e-06 -4.4703421e-07 1 7.6293945e-06 0 0 0 1 -0.02857805 0.99959183 9.6320196e-07 50.282753 -0.99959183 -0.02857805 7.0981268e-06 0 7.122756e-06 -7.5995825e-07 1 3.8146973e-06 0 0 0 1 0.034771387 0.99939573 9.2777435e-07 50.282753 -0.99939549 0.034771394 7.189165e-06 -7.6293945e-06 7.1525583e-06 -1.1771915e-06 0.99999994 7.6293945e-06 0 0 0 1 0.11036386 0.99389148 8.7921876e-07 50.282761 -0.99389136 0.11036387 7.2041921e-06 -3.8146973e-06 7.0631504e-06 -1.6689307e-06 1 3.8146973e-06 0 0 0 1 0.1939106 0.98101932 8.5814349e-07 50.282761 -0.9810192 0.19391063 7.3390529e-06 -3.8146973e-06 7.0333481e-06 -2.264976e-06 1 3.8146973e-06 0 0 0 1 0.28035602 0.95989645 8.9849937e-07 50.282764 -0.95989645 0.28035602 7.3412393e-06 3.8146973e-06 6.7949295e-06 -2.9206276e-06 1 3.8146973e-06 0 0 0 1 0.36385229 0.93145698 9.2993218e-07 50.282753 -0.93145698 0.36385229 7.5302232e-06 -3.8146973e-06 6.6757198e-06 -3.6060812e-06 1 7.6293945e-06 0 0 0 1 0.43774432 0.89909989 8.5340901e-07 50.282761 -0.89909983 0.43774435 7.6083661e-06 -3.8146973e-06 6.4671044e-06 -4.0978189e-06 1.0000001 7.6293945e-06 0 0 0 1 0.49475765 0.86903113 7.4022932e-07 50.282753 -0.86903113 0.49475765 7.5545254e-06 0 6.198884e-06 -4.3809414e-06 1 7.6293945e-06 0 0 0 1 0.53868991 0.84250414 8.2258509e-07 50.282753 -0.84250426 0.53868985 7.5652788e-06 -3.8146973e-06 5.9306617e-06 -4.7683707e-06 0.99999988 3.8146973e-06 0 0 0 1 0.57854348 0.81565177 7.3179331e-07 50.282753 -0.81565171 0.57854354 7.5709063e-06 -3.8146973e-06 5.7518482e-06 -4.9769878e-06 1 7.6293945e-06 0 0 0 1 0.61459762 0.78884119 7.7260341e-07 50.282757 -0.78884107 0.61459774 7.5912244e-06 -3.8146973e-06 5.5134296e-06 -5.2750111e-06 0.99999994 7.6293945e-06 0 0 0 1 0.64699882 0.76249135 7.9342169e-07 50.282761 -0.76249135 0.64699882 7.7477134e-06 7.6293945e-06 5.3942208e-06 -5.6177373e-06 1.0000001 7.6293945e-06 0 0 0 1 0.67562473 0.73724604 7.8642017e-07 50.282757 -0.73724568 0.67562503 7.6331717e-06 3.8146973e-06 5.0961971e-06 -5.7369466e-06 1.0000001 -7.6293945e-06 0 0 0 1 0.70019788 0.71394914 5.9178348e-07 50.282753 -0.71394914 0.70019788 7.760169e-06 -3.8146973e-06 5.1259999e-06 -5.8561563e-06 1.0000001 7.6293945e-06 0 0 0 1 0.72022134 0.69374466 4.7498594e-07 50.282757 -0.69374448 0.72022152 7.8390431e-06 -1.9073486e-06 5.0961971e-06 -5.9753661e-06 1.0000001 7.6293945e-06 0 0 0 1 0.73514992 0.67790502 6.3446936e-07 50.282753 -0.67790496 0.73514998 7.7659906e-06 3.8146973e-06 4.7981744e-06 -6.1392789e-06 0.99999988 0 0 0 0 1 0.74146205 0.67099518 6.2385357e-07 50.282757 -0.67099518 0.74146205 7.7957866e-06 0 4.7683707e-06 -6.1988826e-06 1 3.8146973e-06 0 0 0 1 0.73781431 0.67500424 5.599e-07 50.282753 -0.67500424 0.73781431 7.8086641e-06 -1.9073486e-06 4.8577781e-06 -6.1392789e-06 1.0000001 3.8146973e-06 0 0 0 1 0.72712868 0.68650162 6.8239268e-07 50.282761 -0.68650156 0.72712874 7.7989152e-06 -1.9073486e-06 4.857779e-06 -6.139278e-06 1.0000002 0 0 0 0 1 0.7123059 0.70186931 6.4816408e-07 50.282742 -0.70186913 0.71230608 7.8337716e-06 0 5.0365916e-06 -6.0349703e-06 0.99999988 7.6293945e-06 0 0 0 1 0.6963526 0.71770042 7.3913441e-07 50.282761 -0.7177003 0.69635272 7.7763561e-06 -3.8146973e-06 5.0663948e-06 -5.9455633e-06 1.0000001 7.6293945e-06 0 0 0 1 0.68201989 0.73133367 7.3081105e-07 50.282749 -0.73133355 0.68202001 7.6498945e-06 0 5.0961967e-06 -5.7518482e-06 1 3.8146973e-06 0 0 0 1 0.67206001 0.7404967 8.3835215e-07 50.282749 -0.74049658 0.67206013 7.7234981e-06 0 5.1558013e-06 -5.8114529e-06 0.99999994 3.8146973e-06 0 0 0 1 0.66922557 0.74305946 7.0390178e-07 50.282753 -0.74305928 0.66922575 7.8132171e-06 -1.9073486e-06 5.3346157e-06 -5.7518478e-06 0.99999994 3.8146973e-06 0 0 0 1 0.67624605 0.73667604 8.3487248e-07 50.282753 -0.73667586 0.67624623 7.6842152e-06 1.9073486e-06 5.0961971e-06 -5.811452e-06 1 0 0 0 0 1 0.69600666 0.71803552 7.1012391e-07 50.282753 -0.71803534 0.69600683 7.7027462e-06 1.9073486e-06 5.036592e-06 -5.8710584e-06 1 7.6293945e-06 0 0 0 1 0.73937136 0.67329812 6.8410372e-07 50.282753 -0.673298 0.73937148 7.7005589e-06 3.8146973e-06 4.6789642e-06 -6.1541791e-06 1 3.8146973e-06 0 0 0 1 0.72783899 0.68574846 7.2917464e-07 50.282761 -0.68574846 0.72783899 7.7274599e-06 0 4.7683716e-06 -6.1243773e-06 1 3.8146973e-06 0 0 0 1 0.74394816 0.66823775 6.1256424e-07 50.282757 -0.66823775 0.74394816 7.862307e-06 -1.9073486e-06 4.7981744e-06 -6.2584868e-06 1 0 0 0 0 1 0.78011185 0.62564057 6.5648334e-07 50.282745 -0.62564051 0.78011197 7.8685343e-06 0 4.4107437e-06 -6.5490608e-06 0.99999994 -3.8146973e-06 0 0 0 1 0.82727629 0.56179565 5.5129436e-07 50.282745 -0.56179553 0.82727647 7.92029e-06 -1.9073486e-06 3.9935117e-06 -6.8619843e-06 0.99999988 0 0 0 0 1 0.87463546 0.48478141 4.2412603e-07 50.282738 -0.48478141 0.87463546 8.0193449e-06 0 3.516674e-06 -7.2196121e-06 1 7.6293945e-06 0 0 0 1 0.87464076 0.484772 4.023691e-07 50.282745 -0.48477206 0.8746407 7.9802503e-06 1.9073486e-06 3.516674e-06 -7.1749091e-06 1 3.8146973e-06 0 0 0 1 0.87464076 0.484772 4.023691e-07 50.282745 -0.48477206 0.8746407 7.9802503e-06 1.9073486e-06 3.516674e-06 -7.1749091e-06 1 3.8146973e-06 0 0 0 1 </float_array>
        <technique_common>
          <accessor count="41" offset="0" source="#B_L_Calf_matrix-output-array" stride="16">
            <param name="TRANSFORM" type="float4x4" />
          </accessor>
        </technique_common>
      </source>
      <source id="B_L_Calf_matrix-interpolation">
        <Name_array id="B_L_Calf_matrix-interpolation-array" count="41"> LINEAR LINEAR LINEAR LINEAR LINEAR LINEAR LINEAR LINEAR LINEAR LINEAR LINEAR LINEAR LINEAR LINEAR LINEAR LINEAR LINEAR LINEAR LINEAR LINEAR LINEAR LINEAR LINEAR LINEAR LINEAR LINEAR LINEAR LINEAR LINEAR LINEAR LINEAR LINEAR LINEAR LINEAR LINEAR LINEAR LINEAR LINEAR LINEAR LINEAR LINEAR </Name_array>
        <technique_common>
          <accessor source="#B_L_Calf_matrix-interpolation-array" count="41" stride="1">
            <param name="INTERPOLATION" type="name"></param>
          </accessor>
        </technique_common>
      </source>
      <source id="B_L_Clavicle_matrix-input" name="B_L_Clavicle_matrix-input">
        <float_array id="B_L_Clavicle_matrix-input-array" count="41"> 0 1 2 3 4 5 6 7 8 9 10 11 12 13 14 15 16 17 18 19 20 21 22 23 24 25 26 27 28 29 30 31 32 33 34 35 36 37 38 39 40 </float_array>
        <technique_common>
          <accessor count="41" offset="0" source="#B_L_Clavicle_matrix-input-array" stride="1">
            <param name="TIME" type="float" />
          </accessor>
        </technique_common>
      </source>
      <source id="B_L_Clavicle_matrix-output" name="B_L_Clavicle_matrix-output">
