<?xml version="1.0" encoding="UTF-8" standalone="no" ?>
<COLLADA xmlns="http://www.collada.org/2005/11/COLLADASchema" version="1.4.1">
  <asset>
    <contributor>
      <author>Assimp</author>
      <authoring_tool>FBX SDK/FBX Plugins version 2013.1</authoring_tool>
    </contributor>
    <created>2020-08-21T13:47:45</created>
    <modified>2020-08-21T13:47:45</modified>
    <unit name="meter" meter="1" />
    <up_axis>Y_UP</up_axis>
  </asset>
  <library_geometries>
  </library_geometries>
  <library_controllers>
  </library_controllers>
  <library_visual_scenes>
    <visual_scene id="RootNode" name="RootNode">
      <node id="Motion_aAssimpFbxa_Translation"  name="Motion_$AssimpFbx$_Translation" type="NODE">
        <matrix sid="matrix">1 0 0 9.92585e-07 0 1 0 0 0 0 1 -0.17328988 0 0 0 1</matrix>
        <node id="Motion_aAssimpFbxa_PreRotation"  name="Motion_$AssimpFbx$_PreRotation" type="NODE">
          <matrix sid="matrix">1 0 0 0 0 -4.3711388e-08 1 0 0 -1 -4.3711388e-08 0 0 0 0 1</matrix>
          <node id="Motion_aAssimpFbxa_Rotation"  name="Motion_$AssimpFbx$_Rotation" type="NODE">
            <matrix sid="matrix">1.3868001e-06 1 0 0 -1 1.3868001e-06 0 0 0 0 1 0 0 0 0 1</matrix>
            <node id="Motion_aAssimpFbxa_Scaling"  name="Motion_$AssimpFbx$_Scaling" type="NODE">
              <matrix sid="matrix">1 0 0 0 0 1 0 0 0 0 1 0 0 0 0 1</matrix>
              <node id="Motion"  name="Motion" type="NODE">
                <matrix sid="matrix">1 0 0 0 0 1 0 0 0 0 1 0 0 0 0 1</matrix>
                <node id="B_Pelvis"  name="B_Pelvis" type="NODE">
                  <matrix sid="matrix">0.17364933 0.98106021 -0.08583045 0.17328988 0.085832842 0.071745723 0.99372292 -1.2302781e-06 0.98105997 -0.1799264 -0.071748577 106.36485 0 0 0 1</matrix>
                  <node id="B_Spine"  name="B_Spine" type="NODE">
                    <matrix sid="matrix">0.93644613 -0.34900773 -0.035529584 7.6509552 0.33465511 0.85834378 0.38891125 -1.6739235 -0.10523643 -0.37608457 0.92058986 -0.53649902 0 0 0 1</matrix>
                    <node id="B_Spine1"  name="B_Spine1" type="NODE">
                      <matrix sid="matrix">1 0 0 12.747406 0 1 0 -0.014282227 0 0 1 1.9073486e-06 0 0 0 1</matrix>
                      <node id="B_Spine2"  name="B_Spine2" type="NODE">
                        <matrix sid="matrix">1 2.9802326e-08 4.4615427e-12 17.934174 -2.9802326e-08 1 0.00014970452 -0.026481628 0 -0.00014970452 1 -1.7166138e-05 0 0 0 1</matrix>
                        <node id="B_L_Clavicle"  name="B_L_Clavicle" type="NODE">
                          <matrix sid="matrix">0.069894396 -0.00078424811 0.99755406 17.736847 0.17302074 -0.98483372 -0.012897074 0.073135376 0.98243505 0.17349897 -0.068698674 5.0180149 0 0 0 1</matrix>
                          <node id="B_L_UpperArm"  name="B_L_UpperArm" type="NODE">
                            <matrix sid="matrix">0.65620422 0.26368591 0.70701182 17.464659 -0.57370287 0.78297138 0.24045953 3.8146973e-06 -0.49016425 -0.56340528 0.66506648 0 0 0 0 1</matrix>
                            <node id="B_L_Forearm"  name="B_L_Forearm" type="NODE">
                              <matrix sid="matrix">-0.15866879 0.98072684 0.11401375 27.628174 -0.98733187 -0.15760729 -0.018322924 -7.6293945e-06 -3.874303e-07 -0.11547668 0.99331021 -1.5258789e-05 0 0 0 1</matrix>
                              <node id="B_L_ForeArmTwist"  name="B_L_ForeArmTwist" type="NODE">
                                <matrix sid="matrix">1 1.0050366e-07 -3.4835233e-07 11.992638 -5.9604631e-08 0.99331015 0.11547697 -7.6293945e-06 3.5762778e-07 -0.11547697 0.99331015 2.2888184e-05 0 0 0 1</matrix>
                                <node id="B_L_Hand"  name="B_L_Hand" type="NODE">
                                  <matrix sid="matrix">0.84099746 -0.29269978 0.45502767 11.992645 -0.46482605 0.039506868 0.88452017 7.6293945e-06 -0.27687559 -0.95538789 -0.1028293 0 0 0 0 1</matrix>
                                  <node id="B_L_Finger0"  name="B_L_Finger0" type="NODE">
                                    <matrix sid="matrix">0.80900669 0.13246366 0.57267928 1.4603271 0.15583237 0.89108145 -0.42625135 1.9355469 -0.56676668 0.43408215 0.70024866 -2.4376564 0 0 0 1</matrix>
                                    <node id="B_L_Finger01"  name="B_L_Finger01" type="NODE">
                                      <matrix sid="matrix">0.80299324 -0.59598815 5.2116118e-08 3.7140121 0.59598815 0.80299324 -7.7115416e-09 0 -3.7252899e-08 3.7252903e-08 1 -1.5258789e-05 0 0 0 1</matrix>
                                      <node id="B_L_Finger02"  name="B_L_Finger02" type="NODE">
                                        <matrix sid="matrix">0.55218434 -0.83372205 -6.3740089e-09 5.5299416 0.83372205 0.55218434 5.7840737e-08 0 -4.4703469e-08 -3.7252899e-08 1 2.2888184e-05 0 0 0 1</matrix>
                                      </node>
                                    </node>
                                  </node>
                                  <node id="B_L_Finger1"  name="B_L_Finger1" type="NODE">
                                    <matrix sid="matrix">0.83557749 -0.53770256 0.11263335 11.62545 0.54502594 0.78561729 -0.29283473 3.1205521 0.068971261 0.3060742 0.94950598 -3.0983543 0 0 0 1</matrix>
                                    <node id="B_L_Finger11"  name="B_L_Finger11" type="NODE">
                                      <matrix sid="matrix">-0.25881937 -0.96592575 6.6818608e-08 4.4568272 0.96592575 -0.25881937 1.1046495e-07 0 -8.9406988e-08 9.3132279e-08 1 1.1444092e-05 0 0 0 1</matrix>
                                      <node id="B_L_Finger12"  name="B_L_Finger12" type="NODE">
                                        <matrix sid="matrix">0.57357627 -0.81915212 3.1982063e-07 3.3311768 0.81915212 0.57357627 -1.1479504e-07 -1.1444092e-05 -8.9406946e-08 3.2782549e-07 1 -1.5258789e-05 0 0 0 1</matrix>
                                      </node>
                                    </node>
                                  </node>
                                  <node id="B_L_Finger2"  name="B_L_Finger2" type="NODE">
                                    <matrix sid="matrix">0.83099169 -0.55439383 0.045828864 11.814064 0.55566949 0.82337677 -0.11524806 2.4381027 0.026158398 0.12123588 0.99227899 0.83572388 0 0 0 1</matrix>
                                    <node id="B_L_Finger21"  name="B_L_Finger21" type="NODE">
                                      <matrix sid="matrix">-0.62068564 -0.78405952 4.9167033e-07 5.199626 0.78405952 -0.62068564 1.2314952e-07 1.5258789e-05 2.0861616e-07 4.6193597e-07 1 2.2888184e-05 0 0 0 1</matrix>
                                      <node id="B_L_Finger22"  name="B_L_Finger22" type="NODE">
                                        <matrix sid="matrix">0.44828609 -0.89389014 7.99254e-11 5.1996155 0.89389014 0.44828609 6.663997e-08 7.6293945e-06 -5.9604641e-08 -2.9802326e-08 1 -3.8146973e-06 0 0 0 1</matrix>
                                      </node>
                                    </node>
                                  </node>
                                  <node id="B_L_Finger3"  name="B_L_Finger3" type="NODE">
                                    <matrix sid="matrix">0.75787997 -0.65239394 0.00029728963 11.814056 0.65239388 0.75788003 6.0041835e-05 1.9342422 -0.0002644808 0.00014844543 0.99999994 4.6002388 0 0 0 1</matrix>
                                    <node id="B_L_Finger31"  name="B_L_Finger31" type="NODE">
                                      <matrix sid="matrix">-0.058767218 -0.9982717 -9.2244568e-07 4.4568024 0.9982717 -0.058767218 -1.1290442e-06 0 1.0728834e-06 -9.8720227e-07 1 0 0 0 0 1</matrix>
                                      <node id="B_L_Finger32"  name="B_L_Finger32" type="NODE">
                                        <matrix sid="matrix">-0.058767099 -0.9982717 -1.8204241e-06 4.4567871 0.9982717 -0.058767099 -1.5326906e-06 -1.7166138e-05 1.4230607e-06 -1.9073498e-06 1 7.6293945e-06 0 0 0 1</matrix>
                                      </node>
                                    </node>
                                  </node>
                                  <node id="B_L_Finger4"  name="B_L_Finger4" type="NODE">
                                    <matrix sid="matrix">0.75836205 -0.63980424 -0.12464958 11.857185 0.63424861 0.76840419 -0.085344888 4.0528793 0.15038529 -0.014336495 0.98852354 6.5145302 0 0 0 1</matrix>
                                    <node id="B_L_Finger41"  name="B_L_Finger41" type="NODE">
                                      <matrix sid="matrix">-0.18123193 -0.9834404 -2.1080634e-06 3.3276558 0.9834404 -0.18123193 -3.8128512e-06 0 3.3676636e-06 -2.7641652e-06 1 7.6293945e-06 0 0 0 1</matrix>
                                      <node id="B_L_Finger42"  name="B_L_Finger42" type="NODE">
                                        <matrix sid="matrix">0.0019772795 -0.99999803 -2.330866e-06 3.3276672 0.99999803 0.0019772795 -3.1767961e-06 -2.6702881e-05 3.1813988e-06 -2.32458e-06 1 -2.2888184e-05 0 0 0 1</matrix>
                                      </node>
                                    </node>
                                  </node>
                                </node>
                              </node>
                            </node>
                          </node>
                        </node>
                        <node id="B_R_Clavicle"  name="B_R_Clavicle" type="NODE">
                          <matrix sid="matrix">0.069894366 -0.00078377128 -0.99755406 17.736847 0.17331854 -0.98478109 0.012917429 0.074661255 -0.98238254 -0.17379747 -0.068694808 -5.0179634 0 0 0 1</matrix>
                          <node id="B_R_UpperArm"  name="B_R_UpperArm" type="NODE">
                            <matrix sid="matrix">0.25870138 0.22421491 -0.93957508 17.464645 0.19753368 0.93985295 0.27866995 1.5258789e-05 0.9455443 -0.25769001 0.19885123 -1.5258789e-05 0 0 0 1</matrix>
                            <node id="B_R_Forearm"  name="B_R_Forearm" type="NODE">
                              <matrix sid="matrix">-0.25204346 0.96107948 -0.11313817 27.628197 -0.96771592 -0.25031498 0.029467035 -7.6293945e-06 -1.4901159e-08 0.11691257 0.99314219 3.8146973e-06 0 0 0 1</matrix>
                              <node id="B_R_ForeArmTwist"  name="B_R_ForeArmTwist" type="NODE">
                                <matrix sid="matrix">1 -2.177666e-09 -1.8498715e-08 11.992638 0 0.99314219 -0.11691255 -1.5258789e-05 1.8626451e-08 0.11691255 0.99314219 3.8146973e-06 0 0 0 1</matrix>
                                <node id="B_R_Hand"  name="B_R_Hand" type="NODE">
                                  <matrix sid="matrix">0.93506557 -0.1656781 -0.31337374 11.992645 -0.32684878 -0.060821369 -0.9431175 -1.5258789e-05 0.1371941 0.98430258 -0.11102366 -1.5258789e-05 0 0 0 1</matrix>
                                  <node id="B_R_Finger0"  name="B_R_Finger0" type="NODE">
                                    <matrix sid="matrix">0.80900669 0.1324634 -0.5726794 1.4603138 0.1558326 0.89108145 0.42625117 1.935545 0.56676662 -0.43408218 0.70024872 2.4376831 0 0 0 1</matrix>
                                    <node id="B_R_Finger01"  name="B_R_Finger01" type="NODE">
                                      <matrix sid="matrix">0.80299318 -0.59598821 -3.8720162e-07 3.7140198 0.59598821 0.80299318 4.6642128e-08 -7.6293945e-06 2.8312212e-07 -2.6822093e-07 1 1.5258789e-05 0 0 0 1</matrix>
                                      <node id="B_R_Finger02"  name="B_R_Finger02" type="NODE">
                                        <matrix sid="matrix">0.55218452 -0.83372194 2.3168747e-07 5.5299358 0.83372194 0.55218452 -8.195731e-08 7.6293945e-06 -5.9604623e-08 2.3841848e-07 1 1.5258789e-05 0 0 0 1</matrix>
                                      </node>
                                    </node>
                                  </node>
                                  <node id="B_R_Finger1"  name="B_R_Finger1" type="NODE">
                                    <matrix sid="matrix">0.83557737 -0.53770268 -0.11263324 11.625459 0.545026 0.78561717 0.29283491 3.120554 -0.068971492 -0.30607426 0.94950593 3.0983582 0 0 0 1</matrix>
                                    <node id="B_R_Finger11"  name="B_R_Finger11" type="NODE">
                                      <matrix sid="matrix">-0.25881937 -0.96592575 -1.4128265e-07 4.4568157 0.96592575 -0.25881937 -4.846256e-08 0 1.0244548e-08 -1.490116e-07 1 0 0 0 0 1</matrix>
                                      <node id="B_R_Finger12"  name="B_R_Finger12" type="NODE">
                                        <matrix sid="matrix">0.57357645 -0.81915206 2.4172053e-07 3.3311386 0.81915206 0.57357645 8.5418876e-08 -5.7220459e-06 -2.0861624e-07 1.4901161e-07 1 0 0 0 0 1</matrix>
                                      </node>
                                    </node>
                                  </node>
                                  <node id="B_R_Finger2"  name="B_R_Finger2" type="NODE">
                                    <matrix sid="matrix">0.83099157 -0.55439407 -0.045829117 11.814061 0.55566972 0.82337666 0.115248 2.4381237 -0.026158182 -0.12123596 0.99227893 -0.83572388 0 0 0 1</matrix>
                                    <node id="B_R_Finger21"  name="B_R_Finger21" type="NODE">
                                      <matrix sid="matrix">-0.62068546 -0.7840597 -8.4798856e-08 5.1995974 0.7840597 -0.62068546 -2.9119079e-08 -1.1444092e-05 -2.9802321e-08 -8.4561151e-08 1 -3.0517578e-05 0 0 0 1</matrix>
                                      <node id="B_R_Finger22"  name="B_R_Finger22" type="NODE">
                                        <matrix sid="matrix">0.44828629 -0.89389002 -1.3320001e-08 5.199604 0.89389002 0.44828629 6.6799872e-09 9.5367432e-07 0 -1.4901163e-08 1 1.5258789e-05 0 0 0 1</matrix>
                                      </node>
                                    </node>
                                  </node>
                                  <node id="B_R_Finger3"  name="B_R_Finger3" type="NODE">
                                    <matrix sid="matrix">0.75788009 -0.65239376 -0.00029830256 11.814073 0.65239376 0.75788015 -5.9458864e-05 1.934269 0.0002648682 -0.00014954805 0.99999994 -4.6002502 0 0 0 1</matrix>
                                    <node id="B_R_Finger31"  name="B_R_Finger31" type="NODE">
                                      <matrix sid="matrix">-0.058767218 -0.9982717 2.0129601e-08 4.4567871 0.9982717 -0.058767218 -8.837673e-08 -9.5367432e-06 8.9406953e-08 1.4901156e-08 1 0 0 0 0 1</matrix>
                                      <node id="B_R_Finger32"  name="B_R_Finger32" type="NODE">
                                        <matrix sid="matrix">-0.058767218 -0.9982717 6.0683806e-07 4.4568272 0.9982717 -0.058767218 -1.6579004e-07 5.2452087e-06 2.0116569e-07 5.9604622e-07 1 -7.6293945e-06 0 0 0 1</matrix>
                                      </node>
                                    </node>
                                  </node>
                                  <node id="B_R_Finger4"  name="B_R_Finger4" type="NODE">
                                    <matrix sid="matrix">0.75836205 -0.63980454 0.12464795 11.857232 0.63424861 0.76840395 0.085346557 4.0528774 -0.1503851 0.014334192 0.98852354 -6.5145493 0 0 0 1</matrix>
                                    <node id="B_R_Finger41"  name="B_R_Finger41" type="NODE">
                                      <matrix sid="matrix">-0.18123111 -0.98344052 2.475355e-07 3.327673 0.98344052 -0.18123111 7.1230761e-07 2.6702881e-05 -6.5565109e-07 3.7252875e-07 1 2.2888184e-05 0 0 0 1</matrix>
                                      <node id="B_R_Finger42"  name="B_R_Finger42" type="NODE">
                                        <matrix sid="matrix">0.0019766835 -0.99999803 2.9928907e-07 3.3277073 0.99999803 0.0019766835 6.4015961e-07 3.6239624e-05 -6.4074999e-07 2.9802311e-07 1 -7.6293945e-06 0 0 0 1</matrix>
                                      </node>
                                    </node>
                                  </node>
                                </node>
                              </node>
                            </node>
                          </node>
                        </node>
                        <node id="B_Neck"  name="B_Neck" type="NODE">
                          <matrix sid="matrix">0.83446717 0.54374909 -0.089450799 27.0336 -0.54303557 0.83901006 0.034270771 1.1293716 0.093684822 0.019977132 0.99540144 1.9073486e-05 0 0 0 1</matrix>
                          <node id="B_Head"  name="B_Head" type="NODE">
                            <matrix sid="matrix">0.90486145 -0.32604319 0.273718 10.019318 0.3973949 0.8774966 -0.26847166 1.4083138 -0.15265323 0.35170379 0.92358077 -3.8146973e-06 0 0 0 1</matrix>
                          </node>
                        </node>
                      </node>
                    </node>
                  </node>
                  <node id="B_L_Thigh"  name="B_L_Thigh" type="NODE">
                    <matrix sid="matrix">-0.98106104 -0.13753965 -0.13638943 0 -0.14792193 0.98658115 0.069113933 1.9073486e-05 0.12505333 0.087979972 -0.98824143 11.161451 0 0 0 1</matrix>
                    <node id="B_L_Calf"  name="B_L_Calf" type="NODE">
                      <matrix sid="matrix">0.71755749 0.69649929 6.6399707e-07 50.282738 -0.69649929 0.71755749 7.7763052e-06 -3.8146973e-06 4.9397349e-06 -6.0424195e-06 1 5.7220459e-06 0 0 0 1</matrix>
                      <node id="B_L_Foot"  name="B_L_Foot" type="NODE">
                        <matrix sid="matrix">0.96986151 -0.22765131 0.086853467 39.728123 0.23762831 0.96253455 -0.13061436 0 -0.05386493 0.14731666 0.98762161 -5.7220459e-06 0 0 0 1</matrix>
                        <node id="B_L_Toe0"  name="B_L_Toe0" type="NODE">
                          <matrix sid="matrix">-4.3711388e-08 -1 -5.6810677e-08 18.214445 1 -4.3711388e-08 -2.4832736e-15 14.545959 0 -5.6810677e-08 1 0.012392998 0 0 0 1</matrix>
                        </node>
                      </node>
                    </node>
                  </node>
                  <node id="B_R_Thigh"  name="B_R_Thigh" type="NODE">
                    <matrix sid="matrix">-0.63491619 0.77256662 -0.0047193766 0 0.75830603 0.62200445 -0.19514714 -9.5367432e-06 -0.14782868 -0.12748082 -0.9807626 -11.161452 0 0 0 1</matrix>
                    <node id="B_R_Calf"  name="B_R_Calf" type="NODE">
                      <matrix sid="matrix">-0.29973766 0.95402169 -9.2462187e-08 50.282757 -0.95402169 -0.29973766 -4.7934109e-06 1.5258789e-05 -4.6007322e-06 -1.3485547e-06 1 0 0 0 0 1</matrix>
                      <node id="B_R_Foot"  name="B_R_Foot" type="NODE">
                        <matrix sid="matrix">0.88900483 0.36101279 0.28167391 39.728142 -0.37458074 0.92717421 -0.0060980543 -3.8146973e-06 -0.26336229 -0.10008842 0.95949078 3.8146973e-06 0 0 0 1</matrix>
                        <node id="B_R_Toe0"  name="B_R_Toe0" type="NODE">
                          <matrix sid="matrix">-0.30901694 -0.95105654 1.0609332e-07 18.214436 0.95105654 -0.30901694 8.6372083e-08 14.545956 -4.93601e-08 1.2759119e-07 1 -0.012393951 0 0 0 1</matrix>
                        </node>
                      </node>
                    </node>
                  </node>
                </node>
              </node>
            </node>
          </node>
        </node>
      </node>
      <node id="Exporter_aAssimpFbxa_PreRotation"  name="Exporter_$AssimpFbx$_PreRotation" type="NODE">
        <matrix sid="matrix">1 0 0 0 0 -4.3711388e-08 1 0 0 -1 -4.3711388e-08 0 0 0 0 1</matrix>
        <node id="Exporter"  name="Exporter" type="NODE">
          <matrix sid="matrix">1 0 0 0 0 1 0 0 0 0 1 0 0 0 0 1</matrix>
        </node>
      </node>
    </visual_scene>
  </library_visual_scenes>
  <library_animations>
    <animation id="TakeW001AnimId0" name="Take 001">
      <source id="B_Head_matrix-input" name="B_Head_matrix-input">
        <float_array id="B_Head_matrix-input-array" count="17"> 0 1 2 3 4 5 6 7 8 9 10 11 12 13 14 15 16 </float_array>
        <technique_common>
          <accessor count="17" offset="0" source="#B_Head_matrix-input-array" stride="1">
            <param name="TIME" type="float" />
          </accessor>
        </technique_common>
      </source>
      <source id="B_Head_matrix-output" name="B_Head_matrix-output">
        <float_array id="B_Head_matrix-output-array" count="272"> 0.90486133 -0.32604316 0.27371797 10.019318 0.39739484 0.87749648 -0.26847166 1.4083138 -0.15265322 0.35170376 0.92358071 -3.8146973e-06 0 0 0 1 0.85346383 -0.43115699 0.29275066 10.019318 0.50174081 0.8316676 -0.23787606 1.4083176 -0.14090934 0.34990355 0.92612743 0 0 0 0 1 0.74088901 -0.60464722 0.29237837 10.019333 0.66167152 0.73179197 -0.16331342 1.4083176 -0.11521312 0.31445557 0.94225454 -9.5367432e-07 0 0 0 1 0.62078476 -0.74652213 0.23943883 10.019295 0.7804302 0.61748129 -0.098211356 1.4083099 -0.074532077 0.24783339 0.96593142 0 0 0 0 1 0.59481174 -0.79242706 0.13512361 10.01931 0.80362391 0.59028947 -0.07580895 1.4083176 -0.019688979 0.15368059 0.98792452 -7.6293945e-06 0 0 0 1 0.73493773 -0.67769474 -0.024417816 10.019295 0.67622393 0.73509282 -0.048575561 1.4083176 0.050868768 0.019188104 0.99852091 0 0 0 0 1 0.91377103 -0.38763791 -0.12148796 10.019318 0.39841327 0.91355753 0.081729151 1.4083176 0.079304926 -0.12308419 0.98922229 0 0 0 0 1 0.99476886 -0.092439041 -0.043471698 10.019325 0.10033226 0.96411014 0.24581568 1.4083138 0.019188529 -0.2488914 0.96834153 0 0 0 0 1 0.99641126 0.03938885 0.074917935 10.01931 -0.061327696 0.94600832 0.31828755 1.4083157 -0.058335997 -0.32173985 0.94502944 -7.6293945e-06 0 0 0 1 0.99346364 0.010964405 0.11362208 10.019302 -0.041424647 0.9621501 0.26935315 1.4083176 -0.10636821 -0.27229929 0.95631528 0 0 0 0 1 0.98358154 -0.11490627 0.13915429 10.019318 0.093083777 0.98363101 0.15428877 1.4083176 -0.15460524 -0.13880256 0.97817743 0 0 0 0 1 0.94237 -0.26974773 0.19792581 10.019302 0.26356524 0.96292901 0.057455078 1.4083138 -0.20608681 -0.0019775797 0.97853184 0 0 0 0 1 0.89971548 -0.367888 0.23488407 10.019318 0.3713623 0.92797208 0.03094884 1.4083138 -0.22935154 0.059381928 0.97153068 -1.9073486e-06 0 0 0 1 0.90434313 -0.3982307 0.15354347 10.019302 0.39178529 0.91727412 0.071499981 1.4083118 -0.16931495 -0.0045044417 0.98555166 0 0 0 0 1 0.92204911 -0.38672981 -0.016292851 10.019318 0.38469586 0.91091651 0.14913036 1.4083128 -0.042831734 -0.14377327 0.98868328 -4.7683716e-07 0 0 0 1 0.92055172 -0.3435801 -0.18584156 10.019318 0.38070974 0.89564037 0.22997418 1.4083138 0.087432683 -0.28245488 0.95528764 1.9073486e-06 0 0 0 1 0.90486127 -0.32604185 -0.27371973 10.019318 0.39739409 0.87749708 0.26847121 1.4083099 0.15265542 -0.35170388 0.92358023 0 0 0 0 1 </float_array>
        <technique_common>
          <accessor count="17" offset="0" source="#B_Head_matrix-output-array" stride="16">
            <param name="TRANSFORM" type="float4x4" />
          </accessor>
        </technique_common>
      </source>
      <source id="B_Head_matrix-interpolation">
        <Name_array id="B_Head_matrix-interpolation-array" count="17"> LINEAR LINEAR LINEAR LINEAR LINEAR LINEAR LINEAR LINEAR LINEAR LINEAR LINEAR LINEAR LINEAR LINEAR LINEAR LINEAR LINEAR </Name_array>
        <technique_common>
          <accessor source="#B_Head_matrix-interpolation-array" count="17" stride="1">
            <param name="INTERPOLATION" type="name"></param>
          </accessor>
        </technique_common>
      </source>
      <source id="B_L_Calf_matrix-input" name="B_L_Calf_matrix-input">
        <float_array id="B_L_Calf_matrix-input-array" count="17"> 0 1 2 3 4 5 6 7 8 9 10 11 12 13 14 15 16 </float_array>
        <technique_common>
          <accessor count="17" offset="0" source="#B_L_Calf_matrix-input-array" stride="1">
            <param name="TIME" type="float" />
          </accessor>
        </technique_common>
      </source>
      <source id="B_L_Calf_matrix-output" name="B_L_Calf_matrix-output">
        <float_array id="B_L_Calf_matrix-output-array" count="272"> 0.71755749 0.69649947 6.6399707e-07 50.282738 -0.69649929 0.71755767 7.7763052e-06 -3.8146973e-06 4.9397349e-06 -6.0424204e-06 1 5.7220459e-06 0 0 0 1 0.40657827 0.9136163 8.3989983e-07 50.282757 -0.91361624 0.40657833 7.4996969e-06 -1.9073486e-06 6.5103591e-06 -3.8165604e-06 1.0000001 5.7220459e-06 0 0 0 1 0.070108309 0.99753982 9.7828718e-07 50.282749 -0.9975397 0.070108317 7.1754685e-06 1.9073486e-06 7.0892274e-06 -1.4789406e-06 1.0000001 6.1988831e-06 0 0 0 1 -0.25799826 0.96614563 9.3357994e-07 50.282753 -0.96614552 -0.25799829 6.8748209e-06 0 6.8829395e-06 8.717177e-07 1 9.5367432e-07 0 0 0 1 -0.0068556094 0.99997663 9.1297579e-07 50.282745 -0.99997687 -0.006855608 7.1017585e-06 -7.6293945e-06 7.1078534e-06 -8.6426724e-07 1 3.8146973e-06 0 0 0 1 0.78563869 0.61868584 5.6812087e-07 50.282742 -0.61868578 0.78563875 7.8506437e-06 -7.6293945e-06 4.4107437e-06 -6.519258e-06 1 7.6293945e-06 0 0 0 1 0.61614996 0.78762907 6.3943116e-07 50.282753 -0.78762907 0.61614996 7.6894412e-06 0 5.6624413e-06 -5.241483e-06 1 0 0 0 0 1 0.47187549 0.88166559 8.5346142e-07 50.282753 -0.88166553 0.47187555 7.5552643e-06 0 6.2584882e-06 -4.3176119e-06 1 0 0 0 0 1 0.6290313 0.77738017 8.4655949e-07 50.282745 -0.77737999 0.62903148 7.6239849e-06 9.5367432e-07 5.3942204e-06 -5.4538245e-06 1 7.6293945e-06 0 0 0 1 0.69689405 0.71717447 7.0060105e-07 50.282745 -0.71717447 0.69689405 7.7036166e-06 0 5.036592e-06 -5.8710575e-06 1 7.6293945e-06 0 0 0 1 0.76880449 0.63948435 4.7352023e-07 50.282753 -0.63948435 0.76880449 7.9792626e-06 0 4.7385684e-06 -6.4373012e-06 1 0 0 0 0 1 0.76793605 0.64052707 6.2546246e-07 50.282757 -0.64052713 0.76793593 7.8221019e-06 -7.6293945e-06 4.529953e-06 -6.4074989e-06 1 0 0 0 0 1 0.6332863 0.77391797 7.1141517e-07 50.282745 -0.77391797 0.6332863 7.6484284e-06 7.6293945e-06 5.4687266e-06 -5.3942217e-06 1 7.6293945e-06 0 0 0 1 0.37897968 0.92540514 9.1310631e-07 50.282749 -0.92540514 0.37897968 7.4428581e-06 -3.8146973e-06 6.5416107e-06 -3.6656852e-06 1 3.8146973e-06 0 0 0 1 0.10521843 0.99444938 9.2660775e-07 50.282745 -0.99444926 0.10521843 7.2455682e-06 -3.8146973e-06 7.1078539e-06 -1.6838321e-06 1 3.8146973e-06 0 0 0 1 -0.19376361 0.98104841 9.493333e-07 50.282753 -0.98104829 -0.19376364 6.8829886e-06 -7.6293945e-06 6.9364905e-06 4.0233141e-07 1 3.8146973e-06 0 0 0 1 -0.2997382 0.95402211 9.0992762e-07 50.282764 -0.95402211 -0.2997382 6.811139e-06 -7.6293945e-06 6.7707165e-06 1.1734666e-06 1 1.9073486e-06 0 0 0 1 </float_array>
        <technique_common>
          <accessor count="17" offset="0" source="#B_L_Calf_matrix-output-array" stride="16">
            <param name="TRANSFORM" type="float4x4" />
          </accessor>
        </technique_common>
      </source>
      <source id="B_L_Calf_matrix-interpolation">
        <Name_array id="B_L_Calf_matrix-interpolation-array" count="17"> LINEAR LINEAR LINEAR LINEAR LINEAR LINEAR LINEAR LINEAR LINEAR LINEAR LINEAR LINEAR LINEAR LINEAR LINEAR LINEAR LINEAR </Name_array>
        <technique_common>
          <accessor source="#B_L_Calf_matrix-interpolation-array" count="17" stride="1">
            <param name="INTERPOLATION" type="name"></param>
          </accessor>
        </technique_common>
      </source>
      <source id="B_L_Clavicle_matrix-input" name="B_L_Clavicle_matrix-input">
        <float_array id="B_L_Clavicle_matrix-input-array" count="17"> 0 1 2 3 4 5 6 7 8 9 10 11 12 13 14 15 16 </float_array>
        <technique_common>
          <accessor count="17" offset="0" source="#B_L_Clavicle_matrix-input-array" stride="1">
            <param name="TIME" type="float" />
          </accessor>
        </technique_common>
      </source>
      <source id="B_L_Clavicle_matrix-output" name="B_L_Clavicle_matrix-output">
        <float_array id="B_L_Clavicle_matrix-output-array" count="272"> 0.069894373 -0.000784248 0.99755412 17.736847 0.17302074 -0.9848336 -0.012897074 0.073135376 0.98243505 0.17349896 -0.068698645 5.0180149 0 0 0 1 0.079436786 -0.00078302622 0.99683958 17.736847 0.17989351 -0.98357022 -0.015108079 0.073143005 0.98047358 0.18052509 -0.07799089 5.0180182 0 0 0 1 0.095324576 -0.0007814765 0.99544597 17.736847 0.19126634 -0.98135281 -0.019086218 0.073143005 0.97689849 0.1922147 -0.093397729 5.0180168 0 0 0 1 0.098499231 -0.00078102184 0.99513686 17.736855 0.19352804 -0.98089218 -0.019925378 0.073139191 0.9761377 0.19454949 -0.096466064 5.018013 0 0 0 1 0.069894068 -0.00078473228 0.9975543 17.736855 0.17302077 -0.98483378 -0.012897516 0.073135376 0.98243505 0.17349902 -0.068698414 5.018013 0 0 0 1 -0.022550344 -0.0007919221 0.99974555 17.736855 0.10516798 -0.99445307 0.0015844519 0.073143005 0.99419874 0.10517693 0.022508623 5.0180206 0 0 0 1 -0.15903556 -0.00079626299 0.98727256 17.736855 0.0031351047 -0.99999511 -0.00030150358 0.073131561 0.98726791 0.0030472532 0.15903717 5.0180054 0 0 0 1 -0.28030878 -0.00079337123 0.95990944 17.736855 -0.085823216 -0.99597406 -0.025884919 0.073139191 0.95606536 -0.0896383 0.27911204 5.0180206 0 0 0 1 -0.33192381 -0.00078967953 0.94330597 17.736855 -0.12222368 -0.99153417 -0.043837249 0.073139191 0.93535453 -0.12984493 0.3290171 5.018013 0 0 0 1 -0.28030911 -0.00079309207 0.9599095 17.736862 -0.085823283 -0.99597442 -0.025884654 0.073135376 0.95606571 -0.089638285 0.27911231 5.018013 0 0 0 1 -0.15903555 -0.00079703587 0.9872725 17.736855 0.0031351428 -0.99999511 -0.00030228027 0.073143005 0.98726785 0.0030471673 0.15903716 5.0180283 0 0 0 1 -0.022550346 -0.00079179549 0.99974537 17.736855 0.10516788 -0.99445337 0.001584567 0.073135376 0.99419898 0.10517681 0.022508441 5.0180206 0 0 0 1 0.069894247 -0.00078435231 0.9975543 17.736839 0.17302074 -0.98483372 -0.012897165 0.073150635 0.98243505 0.17349899 -0.068698652 5.0180168 0 0 0 1 0.098499238 -0.00078113377 0.99513686 17.736862 0.19352804 -0.98089242 -0.019925483 0.073143005 0.97613776 0.19454953 -0.096466064 5.0180159 0 0 0 1 0.095324852 -0.00078132749 0.99544579 17.736847 0.19126643 -0.98135257 -0.019086113 0.073143005 0.97689801 0.19221482 -0.093397848 5.0180163 0 0 0 1 0.079436779 -0.00078315288 0.99683946 17.736839 0.17989346 -0.98357022 -0.015108196 0.073139191 0.98047346 0.18052506 -0.077990882 5.0180159 0 0 0 1 0.069894381 -0.00078435231 0.99755424 17.736862 0.17302077 -0.98483354 -0.01289718 0.073139191 0.98243517 0.17349897 -0.068698652 5.0180178 0 0 0 1 </float_array>
        <technique_common>
          <accessor count="17" offset="0" source="#B_L_Clavicle_matrix-output-array" stride="16">
            <param name="TRANSFORM" type="float4x4" />
          </accessor>
        </technique_common>
      </source>
      <source id="B_L_Clavicle_matrix-interpolation">
        <Name_array id="B_L_Clavicle_matrix-interpolation-array" count="17"> LINEAR LINEAR LINEAR LINEAR LINEAR LINEAR LINEAR LINEAR LINEAR LINEAR LINEAR LINEAR LINEAR LINEAR LINEAR LINEAR LINEAR </Name_array>
        <technique_common>
          <accessor source="#B_L_Clavicle_matrix-interpolation-array" count="17" stride="1">
            <param name="INTERPOLATION" type="name"></param>
          </accessor>
        </technique_common>
      </source>
      <source id="B_L_Finger0_matrix-input" name="B_L_Finger0_matrix-input">
        <float_array id="B_L_Finger0_matrix-input-array" count="17"> 0 1 2 3 4 5 6 7 8 9 10 11 12 13 14 15 16 </float_array>
        <technique_common>
          <accessor count="17" offset="0" source="#B_L_Finger0_matrix-input-array" stride="1">
            <param name="TIME" type="float" />
          </accessor>
        </technique_common>
      </source>
      <source id="B_L_Finger0_matrix-output" name="B_L_Finger0_matrix-output">
        <float_array id="B_L_Finger0_matrix-output-array" count="272"> 0.80900639 0.13246368 0.57267934 1.4603271 0.15583229 0.89108151 -0.42625135 1.9355469 -0.5667665 0.43408221 0.70024866 -2.4376564 0 0 0 1 0.81918073 0.031319223 0.5726797 1.460331 0.26491818 0.86494452 -0.42625132 1.9355316 -0.50868547 0.50089025 0.70024884 -2.437645 0 0 0 1 0.81139582 -0.11694051 0.5726794 1.4603271 0.41657346 0.80297989 -0.42625132 1.9355469 -0.41000378 0.58442169 0.70024896 -2.4376526 0 0 0 1 0.77699846 -0.26136479 0.57267952 1.4603195 0.55456614 0.71467918 -0.4262512 1.9355469 -0.29787493 0.64878523 0.7002489 -2.4376583 0 0 0 1 0.73867744 -0.35551965 0.5726794 1.4603348 0.63875401 0.64054918 -0.42625132 1.9355316 -0.21528856 0.68066329 0.70024896 -2.4376526 0 0 0 1 0.71711761 -0.39721656 0.5726794 1.4603271 0.67437017 0.60293847 -0.42625138 1.9355316 -0.17597638 0.69186991 0.7002489 -2.4376545 0 0 0 1 0.70940429 -0.41083294 0.57267952 1.4603195 0.68575644 0.58995587 -0.42625129 1.9355469 -0.16273753 0.69510311 0.70024866 -2.4376431 0 0 0 1 0.71711719 -0.39721665 0.5726794 1.460331 0.67437005 0.60293829 -0.42625117 1.9355469 -0.17597632 0.6918698 0.70024872 -2.4376488 0 0 0 1 0.73867726 -0.35551971 0.57267946 1.4603348 0.63875407 0.64054912 -0.42625126 1.9355469 -0.21528856 0.68066335 0.7002489 -2.4376526 0 0 0 1 0.77699858 -0.26136488 0.57267934 1.4603195 0.5545662 0.71467912 -0.4262512 1.9355621 -0.29787484 0.64878511 0.7002489 -2.437664 0 0 0 1 0.8113957 -0.11694056 0.57267946 1.4603195 0.41657352 0.80297983 -0.42625114 1.9355469 -0.41000384 0.58442152 0.70024884 -2.4376488 0 0 0 1 0.81918055 0.031319115 0.57267964 1.460331 0.26491809 0.86494428 -0.42625114 1.9355469 -0.50868535 0.50089002 0.7002489 -2.4376602 0 0 0 1 0.80900633 0.13246346 0.57267958 1.4603252 0.15583251 0.89108169 -0.42625123 1.9355469 -0.56676662 0.43408215 0.70024884 -2.4376526 0 0 0 1 0.80257237 0.16707854 0.57267946 1.4603233 0.11742739 0.89695102 -0.42625123 1.9355469 -0.58488232 0.40934595 0.70024878 -2.4376526 0 0 0 1 0.80336046 0.16324672 0.57267976 1.4603291 0.1217066 0.8963806 -0.42625132 1.935545 -0.58292246 0.41213265 0.70024866 -2.4376602 0 0 0 1 0.80702686 0.14403227 0.57267964 1.4603271 0.14305922 0.89322132 -0.42625138 1.9355421 -0.57292306 0.42592362 0.70024872 -2.437645 0 0 0 1 0.80900657 0.1324635 0.57267946 1.4603233 0.1558325 0.89108151 -0.42625135 1.935545 -0.56676656 0.43408224 0.7002489 -2.4376526 0 0 0 1 </float_array>
        <technique_common>
          <accessor count="17" offset="0" source="#B_L_Finger0_matrix-output-array" stride="16">
            <param name="TRANSFORM" type="float4x4" />
          </accessor>
        </technique_common>
      </source>
      <source id="B_L_Finger0_matrix-interpolation">
        <Name_array id="B_L_Finger0_matrix-interpolation-array" count="17"> LINEAR LINEAR LINEAR LINEAR LINEAR LINEAR LINEAR LINEAR LINEAR LINEAR LINEAR LINEAR LINEAR LINEAR LINEAR LINEAR LINEAR </Name_array>
        <technique_common>
          <accessor source="#B_L_Finger0_matrix-interpolation-array" count="17" stride="1">
            <param name="INTERPOLATION" type="name"></param>
          </accessor>
        </technique_common>
      </source>
      <source id="B_L_Finger01_matrix-input" name="B_L_Finger01_matrix-input">
        <float_array id="B_L_Finger01_matrix-input-array" count="17"> 0 1 2 3 4 5 6 7 8 9 10 11 12 13 14 15 16 </float_array>
        <technique_common>
          <accessor count="17" offset="0" source="#B_L_Finger01_matrix-input-array" stride="1">
            <param name="TIME" type="float" />
          </accessor>
        </technique_common>
      </source>
      <source id="B_L_Finger01_matrix-output" name="B_L_Finger01_matrix-output">
        <float_array id="B_L_Finger01_matrix-output-array" count="272"> 0.80299324 -0.59598815 5.2116096e-08 3.7140121 0.59598815 0.80299324 -7.711539e-09 0 -3.7252903e-08 3.7252903e-08 0.99999964 -1.5258789e-05 0 0 0 1 0.89550352 -0.44505486 -1.3056908e-07 3.7140083 0.44505507 0.8955031 1.668588e-09 0 1.161825e-07 -5.9604652e-08 0.99999952 -3.0517578e-05 0 0 0 1 0.9796344 -0.20078911 -5.9839804e-09 3.7140045 0.20078912 0.97963434 2.9195375e-08 0 -6.6613376e-16 -2.9802322e-08 0.99999958 -1.9073486e-05 0 0 0 1 0.99838138 0.056878142 -2.9425005e-08 3.7140045 -0.05687815 0.99838126 -5.802492e-08 0 2.607703e-08 5.9604645e-08 0.99999982 -1.5258789e-05 0 0 0 1 0.97270763 0.23203458 5.9306128e-08 3.7139969 -0.23203462 0.97270745 -1.3670125e-07 7.6293945e-06 -8.940696e-08 1.1920928e-07 0.99999976 -3.0517578e-05 0 0 0 1 0.95049191 0.3107492 -7.5175805e-08 3.7139893 -0.31074914 0.95049208 -3.8131628e-08 0 5.9604638e-08 5.9604645e-08 0.99999976 0 0 0 0 1 0.94166511 0.33655113 -7.4161413e-08 3.7140121 -0.33655113 0.94166511 5.8153816e-08 0 8.9406967e-08 -2.9802321e-08 0.99999976 -2.2888184e-05 0 0 0 1 0.95049208 0.3107492 -8.0350041e-08 3.7139969 -0.3107492 0.95049208 4.194656e-08 -7.6293945e-06 8.940696e-08 -1.4901163e-08 0.99999976 -2.2888184e-05 0 0 0 1 0.97270745 0.23203471 -6.5074893e-08 3.7140045 -0.2320347 0.97270751 6.4353436e-08 0 7.8231089e-08 -4.7497451e-08 0.9999997 -2.2888184e-05 0 0 0 1 0.99838138 0.056878194 -2.8058963e-08 3.7139969 -0.056878209 0.99838114 3.1449169e-08 -7.6293945e-06 2.9802322e-08 -2.9802321e-08 0.99999982 -2.2888184e-05 0 0 0 1 0.9796347 -0.20078912 -4.0438788e-08 3.7140045 0.2007892 0.97963428 -9.9554093e-08 0 5.9604645e-08 8.9406953e-08 0.99999976 -2.6702881e-05 0 0 0 1 0.8955034 -0.44505486 3.3360084e-09 3.7139969 0.44505498 0.89550316 1.6579582e-09 7.6293945e-06 -3.7252903e-09 0 0.99999976 -2.2888184e-05 0 0 0 1 0.80299324 -0.59598804 -5.7030607e-09 3.7140045 0.59598804 0.80299318 5.1438175e-08 -7.6293945e-06 -2.607703e-08 -4.470348e-08 0.99999946 -2.2888184e-05 0 0 0 1 0.76493591 -0.64410651 -2.395969e-09 3.7140045 0.64410663 0.76493567 9.5383882e-08 7.6293945e-06 -5.9604645e-08 -7.4505827e-08 0.9999997 -2.2888184e-05 0 0 0 1 0.7693091 -0.63887662 1.105508e-07 3.7140045 0.63887656 0.76930922 -6.3148775e-08 -3.8146973e-06 -4.4703484e-08 1.1920929e-07 0.9999997 -2.6702881e-05 0 0 0 1 0.7906366 -0.61228591 -4.1810331e-08 3.7140121 0.61228609 0.7906363 5.3152616e-09 -7.6293945e-06 2.9802326e-08 -2.9802319e-08 0.99999976 -3.8146973e-05 0 0 0 1 0.8029933 -0.59598809 -3.5150716e-08 3.7140045 0.59598809 0.8029933 1.2236696e-07 0 -4.4703476e-08 -1.1920929e-07 0.9999997 -2.2888184e-05 0 0 0 1 </float_array>
        <technique_common>
          <accessor count="17" offset="0" source="#B_L_Finger01_matrix-output-array" stride="16">
            <param name="TRANSFORM" type="float4x4" />
          </accessor>
        </technique_common>
      </source>
      <source id="B_L_Finger01_matrix-interpolation">
        <Name_array id="B_L_Finger01_matrix-interpolation-array" count="17"> LINEAR LINEAR LINEAR LINEAR LINEAR LINEAR LINEAR LINEAR LINEAR LINEAR LINEAR LINEAR LINEAR LINEAR LINEAR LINEAR LINEAR </Name_array>
        <technique_common>
          <accessor source="#B_L_Finger01_matrix-interpolation-array" count="17" stride="1">
            <param name="INTERPOLATION" type="name"></param>
          </accessor>
        </technique_common>
      </source>
      <source id="B_L_Finger02_matrix-input" name="B_L_Finger02_matrix-input">
        <float_array id="B_L_Finger02_matrix-input-array" count="17"> 0 1 2 3 4 5 6 7 8 9 10 11 12 13 14 15 16 </float_array>
        <technique_common>
          <accessor count="17" offset="0" source="#B_L_Finger02_matrix-input-array" stride="1">
            <param name="TIME" type="float" />
          </accessor>
        </technique_common>
      </source>
      <source id="B_L_Finger02_matrix-output" name="B_L_Finger02_matrix-output">
