<?xml version="1.0" encoding="UTF-8" standalone="no" ?>
<COLLADA xmlns="http://www.collada.org/2005/11/COLLADASchema" version="1.4.1">
  <asset>
    <contributor>
      <author>Assimp</author>
      <authoring_tool>FBX SDK/FBX Plugins version 2013.1</authoring_tool>
    </contributor>
    <created>2020-08-21T13:48:05</created>
    <modified>2020-08-21T13:48:05</modified>
    <unit name="meter" meter="1" />
    <up_axis>Y_UP</up_axis>
  </asset>
  <library_geometries>
  </library_geometries>
  <library_controllers>
  </library_controllers>
  <library_visual_scenes>
    <visual_scene id="RootNode" name="RootNode">
      <node id="Motion_aAssimpFbxa_Translation"  name="Motion_$AssimpFbx$_Translation" type="NODE">
        <matrix sid="matrix">1 0 0 9.92585e-07 0 1 0 0 0 0 1 -0.17328988 0 0 0 1</matrix>
        <node id="Motion_aAssimpFbxa_PreRotation"  name="Motion_$AssimpFbx$_PreRotation" type="NODE">
          <matrix sid="matrix">1 0 0 0 0 -4.3711388e-08 1 0 0 -1 -4.3711388e-08 0 0 0 0 1</matrix>
          <node id="Motion_aAssimpFbxa_Rotation"  name="Motion_$AssimpFbx$_Rotation" type="NODE">
            <matrix sid="matrix">1.3868001e-06 1 0 0 -1 1.3868001e-06 0 0 0 0 1 0 0 0 0 1</matrix>
            <node id="Motion_aAssimpFbxa_Scaling"  name="Motion_$AssimpFbx$_Scaling" type="NODE">
              <matrix sid="matrix">1 0 0 0 0 1 0 0 0 0 1 0 0 0 0 1</matrix>
              <node id="Motion"  name="Motion" type="NODE">
                <matrix sid="matrix">1 0 0 0 0 1 0 0 0 0 1 0 0 0 0 1</matrix>
                <node id="B_Pelvis"  name="B_Pelvis" type="NODE">
                  <matrix sid="matrix">-4.3711388e-08 0.60876256 0.79335248 0.17329331 0 -0.79335248 0.60876256 2.6999989 1 2.6609857e-08 3.4678539e-08 98.599998 0 0 0 1</matrix>
                  <node id="B_Spine"  name="B_Spine" type="NODE">
                    <matrix sid="matrix">0.99823147 0.047404032 -0.03587313 7.6762924 -0.037805337 0.97190607 0.23231289 -1.6268322 0.045877885 -0.23054582 0.97197938 0.0023474693 0 0 0 1</matrix>
                    <node id="B_Spine1"  name="B_Spine1" type="NODE">
                      <matrix sid="matrix">0.99970514 -0.024198731 0.0019994131 12.747765 0.02417597 0.99965024 0.010716197 -0.014276028 -0.0022580323 -0.0106647 0.99994057 0.00015234947 0 0 0 1</matrix>
                      <node id="B_Spine2"  name="B_Spine2" type="NODE">
                        <matrix sid="matrix">0.9988209 -0.04840361 0.0037315493 17.935463 0.04831202 0.99859816 0.02162578 -0.026443005 -0.0047730836 -0.021420002 0.9997592 0.00054764748 0 0 0 1</matrix>
                        <node id="B_L_Clavicle"  name="B_L_Clavicle" type="NODE">
                          <matrix sid="matrix">-0.017590731 -0.00078517944 0.99984497 17.736832 -0.17375681 -0.98478115 -0.0038303286 0.073141098 0.98463148 -0.17379725 0.017186591 5.0180159 0 0 0 1</matrix>
                          <node id="B_L_UpperArm"  name="B_L_UpperArm" type="NODE">
                            <matrix sid="matrix">0.67658818 0.40229225 0.61675715 17.464664 -0.50647616 0.8622272 -0.006796062 5.2452087e-06 -0.53451878 -0.30777466 0.78712416 0 0 0 0 1</matrix>
                            <node id="B_L_Forearm"  name="B_L_Forearm" type="NODE">
                              <matrix sid="matrix">-0.13640097 0.98478979 0.10762794 27.62817 -0.99065369 -0.13559352 -0.014819597 -7.6293945e-06 -5.3644192e-07 -0.10864343 0.99408078 0 0 0 0 1</matrix>
                              <node id="B_L_ForeArmTwist"  name="B_L_ForeArmTwist" type="NODE">
                                <matrix sid="matrix">1 6.200419e-08 -2.9302123e-07 11.992641 -2.980231e-08 0.99408078 0.10864354 -1.1444092e-05 2.9802311e-07 -0.10864354 0.99408078 2.2888184e-05 0 0 0 1</matrix>
                                <node id="B_L_Hand"  name="B_L_Hand" type="NODE">
                                  <matrix sid="matrix">0.96626526 -0.095601395 0.2391482 11.992638 -0.24727435 -0.084708408 0.96523571 7.6293945e-06 -0.072020017 -0.99180889 -0.10549056 -1.5258789e-05 0 0 0 1</matrix>
                                  <node id="B_L_Finger0"  name="B_L_Finger0" type="NODE">
                                    <matrix sid="matrix">0.80900651 0.13246402 0.5726794 1.4603195 0.15583216 0.89108133 -0.42625156 1.9355469 -0.56676692 0.43408215 0.70024848 -2.4376526 0 0 0 1</matrix>
                                    <node id="B_L_Finger01"  name="B_L_Finger01" type="NODE">
                                      <matrix sid="matrix">0.802993 -0.59598845 -1.674573e-08 3.7140121 0.59598845 0.802993 9.7109228e-07 0 -5.6531309e-07 -7.8976058e-07 1 -1.9073486e-05 0 0 0 1</matrix>
                                      <node id="B_L_Finger02"  name="B_L_Finger02" type="NODE">
                                        <matrix sid="matrix">0.55218595 -0.83372098 1.3572607e-06 5.5299406 0.83372098 0.55218595 1.4960598e-06 1.5258789e-05 -1.9967567e-06 3.0547346e-07 1 2.6702881e-05 0 0 0 1</matrix>
                                      </node>
                                    </node>
                                  </node>
                                  <node id="B_L_Finger1"  name="B_L_Finger1" type="NODE">
                                    <matrix sid="matrix">0.27254838 -0.95552653 0.11263405 11.625458 0.92804116 0.23019034 -0.29283449 3.1205444 0.25388387 0.18434061 0.94950598 -3.0983582 0 0 0 1</matrix>
                                    <node id="B_L_Finger11"  name="B_L_Finger11" type="NODE">
                                      <matrix sid="matrix">-0.25881881 -0.96592587 7.6360658e-07 4.4568329 0.96592587 -0.25881881 3.7430277e-07 0 -1.63913e-07 8.34464e-07 1 1.9073486e-05 0 0 0 1</matrix>
                                      <node id="B_L_Finger12"  name="B_L_Finger12" type="NODE">
                                        <matrix sid="matrix">0.57357615 -0.81915224 6.6144241e-07 3.3311615 0.81915224 0.57357615 -1.4454599e-06 -7.6293945e-06 8.0466413e-07 1.3709034e-06 1 -1.5258789e-05 0 0 0 1</matrix>
                                      </node>
                                    </node>
                                  </node>
                                  <node id="B_L_Finger2"  name="B_L_Finger2" type="NODE">
                                    <matrix sid="matrix">0.25808424 -0.96503484 0.045829333 11.814079 0.96096522 0.25152278 -0.11524826 2.4381104 0.099691451 0.073784158 0.99227899 0.83572388 0 0 0 1</matrix>
                                    <node id="B_L_Finger21"  name="B_L_Finger21" type="NODE">
                                      <matrix sid="matrix">-0.62068617 -0.78405911 1.1880388e-06 5.1996307 0.78405911 -0.62068617 2.2779562e-07 7.6293945e-06 5.58794e-07 1.0728822e-06 1 1.1444092e-05 0 0 0 1</matrix>
                                      <node id="B_L_Finger22"  name="B_L_Finger22" type="NODE">
                                        <matrix sid="matrix">0.44828758 -0.89388937 -8.6752084e-07 5.1996384 0.89388937 0.44828758 -9.9856118e-07 0 1.281502e-06 -3.2782512e-07 1 -7.6293945e-06 0 0 0 1</matrix>
                                      </node>
                                    </node>
                                  </node>
                                  <node id="B_L_Finger3"  name="B_L_Finger3" type="NODE">
                                    <matrix sid="matrix">0.13846985 -0.99036658 0.0002972832 11.814064 0.99036664 0.13846986 5.9634949e-05 1.9342499 -0.00010022523 0.00028616172 0.99999994 4.6002464 0 0 0 1</matrix>
                                    <node id="B_L_Finger31"  name="B_L_Finger31" type="NODE">
                                      <matrix sid="matrix">-0.058765672 -0.99827182 -2.7995017e-07 4.45681 0.99827182 -0.058765672 -1.3300527e-06 7.6293945e-06 1.3113025e-06 -3.5762778e-07 1 3.8146973e-06 0 0 0 1</matrix>
                                      <node id="B_L_Finger32"  name="B_L_Finger32" type="NODE">
                                        <matrix sid="matrix">-0.058769241 -0.99827158 -2.4884412e-06 4.4567719 0.99827158 -0.058769241 -2.863203e-06 -7.6293945e-06 2.7120104e-06 -2.6524085e-06 1 -3.8146973e-06 0 0 0 1</matrix>
                                      </node>
                                    </node>
                                  </node>
                                  <node id="B_L_Finger4"  name="B_L_Finger4" type="NODE">
                                    <matrix sid="matrix">0.14714327 -0.98122948 -0.12464984 11.857201 0.98368692 0.15835375 -0.085346766 4.0528946 0.10348354 -0.11005823 0.9885233 6.5145226 0 0 0 1</matrix>
                                    <node id="B_L_Finger41"  name="B_L_Finger41" type="NODE">
                                      <matrix sid="matrix">-0.18123052 -0.98344064 -1.6406543e-06 3.3276596 0.98344064 -0.18123052 -3.9236916e-06 1.5258789e-05 3.5613812e-06 -2.3245786e-06 1 1.9073486e-05 0 0 0 1</matrix>
                                      <node id="B_L_Finger42"  name="B_L_Finger42" type="NODE">
                                        <matrix sid="matrix">0.0019750146 -0.99999803 -2.3477742e-06 3.3276596 0.99999803 0.0019750146 -4.1975045e-06 -7.6293945e-06 4.2021334e-06 -2.3394794e-06 1 -2.6702881e-05 0 0 0 1</matrix>
                                      </node>
                                    </node>
                                  </node>
                                </node>
                              </node>
                            </node>
                          </node>
                        </node>
                        <node id="B_R_Clavicle"  name="B_R_Clavicle" type="NODE">
                          <matrix sid="matrix">-0.1045284 -0.00079376239 -0.9945215 17.736832 0.00023380489 -0.99999964 0.00077356072 0.074662209 -0.99452186 -0.00015166495 0.10452855 -5.0179629 0 0 0 1</matrix>
                          <node id="B_R_UpperArm"  name="B_R_UpperArm" type="NODE">
                            <matrix sid="matrix">0.65678823 0.18435118 -0.73119342 17.464649 -0.58112305 0.74166936 -0.33499637 8.5830688e-06 0.48054677 0.64493507 0.59425044 1.5258789e-05 0 0 0 1</matrix>
                            <node id="B_R_Forearm"  name="B_R_Forearm" type="NODE">
                              <matrix sid="matrix">0.1257856 0.99193633 -0.015499667 27.628185 -0.99205744 0.12577026 -0.0019651239 -7.6293945e-06 1.1920932e-07 0.015623745 0.99987793 -1.5258789e-05 0 0 0 1</matrix>
                              <node id="B_R_ForeArmTwist"  name="B_R_ForeArmTwist" type="NODE">
                                <matrix sid="matrix">1 -1.3968749e-09 -8.9396053e-08 11.99263 0 0.99987793 -0.015623782 -1.1444092e-05 8.9406967e-08 0.015623782 0.99987793 0 0 0 0 1</matrix>
                                <node id="B_R_Hand"  name="B_R_Hand" type="NODE">
                                  <matrix sid="matrix">0.86458033 -0.066815831 -0.49803263 11.992653 -0.49769527 0.022792298 -0.86705244 3.8146973e-06 0.069284134 0.99750501 -0.013548149 -1.5258789e-05 0 0 0 1</matrix>
                                  <node id="B_R_Finger0"  name="B_R_Finger0" type="NODE">
                                    <matrix sid="matrix">0.80900657 0.13246369 -0.57267946 1.4603195 0.15583244 0.89108133 0.42625135 1.9355469 0.5667668 -0.43408221 0.7002486 2.4376564 0 0 0 1</matrix>
                                    <node id="B_R_Finger01"  name="B_R_Finger01" type="NODE">
                                      <matrix sid="matrix">0.802993 -0.59598845 -2.5669956e-07 3.7140274 0.59598845 0.802993 -7.918252e-08 -2.2888184e-05 2.5331983e-07 -8.9406974e-08 1 0 0 0 0 1</matrix>
                                      <node id="B_R_Finger02"  name="B_R_Finger02" type="NODE">
                                        <matrix sid="matrix">0.55218488 -0.8337217 6.6474541e-08 5.5299377 0.8337217 0.55218488 -1.1551919e-07 7.6293945e-06 5.9604623e-08 1.1920922e-07 1 2.2888184e-05 0 0 0 1</matrix>
                                      </node>
                                    </node>
                                  </node>
                                  <node id="B_R_Finger1"  name="B_R_Finger1" type="NODE">
                                    <matrix sid="matrix">0.27254859 -0.95552653 -0.11263388 11.625465 0.92804098 0.2301905 0.29283494 3.1205597 -0.25388429 -0.1843406 0.94950587 3.0983505 0 0 0 1</matrix>
                                    <node id="B_R_Finger11"  name="B_R_Finger11" type="NODE">
                                      <matrix sid="matrix">-0.25881925 -0.96592575 -8.8178652e-08 4.4568138 0.96592575 -0.25881925 -8.2924259e-08 0 5.7276349e-08 -1.0663643e-07 1 0 0 0 0 1</matrix>
                                      <node id="B_R_Finger12"  name="B_R_Finger12" type="NODE">
                                        <matrix sid="matrix">0.57357585 -0.81915247 2.1793508e-07 3.331131 0.81915247 0.57357585 5.2261825e-08 0 -1.678127e-07 1.4854594e-07 1 -1.1444092e-05 0 0 0 1</matrix>
                                      </node>
                                    </node>
                                  </node>
                                  <node id="B_R_Finger2"  name="B_R_Finger2" type="NODE">
                                    <matrix sid="matrix">0.25808468 -0.96503466 -0.045829348 11.814064 0.96096504 0.25152317 0.11524836 2.438118 -0.099691525 -0.073784232 0.99227887 -0.83572006 0 0 0 1</matrix>
                                    <node id="B_R_Finger21"  name="B_R_Finger21" type="NODE">
                                      <matrix sid="matrix">-0.62068546 -0.7840597 -1.5163972e-07 5.1995964 0.7840597 -0.62068546 -7.2529758e-08 0 -3.7252914e-08 -1.6391276e-07 1 -3.8146973e-05 0 0 0 1</matrix>
                                      <node id="B_R_Finger22"  name="B_R_Finger22" type="NODE">
                                        <matrix sid="matrix">0.44828618 -0.89389008 3.3399923e-09 5.1996002 0.89389008 0.44828618 6.6600001e-09 3.0517578e-05 -7.4505806e-09 0 1 2.6702881e-05 0 0 0 1</matrix>
                                      </node>
                                    </node>
                                  </node>
                                  <node id="B_R_Finger3"  name="B_R_Finger3" type="NODE">
                                    <matrix sid="matrix">0.1384702 -0.99036652 -0.00029824051 11.814064 0.99036658 0.13847022 -5.9485919e-05 1.9342728 0.0001002103 -0.00028713042 0.99999994 -4.6002541 0 0 0 1</matrix>
                                    <node id="B_R_Finger31"  name="B_R_Finger31" type="NODE">
                                      <matrix sid="matrix">-0.058766745 -0.99827176 9.63262e-09 4.4567947 0.99827176 -0.058766745 -1.6362949e-07 0 1.6391277e-07 0 1 -3.8146973e-06 0 0 0 1</matrix>
                                      <node id="B_R_Finger32"  name="B_R_Finger32" type="NODE">
                                        <matrix sid="matrix">-0.058766864 -0.99827176 6.7902596e-07 4.4568176 0.99827176 -0.058766864 -1.2422328e-07 7.6293945e-06 1.639128e-07 6.705522e-07 1 -1.1444092e-05 0 0 0 1</matrix>
                                      </node>
                                    </node>
                                  </node>
                                  <node id="B_R_Finger4"  name="B_R_Finger4" type="NODE">
                                    <matrix sid="matrix">0.14714384 -0.98122966 0.12464786 11.857231 0.98368686 0.15835416 0.085347071 4.0529175 -0.10348359 0.11005617 0.98852354 -6.5145607 0 0 0 1</matrix>
                                    <node id="B_R_Finger41"  name="B_R_Finger41" type="NODE">
                                      <matrix sid="matrix">-0.18123135 -0.98344052 2.340326e-07 3.3276749 0.98344052 -0.18123135 7.8557986e-07 1.5258789e-05 -7.3015696e-07 3.725288e-07 1 2.6702881e-05 0 0 0 1</matrix>
                                      <node id="B_R_Finger42"  name="B_R_Finger42" type="NODE">
                                        <matrix sid="matrix">0.0019766835 -0.99999803 3.1413128e-07 3.3277206 0.99999803 0.0019766835 6.1032796e-07 3.0517578e-05 -6.1094772e-07 3.1292427e-07 1 -1.5258789e-05 0 0 0 1</matrix>
                                      </node>
                                    </node>
                                  </node>
                                </node>
                              </node>
                            </node>
                          </node>
                        </node>
                        <node id="B_Neck"  name="B_Neck" type="NODE">
                          <matrix sid="matrix">0.9745459 -0.20556872 -0.089452855 27.039734 0.20928563 0.97725385 0.034271017 1.1282334 0.080373093 -0.052119877 0.99540126 0.00061225891 0 0 0 1</matrix>
                          <node id="B_Head"  name="B_Head" type="NODE">
                            <matrix sid="matrix">0.98408651 0.17358996 -0.037950225 10.019318 -0.16961539 0.85404319 -0.49177316 1.4083176 -0.052955754 0.49038428 0.86989594 3.8146973e-06 0 0 0 1</matrix>
                          </node>
                        </node>
                      </node>
                    </node>
                  </node>
                  <node id="B_L_Thigh"  name="B_L_Thigh" type="NODE">
                    <matrix sid="matrix">-0.88179487 0.28008321 -0.37946185 0 0.35161808 0.92662716 -0.13314205 1.7642975e-05 0.31432879 -0.25082961 -0.91557735 11.161455 0 0 0 1</matrix>
                    <node id="B_L_Calf"  name="B_L_Calf" type="NODE">
                      <matrix sid="matrix">0.87463534 0.48478141 3.3948663e-07 50.282742 -0.48478141 0.87463534 7.9895908e-06 0 3.5762782e-06 -7.1525556e-06 1 7.6293945e-06 0 0 0 1</matrix>
                      <node id="B_L_Foot"  name="B_L_Foot" type="NODE">
                        <matrix sid="matrix">0.90702927 -0.23339382 -0.35046428 39.72813 0.18250595 0.96798998 -0.172299 -3.3378601e-06 0.37945944 0.092318416 0.92059106 0 0 0 0 1</matrix>
                        <node id="B_L_Toe0"  name="B_L_Toe0" type="NODE">
                          <matrix sid="matrix">-4.3711388e-08 -1 -7.8882593e-08 18.214443 1 -4.3711378e-08 -1.4901157e-07 14.545955 1.4901157e-07 -7.88826e-08 1 0.020648956 0 0 0 1</matrix>
                        </node>
                      </node>
                    </node>
                  </node>
                  <node id="B_R_Thigh"  name="B_R_Thigh" type="NODE">
                    <matrix sid="matrix">-0.87342387 0.42952707 0.22942808 0 0.18169127 0.72456944 -0.66482133 -1.2397766e-05 -0.45179534 -0.53898573 -0.71089756 -11.161448 0 0 0 1</matrix>
                    <node id="B_R_Calf"  name="B_R_Calf" type="NODE">
                      <matrix sid="matrix">0.69287753 0.72105533 -5.2754785e-08 50.282753 -0.72105533 0.69287753 -4.7624872e-06 0 -3.3974641e-06 3.3378594e-06 1 3.8146973e-06 0 0 0 1</matrix>
                      <node id="B_R_Foot"  name="B_R_Foot" type="NODE">
                        <matrix sid="matrix">0.9148888 -0.31722665 0.24969107 39.728134 0.33217707 0.94302493 -0.019033335 0 -0.22942704 0.10035503 0.96813846 0 0 0 0 1</matrix>
                        <node id="B_R_Toe0"  name="B_R_Toe0" type="NODE">
                          <matrix sid="matrix">-4.0133926e-07 -1 7.5021967e-07 18.214441 1 -4.0133963e-07 -4.9173809e-07 14.545954 4.9173838e-07 7.502195e-07 1 -0.020652771 0 0 0 1</matrix>
                        </node>
                      </node>
                    </node>
                  </node>
                </node>
              </node>
            </node>
          </node>
        </node>
      </node>
      <node id="Exporter_aAssimpFbxa_PreRotation"  name="Exporter_$AssimpFbx$_PreRotation" type="NODE">
        <matrix sid="matrix">1 0 0 0 0 -4.3711388e-08 1 0 0 -1 -4.3711388e-08 0 0 0 0 1</matrix>
        <node id="Exporter"  name="Exporter" type="NODE">
          <matrix sid="matrix">1 0 0 0 0 1 0 0 0 0 1 0 0 0 0 1</matrix>
        </node>
      </node>
    </visual_scene>
  </library_visual_scenes>
  <library_animations>
    <animation id="TakeW001AnimId0" name="Take 001">
      <source id="B_Head_matrix-input" name="B_Head_matrix-input">
        <float_array id="B_Head_matrix-input-array" count="23"> 0 1 2 3 4 5 6 7 8 9 10 11 12 13 14 15 16 17 18 19 20 21 22 </float_array>
        <technique_common>
          <accessor count="23" offset="0" source="#B_Head_matrix-input-array" stride="1">
            <param name="TIME" type="float" />
          </accessor>
        </technique_common>
      </source>
      <source id="B_Head_matrix-output" name="B_Head_matrix-output">
        <float_array id="B_Head_matrix-output-array" count="368"> 0.98408663 0.17358996 -0.037950229 10.019318 -0.1696154 0.8540433 -0.49177328 1.4083176 -0.052955758 0.49038437 0.86989611 3.8146973e-06 0 0 0 1 0.98513663 0.16405243 -0.050914567 10.019302 -0.16143352 0.78296196 -0.60075772 1.4083176 -0.058691569 0.60004777 0.79780835 0 0 0 0 1 0.98148078 0.18415788 -0.052742921 10.019318 -0.16674146 0.68574923 -0.70848095 1.4083138 -0.094303958 0.70415485 0.70375615 0 0 0 0 1 0.97330648 0.22128122 -0.060897231 10.019318 -0.18209626 0.58305657 -0.79176134 1.4083157 -0.13969535 0.78171539 0.60778773 -3.8146973e-06 0 0 0 1 0.96587276 0.24690825 -0.078267366 10.019302 -0.19603905 0.49936515 -0.84392124 1.4083099 -0.16928709 0.83046442 0.53072685 3.8146973e-06 0 0 0 1 0.9687506 0.22859304 -0.096266076 10.019287 -0.19390276 0.45593432 -0.8686341 1.4083099 -0.1546727 0.86015636 0.48601148 3.8146973e-06 0 0 0 1 0.98677784 0.1450251 -0.072371714 10.019302 -0.13710169 0.50871623 -0.84994757 1.4083176 -0.086447127 0.84863096 0.5218733 3.8146973e-06 0 0 0 1 0.85025448 -0.34205985 -0.40007824 10.019318 -0.081051923 0.66592205 -0.7416054 1.4083214 0.52009434 0.66298002 0.53847873 0 0 0 0 1 0.40758425 -0.51179993 -0.75626463 10.019318 -0.046585724 0.81544477 -0.57695735 1.4083118 0.9119786 0.27038983 0.3085199 0 0 0 0 1 0.76274198 -0.28818271 -0.57894307 10.019302 -0.05084905 0.86572617 -0.49792838 1.4083176 0.64470005 0.4092297 0.64567238 0 0 0 0 1 0.98445433 -0.039559737 -0.17112836 10.019287 -0.047165219 0.87897921 -0.47452211 1.4083195 0.16919023 0.47521663 0.86344898 0 0 0 0 1 0.99525714 -0.0033590202 -0.097226195 10.019302 -0.042585332 0.88352239 -0.46644914 1.4083157 0.087468378 0.46837711 0.8791883 -3.8146973e-06 0 0 0 1 0.9968493 0.001773542 -0.079300612 10.019318 -0.038457263 0.88519394 -0.46362999 1.4083138 0.069374174 0.46521905 0.88247275 0 0 0 0 1 0.9951129 -0.011047239 -0.098128341 10.019302 -0.036006171 0.88471675 -0.4647364 1.4083118 0.091949902 0.46599838 0.87999451 -5.7220459e-06 0 0 0 1 0.99063993 -0.030222811 -0.13311292 10.019302 -0.035994586 0.88282651 -0.46831793 1.4083176 0.13166951 0.46872583 0.87347531 1.9073486e-06 0 0 0 1 0.98549151 -0.043912482 -0.16394505 10.019318 -0.039339062 0.88054633 -0.47232449 1.4083157 0.16510218 0.47192135 0.86604339 0 0 0 0 1 0.9844541 -0.039559845 -0.17112824 10.019318 -0.047165066 0.87897885 -0.47452196 1.4083138 0.1691902 0.47521642 0.86344868 0 0 0 0 1 0.98751831 -0.016484283 -0.15663847 10.019318 -0.060787387 0.87756705 -0.47558424 1.4083157 0.14530045 0.47916952 0.86561221 3.8146973e-06 0 0 0 1 0.99051028 0.015540693 -0.13655667 10.019287 -0.079544559 0.87508595 -0.47738624 1.4083147 0.11207988 0.48371845 0.86801767 1.9073486e-06 0 0 0 1 0.99217814 0.053587675 -0.11274182 10.019333 -0.10160667 0.87135464 -0.48001716 1.4083099 0.072515145 0.48771775 0.86998421 9.5367432e-07 0 0 0 1 0.9916935 0.094648063 -0.087095141 10.019333 -0.12514681 0.86638045 -0.48344913 1.4083138 0.029699998 0.49033287 0.87102932 2.8610229e-06 0 0 0 1 0.98884249 0.13566372 -0.061533567 10.019318 -0.14838152 0.86042821 -0.4874897 1.4083138 -0.013189449 0.49118069 0.87095803 0 0 0 0 1 0.98408663 0.17358996 -0.037950255 10.019318 -0.1696154 0.8540433 -0.49177334 1.4083138 -0.052955739 0.49038437 0.86989623 1.9073486e-06 0 0 0 1 </float_array>
        <technique_common>
          <accessor count="23" offset="0" source="#B_Head_matrix-output-array" stride="16">
            <param name="TRANSFORM" type="float4x4" />
          </accessor>
        </technique_common>
      </source>
      <source id="B_Head_matrix-interpolation">
        <Name_array id="B_Head_matrix-interpolation-array" count="23"> LINEAR LINEAR LINEAR LINEAR LINEAR LINEAR LINEAR LINEAR LINEAR LINEAR LINEAR LINEAR LINEAR LINEAR LINEAR LINEAR LINEAR LINEAR LINEAR LINEAR LINEAR LINEAR LINEAR </Name_array>
        <technique_common>
          <accessor source="#B_Head_matrix-interpolation-array" count="23" stride="1">
            <param name="INTERPOLATION" type="name"></param>
          </accessor>
        </technique_common>
      </source>
      <source id="B_L_Calf_matrix-input" name="B_L_Calf_matrix-input">
        <float_array id="B_L_Calf_matrix-input-array" count="23"> 0 1 2 3 4 5 6 7 8 9 10 11 12 13 14 15 16 17 18 19 20 21 22 </float_array>
        <technique_common>
          <accessor count="23" offset="0" source="#B_L_Calf_matrix-input-array" stride="1">
            <param name="TIME" type="float" />
          </accessor>
        </technique_common>
      </source>
      <source id="B_L_Calf_matrix-output" name="B_L_Calf_matrix-output">
        <float_array id="B_L_Calf_matrix-output-array" count="368"> 0.87463546 0.48478153 3.3948663e-07 50.282742 -0.48478147 0.87463552 7.9895908e-06 0 3.5762787e-06 -7.1525574e-06 1 7.6293945e-06 0 0 0 1 0.84998763 0.52680331 4.3312735e-07 50.282753 -0.52680331 0.84998763 7.8834892e-06 9.5367432e-07 3.7848949e-06 -6.92904e-06 1.0000001 7.6293945e-06 0 0 0 1 0.59344667 0.80487347 7.5403881e-07 50.282753 -0.80487347 0.59344667 7.6652132e-06 -3.8146973e-06 5.7220454e-06 -5.1558013e-06 0.99999994 3.8146973e-06 0 0 0 1 0.2019531 0.97939545 9.3571862e-07 50.282753 -0.97939545 0.2019531 7.2677603e-06 0 6.9290404e-06 -2.3841851e-06 1 1.9073486e-06 0 0 0 1 -0.054592151 0.99850887 9.8400324e-07 50.282745 -0.99850911 -0.05459214 7.0795918e-06 7.6293945e-06 7.122756e-06 -5.9604605e-07 1 3.8146973e-06 0 0 0 1 0.0024528503 0.99999714 1.0705663e-06 50.282738 -0.99999702 0.0024528506 7.0210926e-06 7.6293945e-06 7.018446e-06 -1.0877853e-06 0.99999994 1.9073486e-06 0 0 0 1 0.23142058 0.97285408 9.7202746e-07 50.282742 -0.97285408 0.23142058 7.2463895e-06 0 6.8247323e-06 -2.6226046e-06 1 -3.8146973e-06 0 0 0 1 0.42676225 0.90436399 8.6514603e-07 50.282745 -0.90436381 0.42676234 7.5592525e-06 0 6.4671026e-06 -4.0084119e-06 0.99999988 0 0 0 0 1 0.51817805 0.85527289 7.8771427e-07 50.282745 -0.85527289 0.51817805 7.5857079e-06 0 6.0796742e-06 -4.6044584e-06 1 3.8146973e-06 0 0 0 1 0.55920178 0.82903188 7.9728898e-07 50.282757 -0.82903171 0.5592019 7.6915121e-06 0 5.9306626e-06 -4.9620867e-06 1 3.8146973e-06 0 0 0 1 0.28717229 0.9578793 9.6335134e-07 50.282757 -0.9578793 0.28717229 7.4661493e-06 -7.6293945e-06 6.8750219e-06 -3.0668457e-06 1 3.8146973e-06 0 0 0 1 0.28149721 0.9595623 9.3795472e-07 50.282749 -0.95956218 0.28149724 7.4030277e-06 -7.6293945e-06 6.839633e-06 -2.9839575e-06 1.0000001 -3.8146973e-06 0 0 0 1 0.30918953 0.95100069 8.9272203e-07 50.282753 -0.95100057 0.30918956 7.2785851e-06 0 6.6459179e-06 -3.0994415e-06 1 1.1444092e-05 0 0 0 1 0.32619283 0.9453035 8.675579e-07 50.282749 -0.94530338 0.32619289 7.4559339e-06 0 6.7651281e-06 -3.2521782e-06 1 3.8146973e-06 0 0 0 1 0.3476128 0.9376384 9.1031575e-07 50.282753 -0.93763816 0.34761289 7.4254176e-06 -7.6293945e-06 6.6459179e-06 -3.4347177e-06 1 0 0 0 0 1 0.38483894 0.92298388 8.7593821e-07 50.282742 -0.92298388 0.38483894 7.4244285e-06 -7.6293945e-06 6.5155327e-06 -3.6656857e-06 1 3.8146973e-06 0 0 0 1 0.44078618 0.89761227 8.1995125e-07 50.282745 -0.89761227 0.44078618 7.5550379e-06 -7.6293945e-06 6.4200722e-06 -4.0661544e-06 0.99999994 7.6293945e-06 0 0 0 1 0.51356977 0.85804796 7.7109434e-07 50.282749 -0.85804784 0.51356983 7.5122643e-06 7.6293945e-06 6.0498714e-06 -4.5197085e-06 0.99999994 7.6293945e-06 0 0 0 1 0.60858166 0.79349166 8.42703e-07 50.282757 -0.79349154 0.60858178 7.6791475e-06 0 5.5804853e-06 -5.3420663e-06 1 0 0 0 0 1 0.68100351 0.73228014 7.143762e-07 50.282761 -0.73228014 0.68100351 7.8475468e-06 -7.6293945e-06 5.2601104e-06 -5.8673309e-06 0.99999994 3.8146973e-06 0 0 0 1 0.74935657 0.66216713 6.8235204e-07 50.282749 -0.66216707 0.74935663 7.8383391e-06 0 4.6789646e-06 -6.3255425e-06 1 0 0 0 0 1 0.81593096 0.57814974 4.6600508e-07 50.282749 -0.57814974 0.81593096 7.8743506e-06 0 4.1723251e-06 -6.6943476e-06 1 0 0 0 0 1 0.8746348 0.48478267 4.6543431e-07 50.282745 -0.48478267 0.8746348 7.9708998e-06 0 3.4570694e-06 -7.1972618e-06 0.99999988 7.6293945e-06 0 0 0 1 </float_array>
        <technique_common>
          <accessor count="23" offset="0" source="#B_L_Calf_matrix-output-array" stride="16">
            <param name="TRANSFORM" type="float4x4" />
          </accessor>
        </technique_common>
      </source>
      <source id="B_L_Calf_matrix-interpolation">
        <Name_array id="B_L_Calf_matrix-interpolation-array" count="23"> LINEAR LINEAR LINEAR LINEAR LINEAR LINEAR LINEAR LINEAR LINEAR LINEAR LINEAR LINEAR LINEAR LINEAR LINEAR LINEAR LINEAR LINEAR LINEAR LINEAR LINEAR LINEAR LINEAR </Name_array>
        <technique_common>
          <accessor source="#B_L_Calf_matrix-interpolation-array" count="23" stride="1">
            <param name="INTERPOLATION" type="name"></param>
          </accessor>
        </technique_common>
      </source>
      <source id="B_L_Clavicle_matrix-input" name="B_L_Clavicle_matrix-input">
        <float_array id="B_L_Clavicle_matrix-input-array" count="23"> 0 1 2 3 4 5 6 7 8 9 10 11 12 13 14 15 16 17 18 19 20 21 22 </float_array>
        <technique_common>
          <accessor count="23" offset="0" source="#B_L_Clavicle_matrix-input-array" stride="1">
            <param name="TIME" type="float" />
          </accessor>
        </technique_common>
      </source>
      <source id="B_L_Clavicle_matrix-output" name="B_L_Clavicle_matrix-output">
        <float_array id="B_L_Clavicle_matrix-output-array" count="368"> -0.017590998 -0.00078515703 0.99984509 17.736832 -0.17375678 -0.98478121 -0.003830344 0.073141098 0.98463136 -0.17379722 0.017186763 5.0180159 0 0 0 1 -0.05393324 -0.00078121555 0.99854422 17.736862 -0.18310414 -0.98303556 -0.010658874 0.073139191 0.98161262 -0.18341248 0.052875094 5.0180149 0 0 0 1 -0.094198212 -0.00078257913 0.99555343 17.736877 -0.20161608 -0.97926348 -0.019846499 0.073141098 0.97492427 -0.20258905 0.092087179 5.0180163 0 0 0 1 -0.13232091 -0.0007748378 0.99120635 17.736847 -0.21491344 -0.9761886 -0.02945292 0.073143005 0.96762794 -0.21692076 0.12900373 5.0180149 0 0 0 1 -0.16234097 -0.00077858556 0.98673439 17.736862 -0.20921068 -0.97723711 -0.035191145 0.073144913 0.96430081 -0.21214835 0.1584826 5.018013 0 0 0 1 -0.17841861 -0.00078466523 0.98395431 17.736847 -0.17087097 -0.98478115 -0.031769034 0.073139191 0.96900445 -0.17379744 0.1755691 5.018013 0 0 0 1 -0.17245783 -0.00079345342 0.98501682 17.736862 -0.055488754 -0.99840403 -0.010519269 0.073143005 0.98345292 -0.056471474 0.17213856 5.0180168 0 0 0 1 -0.13896725 -0.00078683347 0.99029684 17.736862 0.12803632 -0.9916209 0.017179301 0.073139191 0.98198503 0.12918134 0.13790335 5.0180283 0 0 0 1 -0.075863101 -0.00075831998 0.99711788 17.736847 0.30795652 -0.95112956 0.022706669 0.073139191 0.94837081 0.30879161 0.072388932 5.0180206 0 0 0 1 0.13559695 -0.00070995098 0.99076355 17.736847 0.44578564 -0.89301431 -0.06165057 0.073137283 0.88481015 0.45002794 -0.12077352 5.0180206 0 0 0 1 0.26197156 -0.00068148965 0.96507543 17.736847 0.50008863 -0.85517186 -0.13635385 0.073142052 0.8253985 0.51834387 -0.22368991 5.0180092 0 0 0 1 0.266772 -0.00067755562 0.96375942 17.736862 0.50709909 -0.85028177 -0.1409647 0.073143005 0.81956238 0.52632707 -0.22648799 5.0180168 0 0 0 1 0.27415934 -0.00066915154 0.96168381 17.736832 0.5211373 -0.84033895 -0.14915186 0.073143005 0.80824023 0.54206085 -0.23003799 5.0180244 0 0 0 1 0.28074509 -0.00066232646 0.95978218 17.736847 0.53463215 -0.83038074 -0.15695786 0.073143005 0.79708892 0.55719525 -0.2327714 5.0180168 0 0 0 1 0.28316161 -0.00065758807 0.95907199 17.736847 0.54049057 -0.82596821 -0.16014382 0.07314682 0.79226816 0.56371605 -0.23352718 5.0180168 0 0 0 1 0.27804595 -0.00066351891 0.96056771 17.736847 0.53168261 -0.83273697 -0.15447626 0.073143005 0.80000246 0.55366868 -0.23118654 5.0180168 0 0 0 1 0.26197115 -0.00068140018 0.96507561 17.736847 0.50008857 -0.85517198 -0.13635364 0.073139191 0.82539839 0.51834387 -0.22368982 5.0180168 0 0 0 1 0.23217972 -0.00071318453 0.97267234 17.736862 0.43743157 -0.89309204 -0.10507111 0.073140144 0.86876047 0.44987345 -0.20704587 5.0180092 0 0 0 1 0.19061893 -0.00074601173 0.9816637 17.736862 0.34416643 -0.93647623 -0.067541718 0.073140144 0.91935521 0.35073048 -0.17825338 5.018013 0 0 0 1 0.14094135 -0.00077421189 0.99001765 17.736862 0.22568145 -0.97364557 -0.032890011 0.073140144 0.96395177 0.22806416 -0.13705228 5.0180168 0 0 0 1 0.086992987 -0.00079676538 0.99620855 17.736862 0.091287531 -0.99578643 -0.0087680249 0.073140144 0.99201769 0.091704205 -0.086553685 5.018012 0 0 0 1 0.032786783 -0.00079495675 0.99946195 17.736847 -0.046407465 -0.99892282 0.00072784338 0.073140144 0.99838442 -0.046406381 -0.032788508 5.0180149 0 0 0 1 -0.017591 -0.00078514958 0.99984509 17.736832 -0.17375675 -0.98478121 -0.0038303365 0.073141098 0.98463148 -0.17379718 0.017186763 5.0180159 0 0 0 1 </float_array>
        <technique_common>
          <accessor count="23" offset="0" source="#B_L_Clavicle_matrix-output-array" stride="16">
            <param name="TRANSFORM" type="float4x4" />
          </accessor>
        </technique_common>
      </source>
      <source id="B_L_Clavicle_matrix-interpolation">
        <Name_array id="B_L_Clavicle_matrix-interpolation-array" count="23"> LINEAR LINEAR LINEAR LINEAR LINEAR LINEAR LINEAR LINEAR LINEAR LINEAR LINEAR LINEAR LINEAR LINEAR LINEAR LINEAR LINEAR LINEAR LINEAR LINEAR LINEAR LINEAR LINEAR </Name_array>
        <technique_common>
          <accessor source="#B_L_Clavicle_matrix-interpolation-array" count="23" stride="1">
            <param name="INTERPOLATION" type="name"></param>
          </accessor>
        </technique_common>
      </source>
      <source id="B_L_Finger0_matrix-input" name="B_L_Finger0_matrix-input">
        <float_array id="B_L_Finger0_matrix-input-array" count="23"> 0 1 2 3 4 5 6 7 8 9 10 11 12 13 14 15 16 17 18 19 20 21 22 </float_array>
        <technique_common>
          <accessor count="23" offset="0" source="#B_L_Finger0_matrix-input-array" stride="1">
            <param name="TIME" type="float" />
          </accessor>
        </technique_common>
      </source>
      <source id="B_L_Finger0_matrix-output" name="B_L_Finger0_matrix-output">
        <float_array id="B_L_Finger0_matrix-output-array" count="368"> 0.80900687 0.13246398 0.57267982 1.4603195 0.15583223 0.89108104 -0.42625192 1.9355469 -0.5667671 0.43408203 0.70024908 -2.4376526 0 0 0 1 0.80900633 0.13246281 0.5726788 1.4603271 0.15583283 0.89108276 -0.42625108 1.9355469 -0.56676525 0.43408313 0.70024914 -2.4376564 0 0 0 1 0.80900633 0.13246556 0.57267833 1.4603233 0.1558314 0.89108235 -0.42625189 1.9355545 -0.56676722 0.43408313 0.70024693 -2.4376602 0 0 0 1 0.80900615 0.13246123 0.5726791 1.4603233 0.15583411 0.891083 -0.42624962 1.9355469 -0.56676525 0.43408284 0.70024884 -2.4376488 0 0 0 1 0.80900657 0.13246059 0.57268077 1.4603195 0.15583467 0.89108211 -0.42624888 1.9355316 -0.56676704 0.43408135 0.70024914 -2.4376526 0 0 0 1 0.80900663 0.13246252 0.57267922 1.4603195 0.15583342 0.891083 -0.42625046 1.9355316 -0.56676614 0.43408301 0.7002486 -2.4376602 0 0 0 1 0.80900663 0.13246594 0.57267892 1.4603233 0.15583079 0.89108104 -0.4262526 1.9355392 -0.56676757 0.43408218 0.70024794 -2.4376526 0 0 0 1 0.80900615 0.13246454 0.57267976 1.4603271 0.15583161 0.89108145 -0.42625204 1.9355469 -0.5667668 0.43408206 0.70024908 -2.4376526 0 0 0 1 0.80900747 0.13246384 0.57267946 1.4603348 0.15583257 0.89108098 -0.42625087 1.9355392 -0.56676823 0.43408164 0.70024782 -2.4376602 0 0 0 1 0.8090089 0.13246605 0.57267737 1.4603291 0.1558311 0.89107913 -0.42625457 1.9355392 -0.56676668 0.43408352 0.7002483 -2.4376526 0 0 0 1 0.80900747 0.13246325 0.5726788 1.4603348 0.15583296 0.89108235 -0.42624983 1.9355545 -0.56676793 0.43408203 0.70024729 -2.4376564 0 0 0 1 0.80900759 0.13246174 0.57267898 1.4603195 0.1558342 0.89108247 -0.42624909 1.9355545 -0.56676745 0.43408227 0.70024747 -2.4376564 0 0 0 1 0.80900687 0.13246295 0.57267934 1.4603195 0.15583313 0.89108211 -0.42625046 1.9355469 -0.56676704 0.43408233 0.70024818 -2.4376545 0 0 0 1 0.80900836 0.13245898 0.57267815 1.4603348 0.15583606 0.89108366 -0.42624676 1.9355392 -0.56676644 0.43408251 0.70024747 -2.4376507 0 0 0 1 0.80900687 0.13246357 0.57267892 1.4603271 0.15583257 0.89108175 -0.42625085 1.9355545 -0.56676698 0.4340823 0.70024794 -2.4376507 0 0 0 1 0.80900747 0.1324628 0.57267904 1.4603271 0.15583333 0.89108223 -0.42624941 1.9355545 -0.56676805 0.43408185 0.70024723 -2.4376564 0 0 0 1 0.80900669 0.13246213 0.57267964 1.4603271 0.15583366 0.89108199 -0.42625007 1.9355469 -0.56676668 0.43408218 0.70024848 -2.4376564 0 0 0 1 0.80900323 0.13246214 0.57268214 1.4603119 0.15583256 0.89108163 -0.42625302 1.9355621 -0.56676304 0.43408242 0.70025307 -2.4376602 0 0 0 1 0.80900675 0.13246296 0.57267952 1.4603271 0.15583311 0.89108169 -0.42625052 1.9355469 -0.56676722 0.43408209 0.70024824 -2.4376602 0 0 0 1 0.80900609 0.13246268 0.57267988 1.4603271 0.15583293 0.89108139 -0.42625102 1.9355431 -0.56676608 0.434082 0.70024931 -2.4376526 0 0 0 1 0.80900627 0.13246238 0.57267982 1.4603119 0.15583374 0.89108217 -0.42625049 1.9355431 -0.56676668 0.43408266 0.7002483 -2.437645 0 0 0 1 0.80900633 0.13246301 0.57268012 1.4603271 0.1558331 0.89108115 -0.42625135 1.9355316 -0.56676662 0.43408227 0.7002489 -2.4376602 0 0 0 1 0.80900651 0.13246404 0.57268006 1.4603271 0.1558322 0.89108074 -0.42625192 1.9355469 -0.56676722 0.43408188 0.70024896 -2.4376526 0 0 0 1 </float_array>
        <technique_common>
          <accessor count="23" offset="0" source="#B_L_Finger0_matrix-output-array" stride="16">
            <param name="TRANSFORM" type="float4x4" />
          </accessor>
        </technique_common>
      </source>
      <source id="B_L_Finger0_matrix-interpolation">
        <Name_array id="B_L_Finger0_matrix-interpolation-array" count="23"> LINEAR LINEAR LINEAR LINEAR LINEAR LINEAR LINEAR LINEAR LINEAR LINEAR LINEAR LINEAR LINEAR LINEAR LINEAR LINEAR LINEAR LINEAR LINEAR LINEAR LINEAR LINEAR LINEAR </Name_array>
        <technique_common>
          <accessor source="#B_L_Finger0_matrix-interpolation-array" count="23" stride="1">
            <param name="INTERPOLATION" type="name"></param>
          </accessor>
        </technique_common>
      </source>
      <source id="B_L_Finger01_matrix-input" name="B_L_Finger01_matrix-input">
        <float_array id="B_L_Finger01_matrix-input-array" count="23"> 0 1 2 3 4 5 6 7 8 9 10 11 12 13 14 15 16 17 18 19 20 21 22 </float_array>
        <technique_common>
          <accessor count="23" offset="0" source="#B_L_Finger01_matrix-input-array" stride="1">
            <param name="TIME" type="float" />
          </accessor>
        </technique_common>
      </source>
      <source id="B_L_Finger01_matrix-output" name="B_L_Finger01_matrix-output">
