<?xml version="1.0" encoding="UTF-8" standalone="no" ?>
<COLLADA xmlns="http://www.collada.org/2005/11/COLLADASchema" version="1.4.1">
  <asset>
    <contributor>
      <author>Assimp</author>
      <authoring_tool>FBX SDK/FBX Plugins version 2013.1</authoring_tool>
    </contributor>
    <created>2020-08-21T13:36:55</created>
    <modified>2020-08-21T13:36:55</modified>
    <unit name="meter" meter="1" />
    <up_axis>Y_UP</up_axis>
  </asset>
  <library_geometries>
  </library_geometries>
  <library_controllers>
  </library_controllers>
  <library_visual_scenes>
    <visual_scene id="RootNode" name="RootNode">
      <node id="Motion_aAssimpFbxa_Translation"  name="Motion_$AssimpFbx$_Translation" type="NODE">
        <matrix sid="matrix">1 0 0 9.92585e-07 0 1 0 0 0 0 1 -0.17328988 0 0 0 1</matrix>
        <node id="Motion_aAssimpFbxa_PreRotation"  name="Motion_$AssimpFbx$_PreRotation" type="NODE">
          <matrix sid="matrix">1 0 0 0 0 -4.3711388e-08 1 0 0 -1 -4.3711388e-08 0 0 0 0 1</matrix>
          <node id="Motion_aAssimpFbxa_Rotation"  name="Motion_$AssimpFbx$_Rotation" type="NODE">
            <matrix sid="matrix">1.3868001e-06 1 0 0 -1 1.3868001e-06 0 0 0 0 1 0 0 0 0 1</matrix>
            <node id="Motion_aAssimpFbxa_Scaling"  name="Motion_$AssimpFbx$_Scaling" type="NODE">
              <matrix sid="matrix">1 0 0 0 0 1 0 0 0 0 1 0 0 0 0 1</matrix>
              <node id="Motion"  name="Motion" type="NODE">
                <matrix sid="matrix">1 0 0 0 0 1 0 0 0 0 1 0 0 0 0 1</matrix>
                <node id="B_Pelvis"  name="B_Pelvis" type="NODE">
                  <matrix sid="matrix">-0.045328535 0.60813701 0.79253685 5.7559404 -1.0659465e-06 -0.79335237 0.60876274 2.6999917 0.99897212 0.027593479 0.03596215 110.82701 0 0 0 1</matrix>
                  <node id="B_Spine"  name="B_Spine" type="NODE">
                    <matrix sid="matrix">0.99823147 0.047404032 -0.035873134 7.6763 -0.037805337 0.97190607 0.23231287 -1.626832 0.045877885 -0.2305458 0.97197938 0.0023488998 0 0 0 1</matrix>
                    <node id="B_Spine1"  name="B_Spine1" type="NODE">
                      <matrix sid="matrix">0.99970514 -0.024198728 0.0019994143 12.747749 0.024175966 0.99965024 0.010716191 -0.014276028 -0.0022580333 -0.010664694 0.99994057 0.00015163422 0 0 0 1</matrix>
                      <node id="B_Spine2"  name="B_Spine2" type="NODE">
                        <matrix sid="matrix">0.9988209 -0.048403617 0.0037315534 17.93544 0.048312027 0.99859816 0.021625698 -0.026443481 -0.0047730841 -0.02141992 0.9997592 0.00054836273 0 0 0 1</matrix>
                        <node id="B_L_Clavicle"  name="B_L_Clavicle" type="NODE">
                          <matrix sid="matrix">-0.017590661 -0.00078421831 0.99984497 17.736847 -0.17375694 -0.98478115 -0.0038293824 0.073140621 0.98463148 -0.17379735 0.017186686 5.0180159 0 0 0 1</matrix>
                          <node id="B_L_UpperArm"  name="B_L_UpperArm" type="NODE">
                            <matrix sid="matrix">0.67658824 0.40229189 0.61675733 17.464664 -0.50647563 0.86222756 -0.0067963302 4.529953e-06 -0.53451926 -0.30777422 0.78712404 0 0 0 0 1</matrix>
                            <node id="B_L_Forearm"  name="B_L_Forearm" type="NODE">
                              <matrix sid="matrix">-0.13640097 0.98478979 0.10762791 27.628189 -0.99065369 -0.13559355 -0.014819384 -7.6293945e-06 -3.2782563e-07 -0.10864337 0.99408078 -1.5258789e-05 0 0 0 1</matrix>
                              <node id="B_L_ForeArmTwist"  name="B_L_ForeArmTwist" type="NODE">
                                <matrix sid="matrix">1 4.3953388e-08 -2.6501422e-07 11.992638 -1.4901155e-08 0.99408078 0.10864346 -1.1444092e-05 2.6822079e-07 -0.10864346 0.99408078 3.0517578e-05 0 0 0 1</matrix>
                                <node id="B_L_Hand"  name="B_L_Hand" type="NODE">
                                  <matrix sid="matrix">0.9662652 -0.09560205 0.23914798 11.992645 -0.24727422 -0.084708728 0.96523565 7.6293945e-06 -0.072020598 -0.99180877 -0.10549102 0 0 0 0 1</matrix>
                                  <node id="B_L_Finger0"  name="B_L_Finger0" type="NODE">
                                    <matrix sid="matrix">0.80900651 0.13246365 0.57267946 1.4603348 0.15583244 0.89108139 -0.42625129 1.9355469 -0.5667668 0.43408212 0.70024854 -2.4376526 0 0 0 1</matrix>
                                    <node id="B_L_Finger01"  name="B_L_Finger01" type="NODE">
                                      <matrix sid="matrix">0.80299312 -0.59598833 -1.236296e-07 3.7140045 0.59598833 0.80299312 1.0304682e-08 0 9.3132243e-08 -8.1956387e-08 1 -2.6702881e-05 0 0 0 1</matrix>
                                      <node id="B_L_Finger02"  name="B_L_Finger02" type="NODE">
                                        <matrix sid="matrix">0.5521847 -0.83372182 9.7046367e-08 5.5299292 0.83372182 0.5521847 2.5090223e-08 1.5258789e-05 -7.4505785e-08 6.7055232e-08 1 2.2888184e-05 0 0 0 1</matrix>
                                      </node>
                                    </node>
                                  </node>
                                  <node id="B_L_Finger1"  name="B_L_Finger1" type="NODE">
                                    <matrix sid="matrix">0.27254894 -0.95552641 0.11263376 11.625473 0.92804092 0.23019095 -0.29283461 3.1205292 0.25388393 0.18434051 0.94950593 -3.0983582 0 0 0 1</matrix>
                                    <node id="B_L_Finger11"  name="B_L_Finger11" type="NODE">
                                      <matrix sid="matrix">-0.25881925 -0.96592575 1.0743393e-07 4.4568176 0.96592575 -0.25881925 5.9640499e-08 -7.6293945e-06 -2.9802326e-08 1.1920932e-07 1 1.5258789e-05 0 0 0 1</matrix>
                                      <node id="B_L_Finger12"  name="B_L_Finger12" type="NODE">
                                        <matrix sid="matrix">0.57357574 -0.81915253 2.9722517e-07 3.3311768 0.81915253 0.57357574 -1.9902346e-07 -3.0517578e-05 -7.4505802e-09 3.5762778e-07 1 -1.9073486e-05 0 0 0 1</matrix>
                                      </node>
                                    </node>
                                  </node>
                                  <node id="B_L_Finger2"  name="B_L_Finger2" type="NODE">
                                    <matrix sid="matrix">0.25808468 -0.96503472 0.045829073 11.814087 0.96096504 0.25152323 -0.11524838 2.4380951 0.099691607 0.073783971 0.99227893 0.83572388 0 0 0 1</matrix>
                                    <node id="B_L_Finger21"  name="B_L_Finger21" type="NODE">
                                      <matrix sid="matrix">-0.62068564 -0.78405952 4.0088207e-07 5.1996307 0.78405952 -0.62068564 1.1779666e-07 2.2888184e-05 1.5646215e-07 3.8743011e-07 1 1.1444092e-05 0 0 0 1</matrix>
                                      <node id="B_L_Finger22"  name="B_L_Finger22" type="NODE">
                                        <matrix sid="matrix">0.44828618 -0.89389008 -9.3279994e-08 5.1996212 0.89389008 0.44828618 1.3439921e-08 1.5258789e-05 2.9802322e-08 -8.9406996e-08 1 -7.6293945e-06 0 0 0 1</matrix>
                                      </node>
                                    </node>
                                  </node>
                                  <node id="B_L_Finger3"  name="B_L_Finger3" type="NODE">
                                    <matrix sid="matrix">0.13847044 -0.99036652 0.00029701419 11.814072 0.99036658 0.13847046 5.9431612e-05 1.9342499 -9.998677e-05 0.00028592339 0.99999994 4.6002426 0 0 0 1</matrix>
                                    <node id="B_L_Finger31"  name="B_L_Finger31" type="NODE">
                                      <matrix sid="matrix">-0.058766745 -0.99827176 -9.4147254e-07 4.4567947 0.99827176 -0.058766745 -1.2495797e-06 1.5258789e-05 1.1920928e-06 -1.0132792e-06 1 0 0 0 0 1</matrix>
                                      <node id="B_L_Finger32"  name="B_L_Finger32" type="NODE">
                                        <matrix sid="matrix">-0.058766626 -0.99827176 -1.8164845e-06 4.4567719 0.99827176 -0.058766626 -1.5996291e-06 -1.5258789e-05 1.4901158e-06 -1.90735e-06 1 3.8146973e-06 0 0 0 1</matrix>
                                      </node>
                                    </node>
                                  </node>
                                  <node id="B_L_Finger4"  name="B_L_Finger4" type="NODE">
                                    <matrix sid="matrix">0.14714384 -0.98122936 -0.12465006 11.857201 0.98368686 0.15835437 -0.085346907 4.052887 0.10348377 -0.11005836 0.9885233 6.5145302 0 0 0 1</matrix>
                                    <node id="B_L_Finger41"  name="B_L_Finger41" type="NODE">
                                      <matrix sid="matrix">-0.18123157 -0.98344046 -1.9075296e-06 3.3276672 0.98344046 -0.18123157 -3.7910459e-06 1.5258789e-05 3.3825634e-06 -2.562999e-06 1 1.5258789e-05 0 0 0 1</matrix>
                                      <node id="B_L_Finger42"  name="B_L_Finger42" type="NODE">
                                        <matrix sid="matrix">0.0019772795 -0.99999803 -2.2562576e-06 3.3276596 0.99999803 0.0019772795 -3.1247894e-06 0 3.1292445e-06 -2.2500747e-06 1 -2.2888184e-05 0 0 0 1</matrix>
                                      </node>
                                    </node>
                                  </node>
                                </node>
                              </node>
                            </node>
                          </node>
                        </node>
                        <node id="B_R_Clavicle"  name="B_R_Clavicle" type="NODE">
                          <matrix sid="matrix">-0.10452852 -0.00079585449 -0.9945215 17.736847 0.00023397958 -0.99999964 0.00077564584 0.074662209 -0.99452186 -0.00015162062 0.10452867 -5.0179634 0 0 0 1</matrix>
                          <node id="B_R_UpperArm"  name="B_R_UpperArm" type="NODE">
                            <matrix sid="matrix">0.65678835 0.18435097 -0.73119342 17.464651 -0.58112282 0.74166942 -0.33499649 1.1920929e-05 0.48054689 0.64493495 0.59425038 0 0 0 0 1</matrix>
                            <node id="B_R_Forearm"  name="B_R_Forearm" type="NODE">
                              <matrix sid="matrix">0.1257856 0.99193633 -0.01549966 27.628181 -0.99205744 0.12577026 -0.0019651831 0 5.9604659e-08 0.015623745 0.99987793 7.6293945e-06 0 0 0 1</matrix>
                              <node id="B_R_ForeArmTwist"  name="B_R_ForeArmTwist" type="NODE">
                                <matrix sid="matrix">1 2.9798688e-08 -4.656259e-10 11.992622 -2.9802326e-08 0.99987793 -0.015623811 -1.5258789e-05 0 0.015623811 0.99987793 0 0 0 0 1</matrix>
                                <node id="B_R_Hand"  name="B_R_Hand" type="NODE">
                                  <matrix sid="matrix">0.86458039 -0.066815868 -0.49803257 11.992653 -0.49769521 0.022792172 -0.8670525 7.6293945e-06 0.069284104 0.99750501 -0.013548267 -1.5258789e-05 0 0 0 1</matrix>
                                  <node id="B_R_Finger0"  name="B_R_Finger0" type="NODE">
                                    <matrix sid="matrix">0.80900657 0.13246375 -0.5726794 1.4603119 0.15583242 0.89108133 0.42625144 1.9355469 0.5667668 -0.43408227 0.70024854 2.437664 0 0 0 1</matrix>
                                    <node id="B_R_Finger01"  name="B_R_Finger01" type="NODE">
                                      <matrix sid="matrix">0.802993 -0.59598845 -3.9991286e-07 3.7140121 0.59598845 0.802993 -1.1124858e-07 -1.5258789e-05 3.8743011e-07 -1.4901161e-07 1 1.5258789e-05 0 0 0 1</matrix>
                                      <node id="B_R_Finger02"  name="B_R_Finger02" type="NODE">
                                        <matrix sid="matrix">0.55218476 -0.83372176 2.0684062e-07 5.5299454 0.83372176 0.55218476 -6.5501013e-08 7.6293945e-06 -5.960462e-08 2.0861619e-07 1 1.5258789e-05 0 0 0 1</matrix>
                                      </node>
                                    </node>
                                  </node>
                                  <node id="B_R_Finger1"  name="B_R_Finger1" type="NODE">
                                    <matrix sid="matrix">0.27254859 -0.95552653 -0.11263388 11.625458 0.92804098 0.23019049 0.29283497 3.1205521 -0.25388432 -0.18434061 0.94950587 3.0983429 0 0 0 1</matrix>
                                    <node id="B_R_Finger11"  name="B_R_Finger11" type="NODE">
                                      <matrix sid="matrix">-0.25881937 -0.96592575 -1.0798057e-07 4.4568138 0.96592575 -0.25881937 -5.4001923e-08 -1.5258789e-05 2.4214387e-08 -1.1827795e-07 1 3.8146973e-06 0 0 0 1</matrix>
                                      <node id="B_R_Finger12"  name="B_R_Finger12" type="NODE">
                                        <matrix sid="matrix">0.57357579 -0.81915247 2.0343558e-07 3.331131 0.81915247 0.57357579 9.8938465e-08 -7.6293945e-06 -1.9773142e-07 1.0989605e-07 1 -1.1444092e-05 0 0 0 1</matrix>
                                      </node>
                                    </node>
                                  </node>
                                  <node id="B_R_Finger2"  name="B_R_Finger2" type="NODE">
                                    <matrix sid="matrix">0.25808468 -0.96503466 -0.045829311 11.814041 0.96096504 0.2515232 0.11524835 2.4381256 -0.099691525 -0.073784195 0.99227887 -0.83572388 0 0 0 1</matrix>
                                    <node id="B_R_Finger21"  name="B_R_Finger21" type="NODE">
                                      <matrix sid="matrix">-0.62068546 -0.7840597 -8.8842718e-08 5.1995964 0.7840597 -0.62068546 -7.9833164e-08 -1.5258789e-05 7.4505824e-09 -1.1920928e-07 1 -3.6239624e-05 0 0 0 1</matrix>
                                      <node id="B_R_Finger22"  name="B_R_Finger22" type="NODE">
                                        <matrix sid="matrix">0.44828641 -0.89388996 1.6659996e-08 5.1996078 0.89388996 0.44828641 -1.9988011e-11 -3.0517578e-05 -7.4505824e-09 1.4901163e-08 1 2.2888184e-05 0 0 0 1</matrix>
                                      </node>
                                    </node>
                                  </node>
                                  <node id="B_R_Finger3"  name="B_R_Finger3" type="NODE">
                                    <matrix sid="matrix">0.13847044 -0.99036652 -0.00029828787 11.814056 0.99036658 0.13847046 -5.9501803e-05 1.9342651 0.00010023265 -0.00028717506 0.99999994 -4.6002502 0 0 0 1</matrix>
                                    <node id="B_R_Finger31"  name="B_R_Finger31" type="NODE">
                                      <matrix sid="matrix">-0.058766864 -0.99827176 -3.4913743e-09 4.4567947 0.99827176 -0.058766864 -1.9425602e-07 -1.5258789e-05 1.937151e-07 -1.4901156e-08 1 0 0 0 0 1</matrix>
                                      <node id="B_R_Finger32"  name="B_R_Finger32" type="NODE">
                                        <matrix sid="matrix">-0.058766864 -0.99827176 6.9565266e-07 4.4568176 0.99827176 -0.058766864 -1.530984e-07 0 1.9371511e-07 6.8545324e-07 1 -1.1444092e-05 0 0 0 1</matrix>
                                      </node>
                                    </node>
                                  </node>
                                  <node id="B_R_Finger4"  name="B_R_Finger4" type="NODE">
                                    <matrix sid="matrix">0.14714396 -0.98122966 0.1246479 11.857224 0.98368686 0.15835428 0.085347071 4.0529175 -0.1034836 0.11005619 0.98852354 -6.5145607 0 0 0 1</matrix>
                                    <node id="B_R_Finger41"  name="B_R_Finger41" type="NODE">
                                      <matrix sid="matrix">-0.18123123 -0.98344052 2.8724907e-07 3.3276825 0.98344052 -0.18123123 8.256909e-07 1.5258789e-05 -7.5995933e-07 4.3213333e-07 1 2.6702881e-05 0 0 0 1</matrix>
                                      <node id="B_R_Finger42"  name="B_R_Finger42" type="NODE">
                                        <matrix sid="matrix">0.0019770411 -0.99999803 3.1439669e-07 3.3276978 0.99999803 0.0019770411 7.4443813e-07 4.5776367e-05 -7.4505829e-07 3.129243e-07 1 -7.6293945e-06 0 0 0 1</matrix>
                                      </node>
                                    </node>
                                  </node>
                                </node>
                              </node>
                            </node>
                          </node>
                        </node>
                        <node id="B_Neck"  name="B_Neck" type="NODE">
                          <matrix sid="matrix">0.9745459 -0.20556867 -0.08945287 27.039764 0.20928559 0.97725385 0.034271009 1.1282327 0.080373116 -0.052119866 0.99540126 0.00061225891 0 0 0 1</matrix>
                          <node id="B_Head"  name="B_Head" type="NODE">
                            <matrix sid="matrix">0.98408651 0.17358992 -0.037950236 10.019333 -0.16961537 0.85404325 -0.49177301 1.4083138 -0.052955694 0.49038413 0.86989599 -9.5367432e-07 0 0 0 1</matrix>
                          </node>
                        </node>
                      </node>
                    </node>
                  </node>
                  <node id="B_L_Thigh"  name="B_L_Thigh" type="NODE">
                    <matrix sid="matrix">-0.7835905 0.6211642 -0.011870921 -7.6293945e-06 0.49508166 0.63585448 0.59210062 1.7166138e-05 0.37533993 0.45808738 -0.80577654 11.161456 0 0 0 1</matrix>
                    <node id="B_L_Calf"  name="B_L_Calf" type="NODE">
                      <matrix sid="matrix">0.30466264 0.95246035 8.8877573e-07 50.282768 -0.95246035 0.30466264 7.3733927e-06 7.6293945e-06 6.7520873e-06 -3.0929209e-06 1 2.8610229e-06 0 0 0 1</matrix>
                      <node id="B_L_Foot"  name="B_L_Foot" type="NODE">
                        <matrix sid="matrix">0.96093082 0.24332845 -0.13192122 39.728134 -0.21882693 0.95971692 0.17623311 -3.8146973e-06 0.16948958 -0.14047992 0.97546846 -2.8610229e-06 0 0 0 1</matrix>
                        <node id="B_L_Toe0"  name="B_L_Toe0" type="NODE">
                          <matrix sid="matrix">-0.00063471391 -0.99999982 -0.00021279087 18.214443 0.99999982 -0.000634678 -0.00016891335 14.545956 0.00016877825 -0.00021289804 1 0.020650864 0 0 0 1</matrix>
                        </node>
                      </node>
                    </node>
                  </node>
                  <node id="B_R_Thigh"  name="B_R_Thigh" type="NODE">
                    <matrix sid="matrix">-0.92977774 0.34973139 -0.11489713 0 0.28465372 0.48513335 -0.82681191 -1.2397766e-05 -0.23342165 -0.80145717 -0.55061853 -11.161448 0 0 0 1</matrix>
                    <node id="B_R_Calf"  name="B_R_Calf" type="NODE">
                      <matrix sid="matrix">0.75415123 0.65670079 -9.6184749e-08 50.282738 -0.65670079 0.75415123 -4.7621015e-06 3.8146973e-06 -3.054738e-06 3.6545093e-06 1 0 0 0 0 1</matrix>
                      <node id="B_R_Foot"  name="B_R_Foot" type="NODE">
                        <matrix sid="matrix">0.9530744 0.26208764 -0.15152285 39.728134 -0.25251025 0.96430844 0.079673007 -1.9073486e-06 0.16699608 -0.037673239 0.98523754 6.6757202e-06 0 0 0 1</matrix>
                        <node id="B_R_Toe0"  name="B_R_Toe0" type="NODE">
                          <matrix sid="matrix">-0.4149873 -0.90982711 0.00021254686 18.214439 0.90982717 -0.41498724 0.00016868186 14.545954 -6.5267093e-05 0.00026338175 0.99999994 -0.020651817 0 0 0 1</matrix>
                        </node>
                      </node>
                    </node>
                  </node>
                </node>
              </node>
            </node>
          </node>
        </node>
      </node>
      <node id="Exporter_aAssimpFbxa_PreRotation"  name="Exporter_$AssimpFbx$_PreRotation" type="NODE">
        <matrix sid="matrix">1 0 0 0 0 -4.3711388e-08 1 0 0 -1 -4.3711388e-08 0 0 0 0 1</matrix>
        <node id="Exporter"  name="Exporter" type="NODE">
          <matrix sid="matrix">1 0 0 0 0 1 0 0 0 0 1 0 0 0 0 1</matrix>
        </node>
      </node>
    </visual_scene>
  </library_visual_scenes>
  <library_animations>
    <animation id="TakeW001AnimId0" name="Take 001">
      <source id="B_Head_matrix-input" name="B_Head_matrix-input">
        <float_array id="B_Head_matrix-input-array" count="13"> 0 1 2 3 4 5 6 7 8 9 10 11 12 </float_array>
        <technique_common>
          <accessor count="13" offset="0" source="#B_Head_matrix-input-array" stride="1">
            <param name="TIME" type="float" />
          </accessor>
        </technique_common>
      </source>
      <source id="B_Head_matrix-output" name="B_Head_matrix-output">
        <float_array id="B_Head_matrix-output-array" count="208"> 0.98408663 0.1735899 -0.037950236 10.019333 -0.16961537 0.85404313 -0.49177304 1.4083138 -0.052955702 0.49038407 0.86989611 -9.5367432e-07 0 0 0 1 0.98814404 0.13742441 -0.068452798 10.019287 -0.15332945 0.86059409 -0.48566195 1.4083214 -0.007831729 0.49039975 0.87146229 0 0 0 0 1 0.98991454 0.10121268 -0.099121585 10.019318 -0.13666606 0.86652237 -0.48006392 1.4083157 0.037302516 0.48876882 0.87161547 0 0 0 0 1 0.98999208 0.088457577 -0.1099582 10.019302 -0.13071381 0.8684603 -0.47821608 1.4083118 0.053192481 0.48780319 0.87133163 3.8146973e-06 0 0 0 1 0.98988599 0.10268115 -0.097888432 10.019302 -0.13735515 0.86629266 -0.48028174 1.4083138 0.035484139 0.48886967 0.87163484 -7.6293945e-06 0 0 0 1 0.98881137 0.12818977 -0.07628721 10.019302 -0.14912626 0.86216253 -0.48418689 1.4083138 0.0037041646 0.4901458 0.87163258 -7.6293945e-06 0 0 0 1 0.98593313 0.15954174 -0.049822345 10.019287 -0.16335061 0.8566578 -0.48934013 1.4083195 -0.035389483 0.49059522 0.87066847 7.6293945e-06 0 0 0 1 0.98126566 0.19126551 -0.023140345 10.019318 -0.17746922 0.8506031 -0.49495375 1.408308 -0.07498432 0.48978764 0.8686114 -7.6293945e-06 0 0 0 1 0.97596294 0.21793431 -0.00078590581 10.019302 -0.18912184 0.84513116 -0.49998644 1.4083138 -0.10829998 0.48811704 0.86603284 3.8146973e-06 0 0 0 1 0.9720974 0.2342262 0.012837162 10.019318 -0.19614121 0.84161448 -0.50320381 1.4083138 -0.12866741 0.48664525 0.86407256 0 0 0 0 1 0.9738214 0.2272072 0.0069818757 10.019302 -0.19312127 0.84314716 -0.50180352 1.4083138 -0.11990014 0.48731861 0.86495346 7.6293945e-06 0 0 0 1 0.97958243 0.20045175 -0.015403523 10.019318 -0.18149163 0.84876198 -0.49665263 1.4083138 -0.08648096 0.48930785 0.86781263 7.6293945e-06 0 0 0 1 0.98408663 0.1735899 -0.037950236 10.019333 -0.16961537 0.85404313 -0.49177304 1.4083138 -0.052955702 0.49038407 0.86989611 0 0 0 0 1 </float_array>
        <technique_common>
          <accessor count="13" offset="0" source="#B_Head_matrix-output-array" stride="16">
            <param name="TRANSFORM" type="float4x4" />
          </accessor>
        </technique_common>
      </source>
      <source id="B_Head_matrix-interpolation">
        <Name_array id="B_Head_matrix-interpolation-array" count="13"> LINEAR LINEAR LINEAR LINEAR LINEAR LINEAR LINEAR LINEAR LINEAR LINEAR LINEAR LINEAR LINEAR </Name_array>
        <technique_common>
          <accessor source="#B_Head_matrix-interpolation-array" count="13" stride="1">
            <param name="INTERPOLATION" type="name"></param>
          </accessor>
        </technique_common>
      </source>
      <source id="B_L_Calf_matrix-input" name="B_L_Calf_matrix-input">
        <float_array id="B_L_Calf_matrix-input-array" count="13"> 0 1 2 3 4 5 6 7 8 9 10 11 12 </float_array>
        <technique_common>
          <accessor count="13" offset="0" source="#B_L_Calf_matrix-input-array" stride="1">
            <param name="TIME" type="float" />
          </accessor>
        </technique_common>
      </source>
      <source id="B_L_Calf_matrix-output" name="B_L_Calf_matrix-output">
        <float_array id="B_L_Calf_matrix-output-array" count="208"> 0.3046627 0.95246065 8.8877607e-07 50.282768 -0.95246053 0.30466276 7.3733936e-06 7.6293945e-06 6.7520891e-06 -3.0929223e-06 1.0000001 2.8610229e-06 0 0 0 1 0.4914037 0.87093204 7.7899153e-07 50.282753 -0.87093204 0.4914037 7.6254928e-06 7.6293945e-06 6.2584868e-06 -4.4256444e-06 1 1.9073486e-06 0 0 0 1 0.6577422 0.75324357 7.0384073e-07 50.282749 -0.75324345 0.65774226 7.7561454e-06 -7.6293945e-06 5.3793196e-06 -5.6317076e-06 1.0000001 5.7220459e-06 0 0 0 1 0.7655108 0.64342338 6.7627934e-07 50.282749 -0.64342326 0.76551086 7.8449939e-06 0 4.5299525e-06 -6.4405613e-06 1 3.8146973e-06 0 0 0 1 0.72235376 0.69152409 7.107576e-07 50.282745 -0.69152409 0.72235376 7.8533803e-06 0 4.9173836e-06 -6.1644246e-06 1 3.8146973e-06 0 0 0 1 0.76306075 0.64632696 6.2267617e-07 50.282745 -0.64632696 0.76306075 7.7842478e-06 0 4.5560305e-06 -6.3423067e-06 0.99999994 7.6293945e-06 0 0 0 1 0.83227223 0.55436748 5.4159204e-07 50.282757 -0.55436754 0.83227217 7.9210586e-06 -7.6293945e-06 3.9404258e-06 -6.8927179e-06 1 7.6293945e-06 0 0 0 1 0.78376645 0.6210562 6.0257372e-07 50.282749 -0.62105632 0.78376633 7.9164292e-06 -7.6293945e-06 4.4442709e-06 -6.5788622e-06 1.0000001 1.1444092e-05 0 0 0 1 0.69418484 0.71979707 6.6241569e-07 50.282745 -0.71979696 0.69418496 7.6257343e-06 0 5.0291414e-06 -5.7704747e-06 1 3.8146973e-06 0 0 0 1 0.5940969 0.80439377 7.3170577e-07 50.282757 -0.80439377 0.5940969 7.7002132e-06 -1.5258789e-05 5.7592993e-06 -5.1632524e-06 1 7.6293945e-06 0 0 0 1 0.50188035 0.86493737 8.5253373e-07 50.282761 -0.86493719 0.50188047 7.6012439e-06 0 6.146729e-06 -4.5523047e-06 1 3.8146973e-06 0 0 0 1 0.40563896 0.91403365 8.5771347e-07 50.282753 -0.91403365 0.40563896 7.5150879e-06 0 6.5211211e-06 -3.8323915e-06 0.99999994 7.6293945e-06 0 0 0 1 0.30466253 0.95246059 8.9061672e-07 50.282753 -0.95246035 0.30466259 7.3309579e-06 1.5258789e-05 6.71111e-06 -3.0817459e-06 0.99999994 3.8146973e-06 0 0 0 1 </float_array>
        <technique_common>
          <accessor count="13" offset="0" source="#B_L_Calf_matrix-output-array" stride="16">
            <param name="TRANSFORM" type="float4x4" />
          </accessor>
        </technique_common>
      </source>
      <source id="B_L_Calf_matrix-interpolation">
        <Name_array id="B_L_Calf_matrix-interpolation-array" count="13"> LINEAR LINEAR LINEAR LINEAR LINEAR LINEAR LINEAR LINEAR LINEAR LINEAR LINEAR LINEAR LINEAR </Name_array>
        <technique_common>
          <accessor source="#B_L_Calf_matrix-interpolation-array" count="13" stride="1">
            <param name="INTERPOLATION" type="name"></param>
          </accessor>
        </technique_common>
      </source>
      <source id="B_L_Clavicle_matrix-input" name="B_L_Clavicle_matrix-input">
        <float_array id="B_L_Clavicle_matrix-input-array" count="13"> 0 1 2 3 4 5 6 7 8 9 10 11 12 </float_array>
        <technique_common>
          <accessor count="13" offset="0" source="#B_L_Clavicle_matrix-input-array" stride="1">
            <param name="TIME" type="float" />
          </accessor>
        </technique_common>
      </source>
      <source id="B_L_Clavicle_matrix-output" name="B_L_Clavicle_matrix-output">
        <float_array id="B_L_Clavicle_matrix-output-array" count="208"> -0.017590642 -0.00078421831 0.99984509 17.736847 -0.17375694 -0.98478115 -0.0038293754 0.073140621 0.98463148 -0.17379735 0.017186644 5.0180159 0 0 0 1 -0.01759064 -0.0007842257 0.99984503 17.736862 -0.17375694 -0.98478121 -0.0038293675 0.073139787 0.98463148 -0.17379735 0.017186522 5.018013 0 0 0 1 -0.017590877 -0.00078409142 0.99984485 17.736862 -0.17375705 -0.98478109 -0.0038292625 0.073140621 0.98463136 -0.17379744 0.017186638 5.018013 0 0 0 1 -0.017590879 -0.00078421074 0.99984473 17.736862 -0.17375703 -0.98478109 -0.0038294038 0.073142052 0.98463142 -0.17379744 0.017186817 5.0180244 0 0 0 1 -0.017590644 -0.00078421831 0.99984509 17.736847 -0.17375696 -0.98478115 -0.0038293754 0.073141098 0.9846316 -0.17379735 0.017186644 5.0180168 0 0 0 1 -0.01759064 -0.00078422565 0.99984497 17.736862 -0.17375694 -0.98478115 -0.0038293672 0.073137283 0.98463142 -0.17379735 0.017186521 5.018013 0 0 0 1 -0.017590642 -0.00078433752 0.99984509 17.736847 -0.17375693 -0.98478115 -0.0038294946 0.073143005 0.98463148 -0.17379735 0.017186644 5.0180168 0 0 0 1 -0.017590642 -0.00078421831 0.99984497 17.736847 -0.17375694 -0.98478115 -0.0038293749 0.073141098 0.98463148 -0.17379735 0.017186642 5.0180206 0 0 0 1 -0.017590642 -0.00078421825 0.99984497 17.736847 -0.17375694 -0.98478109 -0.0038293749 0.073139191 0.98463148 -0.17379734 0.017186642 5.0180054 0 0 0 1 -0.017590642 -0.00078433746 0.99984509 17.736847 -0.17375693 -0.98478109 -0.0038294946 0.073143005 0.98463148 -0.17379734 0.017186644 5.0180206 0 0 0 1 -0.017590642 -0.0007842257 0.99984497 17.736877 -0.17375696 -0.98478121 -0.0038293672 0.073143005 0.98463154 -0.17379735 0.017186521 5.018013 0 0 0 1 -0.017590644 -0.00078421825 0.99984521 17.736862 -0.17375696 -0.98478109 -0.0038293758 0.073143005 0.9846316 -0.17379734 0.017186645 5.0180206 0 0 0 1 -0.017590642 -0.00078421831 0.99984509 17.736847 -0.17375694 -0.98478115 -0.0038293754 0.07314682 0.98463148 -0.17379735 0.017186644 5.0180206 0 0 0 1 </float_array>
        <technique_common>
          <accessor count="13" offset="0" source="#B_L_Clavicle_matrix-output-array" stride="16">
            <param name="TRANSFORM" type="float4x4" />
          </accessor>
        </technique_common>
      </source>
      <source id="B_L_Clavicle_matrix-interpolation">
        <Name_array id="B_L_Clavicle_matrix-interpolation-array" count="13"> LINEAR LINEAR LINEAR LINEAR LINEAR LINEAR LINEAR LINEAR LINEAR LINEAR LINEAR LINEAR LINEAR </Name_array>
        <technique_common>
          <accessor source="#B_L_Clavicle_matrix-interpolation-array" count="13" stride="1">
            <param name="INTERPOLATION" type="name"></param>
          </accessor>
        </technique_common>
      </source>
      <source id="B_L_Finger0_matrix-input" name="B_L_Finger0_matrix-input">
        <float_array id="B_L_Finger0_matrix-input-array" count="13"> 0 1 2 3 4 5 6 7 8 9 10 11 12 </float_array>
        <technique_common>
          <accessor count="13" offset="0" source="#B_L_Finger0_matrix-input-array" stride="1">
            <param name="TIME" type="float" />
          </accessor>
        </technique_common>
      </source>
      <source id="B_L_Finger0_matrix-output" name="B_L_Finger0_matrix-output">
        <float_array id="B_L_Finger0_matrix-output-array" count="208"> 0.80900669 0.13246366 0.57267964 1.4603348 0.15583244 0.89108151 -0.42625144 1.9355469 -0.56676686 0.43408221 0.70024884 -2.4376526 0 0 0 1 0.80900669 0.13246354 0.57267958 1.4603271 0.15583248 0.89108145 -0.42625132 1.9355469 -0.56676686 0.43408209 0.70024878 -2.4376526 0 0 0 1 0.80900669 0.13246371 0.57267964 1.4603271 0.15583245 0.89108151 -0.42625153 1.9355469 -0.56676686 0.43408224 0.70024878 -2.4376526 0 0 0 1 0.80900669 0.13246354 0.57267964 1.4603271 0.15583248 0.89108145 -0.42625129 1.9355469 -0.56676692 0.43408206 0.70024878 -2.4376526 0 0 0 1 0.80900657 0.13246368 0.57267964 1.4603271 0.15583239 0.89108139 -0.42625147 1.9355316 -0.5667668 0.43408212 0.70024884 -2.437645 0 0 0 1 0.80900669 0.13246357 0.57267976 1.460331 0.15583251 0.89108139 -0.42625153 1.9355469 -0.56676686 0.43408218 0.70024896 -2.4376678 0 0 0 1 0.80900657 0.13246349 0.57267964 1.460331 0.15583251 0.89108157 -0.42625132 1.9355469 -0.5667668 0.43408215 0.7002489 -2.4376602 0 0 0 1 0.80900657 0.13246383 0.57267952 1.4603271 0.15583238 0.89108145 -0.42625156 1.9355469 -0.56676686 0.43408227 0.70024866 -2.4376526 0 0 0 1 0.80900687 0.13246368 0.57267976 1.4603271 0.15583259 0.89108145 -0.42625162 1.9355469 -0.56676698 0.43408233 0.70024884 -2.4376602 0 0 0 1 0.80900669 0.13246383 0.57267958 1.460331 0.15583238 0.89108133 -0.42625162 1.9355469 -0.56676692 0.43408221 0.70024872 -2.4376602 0 0 0 1 0.80900657 0.13246369 0.57267964 1.4603271 0.15583244 0.89108139 -0.42625153 1.9355469 -0.5667668 0.43408218 0.70024878 -2.4376678 0 0 0 1 0.80900669 0.13246369 0.57267958 1.4603348 0.15583244 0.89108151 -0.42625147 1.9355316 -0.56676686 0.43408224 0.70024878 -2.4376602 0 0 0 1 0.80900669 0.13246366 0.57267964 1.4603271 0.15583244 0.89108151 -0.42625144 1.9355469 -0.56676686 0.43408221 0.70024884 -2.4376602 0 0 0 1 </float_array>
        <technique_common>
          <accessor count="13" offset="0" source="#B_L_Finger0_matrix-output-array" stride="16">
            <param name="TRANSFORM" type="float4x4" />
          </accessor>
        </technique_common>
      </source>
      <source id="B_L_Finger0_matrix-interpolation">
        <Name_array id="B_L_Finger0_matrix-interpolation-array" count="13"> LINEAR LINEAR LINEAR LINEAR LINEAR LINEAR LINEAR LINEAR LINEAR LINEAR LINEAR LINEAR LINEAR </Name_array>
        <technique_common>
          <accessor source="#B_L_Finger0_matrix-interpolation-array" count="13" stride="1">
            <param name="INTERPOLATION" type="name"></param>
          </accessor>
        </technique_common>
      </source>
      <source id="B_L_Finger01_matrix-input" name="B_L_Finger01_matrix-input">
        <float_array id="B_L_Finger01_matrix-input-array" count="13"> 0 1 2 3 4 5 6 7 8 9 10 11 12 </float_array>
        <technique_common>
          <accessor count="13" offset="0" source="#B_L_Finger01_matrix-input-array" stride="1">
            <param name="TIME" type="float" />
          </accessor>
        </technique_common>
      </source>
      <source id="B_L_Finger01_matrix-output" name="B_L_Finger01_matrix-output">
        <float_array id="B_L_Finger01_matrix-output-array" count="208"> 0.80299318 -0.59598833 -1.2362956e-07 3.7140045 0.59598845 0.802993 1.0304674e-08 0 9.3132257e-08 -8.1956394e-08 0.99999964 -2.6702881e-05 0 0 0 1 0.80299318 -0.59598833 -2.3856308e-07 3.7140045 0.59598845 0.802993 -1.3994953e-07 -1.5258789e-05 2.7497293e-07 -2.9802321e-08 0.9999997 -2.6702881e-05 0 0 0 1 0.802993 -0.59598827 -2.1519531e-07 3.7140045 0.59598833 0.80299294 4.4407454e-08 -1.5258789e-05 1.4633405e-07 -1.6391277e-07 0.99999976 -2.2888184e-05 0 0 0 1 0.80299336 -0.59598827 -8.7918458e-08 3.7140007 0.59598833 0.8029933 -7.4532316e-08 1.5258789e-05 1.1501834e-07 7.450585e-09 0.99999988 -1.9073486e-05 0 0 0 1 0.80299318 -0.59598833 4.3281798e-08 3.7139969 0.59598845 0.802993 1.3567105e-08 1.5258789e-05 -4.2840835e-08 1.4901161e-08 0.99999976 -2.2888184e-05 0 0 0 1 0.80299312 -0.59598821 -1.0320264e-07 3.7140083 0.59598821 0.80299306 -7.6597885e-08 -1.5258789e-05 1.2852249e-07 1.0658139e-14 0.99999958 -2.2888184e-05 0 0 0 1 0.8029933 -0.59598809 -6.9549628e-08 3.7140007 0.59598809 0.8029933 -5.1620297e-08 0 8.6612999e-08 0 0.99999964 -1.1444092e-05 0 0 0 1 0.80299318 -0.59598821 -3.3932711e-08 3.7140007 0.59598839 0.80299294 -8.0856204e-08 0 7.5437121e-08 4.4703484e-08 0.99999964 -1.5258789e-05 0 0 0 1 0.8029933 -0.59598815 -9.2827058e-08 3.7139969 0.59598827 0.80299306 -1.3225964e-08 0 8.2422041e-08 -4.4703476e-08 0.99999976 -7.6293945e-06 0 0 0 1 0.8029933 -0.59598827 3.9871392e-08 3.7140045 0.59598833 0.80299318 -1.0958475e-07 0 3.3294778e-08 1.1175872e-07 0.99999976 -3.0517578e-05 0 0 0 1 0.80299324 -0.59598809 -8.2122661e-08 3.7140121 0.59598815 0.80299318 -7.023062e-08 0 1.0780059e-07 7.4505904e-09 0.9999997 -2.2888184e-05 0 0 0 1 0.80299318 -0.59598827 -1.1535563e-07 3.7140198 0.59598839 0.80299294 -4.8503896e-08 -1.5258789e-05 1.215376e-07 -2.9802326e-08 0.99999964 -3.0517578e-05 0 0 0 1 0.80299318 -0.59598833 -1.2362956e-07 3.7140121 0.59598845 0.802993 1.0304674e-08 1.5258789e-05 9.3132257e-08 -8.1956394e-08 0.99999964 -3.0517578e-05 0 0 0 1 </float_array>
        <technique_common>
          <accessor count="13" offset="0" source="#B_L_Finger01_matrix-output-array" stride="16">
            <param name="TRANSFORM" type="float4x4" />
          </accessor>
        </technique_common>
      </source>
      <source id="B_L_Finger01_matrix-interpolation">
        <Name_array id="B_L_Finger01_matrix-interpolation-array" count="13"> LINEAR LINEAR LINEAR LINEAR LINEAR LINEAR LINEAR LINEAR LINEAR LINEAR LINEAR LINEAR LINEAR </Name_array>
        <technique_common>
          <accessor source="#B_L_Finger01_matrix-interpolation-array" count="13" stride="1">
            <param name="INTERPOLATION" type="name"></param>
          </accessor>
        </technique_common>
      </source>
      <source id="B_L_Finger02_matrix-input" name="B_L_Finger02_matrix-input">
        <float_array id="B_L_Finger02_matrix-input-array" count="13"> 0 1 2 3 4 5 6 7 8 9 10 11 12 </float_array>
        <technique_common>
          <accessor count="13" offset="0" source="#B_L_Finger02_matrix-input-array" stride="1">
            <param name="TIME" type="float" />
          </accessor>
        </technique_common>
      </source>
      <source id="B_L_Finger02_matrix-output" name="B_L_Finger02_matrix-output">
        <float_array id="B_L_Finger02_matrix-output-array" count="208"> 0.55218482 -0.8337217 9.7046367e-08 5.5299292 0.833722 0.55218464 2.5090223e-08 1.5258789e-05 -7.4505806e-08 6.7055225e-08 1 2.2888184e-05 0 0 0 1 0.55218476 -0.83372164 3.3637036e-08 5.529932 0.83372194 0.55218458 1.5198407e-07 1.5258789e-05 -1.4528632e-07 -5.5879351e-08 0.99999994 2.2888184e-05 0 0 0 1 0.55218464 -0.83372217 -1.1949727e-08 5.5299377 0.833722 0.55218476 2.2436316e-08 3.0517578e-05 -1.2107193e-08 -2.235174e-08 1.0000001 1.5258789e-05 0 0 0 1 0.552185 -0.83372188 1.4358768e-08 5.5299377 0.83372205 0.55218488 3.517264e-08 0 -3.7252903e-08 -7.4505815e-09 1 1.5258789e-05 0 0 0 1 0.55218494 -0.8337217 1.0163542e-08 5.5299377 0.83372194 0.55218476 5.5824255e-08 0 -5.2154064e-08 -2.2351738e-08 0.99999994 3.0517578e-05 0 0 0 1 0.55218488 -0.83372194 8.1470537e-09 5.5299377 0.83372211 0.55218476 3.9286739e-08 4.5776367e-05 -3.7252903e-08 -1.4901165e-08 1 1.5258789e-05 0 0 0 1 0.55218488 -0.833722 -8.2687578e-08 5.5299377 0.83372211 0.55218482 1.008241e-08 1.5258789e-05 3.7252907e-08 -7.4505799e-08 1 3.0517578e-05 0 0 0 1 0.552185 -0.8337217 -6.8328809e-08 5.5299454 0.83372205 0.55218476 4.5255067e-08 -1.5258789e-05 0 -8.1956372e-08 0.99999994 2.2888184e-05 0 0 0 1 0.55218506 -0.83372176 7.127241e-08 5.5299301 0.83372217 0.55218482 6.414524e-09 0 -4.4703491e-08 5.5879354e-08 1 3.0517578e-05 0 0 0 1 0.55218488 -0.83372188 4.4104837e-08 5.5299377 0.83372188 0.55218488 1.0707086e-07 1.5258789e-05 -1.1362134e-07 -2.235174e-08 1 2.2888184e-05 0 0 0 1 0.552185 -0.83372164 2.6014424e-08 5.5299225 0.83372176 0.55218494 1.1011587e-07 1.5258789e-05 -1.0617078e-07 -3.9115545e-08 0.99999994 3.8146973e-05 0 0 0 1 0.55218476 -0.833722 1.4443957e-07 5.5299377 0.83372217 0.55218464 6.9661596e-08 1.5258789e-05 -1.3783574e-07 8.1956379e-08 1 3.0517578e-05 0 0 0 1 0.55218482 -0.8337217 9.7046367e-08 5.5299072 0.833722 0.55218464 2.5090223e-08 0 -7.4505806e-08 6.7055225e-08 1 3.0517578e-05 0 0 0 1 </float_array>
        <technique_common>
          <accessor count="13" offset="0" source="#B_L_Finger02_matrix-output-array" stride="16">
            <param name="TRANSFORM" type="float4x4" />
          </accessor>
        </technique_common>
      </source>
      <source id="B_L_Finger02_matrix-interpolation">
        <Name_array id="B_L_Finger02_matrix-interpolation-array" count="13"> LINEAR LINEAR LINEAR LINEAR LINEAR LINEAR LINEAR LINEAR LINEAR LINEAR LINEAR LINEAR LINEAR </Name_array>
        <technique_common>
          <accessor source="#B_L_Finger02_matrix-interpolation-array" count="13" stride="1">
            <param name="INTERPOLATION" type="name"></param>
          </accessor>
        </technique_common>
      </source>
      <source id="B_L_Finger1_matrix-input" name="B_L_Finger1_matrix-input">
        <float_array id="B_L_Finger1_matrix-input-array" count="13"> 0 1 2 3 4 5 6 7 8 9 10 11 12 </float_array>
        <technique_common>
          <accessor count="13" offset="0" source="#B_L_Finger1_matrix-input-array" stride="1">
            <param name="TIME" type="float" />
          </accessor>
        </technique_common>
      </source>
      <source id="B_L_Finger1_matrix-output" name="B_L_Finger1_matrix-output">
