<?xml version="1.0" encoding="UTF-8" standalone="no" ?>
<COLLADA xmlns="http://www.collada.org/2005/11/COLLADASchema" version="1.4.1">
  <asset>
    <contributor>
      <author>Assimp</author>
      <authoring_tool>FBX SDK/FBX Plugins version 2013.1</authoring_tool>
    </contributor>
    <created>2020-08-21T10:31:48</created>
    <modified>2020-08-21T10:31:48</modified>
    <unit name="meter" meter="1" />
    <up_axis>Y_UP</up_axis>
  </asset>
  <library_geometries>
  </library_geometries>
  <library_controllers>
  </library_controllers>
  <library_visual_scenes>
    <visual_scene id="RootNode" name="RootNode">
      <node id="Motion_aAssimpFbxa_Translation"  name="Motion_$AssimpFbx$_Translation" type="NODE">
        <matrix sid="matrix">1 0 0 9.92585e-07 0 1 0 0 0 0 1 -0.17328988 0 0 0 1</matrix>
        <node id="Motion_aAssimpFbxa_PreRotation"  name="Motion_$AssimpFbx$_PreRotation" type="NODE">
          <matrix sid="matrix">1 0 0 0 0 -4.3711388e-08 1 0 0 -1 -4.3711388e-08 0 0 0 0 1</matrix>
          <node id="Motion_aAssimpFbxa_Rotation"  name="Motion_$AssimpFbx$_Rotation" type="NODE">
            <matrix sid="matrix">1.3868001e-06 1 0 0 -1 1.3868001e-06 0 0 0 0 1 0 0 0 0 1</matrix>
            <node id="Motion_aAssimpFbxa_Scaling"  name="Motion_$AssimpFbx$_Scaling" type="NODE">
              <matrix sid="matrix">1 0 0 0 0 1 0 0 0 0 1 0 0 0 0 1</matrix>
              <node id="Motion"  name="Motion" type="NODE">
                <matrix sid="matrix">1 0 0 0 0 1 0 0 0 0 1 0 0 0 0 1</matrix>
                <node id="B_Pelvis"  name="B_Pelvis" type="NODE">
                  <matrix sid="matrix">-4.3711388e-08 0.60876256 0.79335248 0.17328988 0 -0.79335248 0.60876256 -1.2122457e-06 1 2.6609857e-08 3.4678539e-08 102.41797 0 0 0 1</matrix>
                  <node id="B_Spine"  name="B_Spine" type="NODE">
                    <matrix sid="matrix">0.99823147 0.047404028 -0.035873108 7.6763 -0.037805345 0.97190607 0.23231287 -1.6268318 0.045877859 -0.2305458 0.97197938 0.0023477182 0 0 0 1</matrix>
                    <node id="B_Spine1"  name="B_Spine1" type="NODE">
                      <matrix sid="matrix">0.99970514 -0.024198715 0.0019994134 12.747765 0.024175953 0.99965024 0.010716199 -0.014275789 -0.0022580323 -0.010664702 0.99994057 0.00015211105 0 0 0 1</matrix>
                      <node id="B_Spine2"  name="B_Spine2" type="NODE">
                        <matrix sid="matrix">0.9988209 -0.048403606 0.0037315562 17.935432 0.048312016 0.99859816 0.02162572 -0.026443958 -0.0047730878 -0.021419942 0.9997592 0.00054836273 0 0 0 1</matrix>
                        <node id="B_L_Clavicle"  name="B_L_Clavicle" type="NODE">
                          <matrix sid="matrix">-0.017590661 -0.00078421831 0.99984497 17.736847 -0.17375694 -0.98478115 -0.0038293824 0.073141098 0.98463148 -0.17379735 0.017186686 5.0180168 0 0 0 1</matrix>
                          <node id="B_L_UpperArm"  name="B_L_UpperArm" type="NODE">
                            <matrix sid="matrix">0.6765883 0.40229207 0.61675715 17.464661 -0.50647575 0.86222744 -0.00679636 3.8146973e-06 -0.53451908 -0.30777422 0.78712416 1.5258789e-05 0 0 0 1</matrix>
                            <node id="B_L_Forearm"  name="B_L_Forearm" type="NODE">
                              <matrix sid="matrix">-0.13640109 0.98478979 0.10762783 27.628185 -0.99065369 -0.13559367 -0.014819326 -3.8146973e-06 -2.6822096e-07 -0.10864328 0.99408078 -1.5258789e-05 0 0 0 1</matrix>
                              <node id="B_L_ForeArmTwist"  name="B_L_ForeArmTwist" type="NODE">
                                <matrix sid="matrix">1 7.3579301e-08 -2.6177636e-07 11.992638 -4.4703462e-08 0.99408078 0.10864351 -3.8146973e-06 2.6822076e-07 -0.10864351 0.99408078 1.5258789e-05 0 0 0 1</matrix>
                                <node id="B_L_Hand"  name="B_L_Hand" type="NODE">
                                  <matrix sid="matrix">0.96626526 -0.09560214 0.23914787 11.992653 -0.24727412 -0.084708601 0.96523571 0 -0.072020724 -0.99180877 -0.10549091 7.6293945e-06 0 0 0 1</matrix>
                                  <node id="B_L_Finger0"  name="B_L_Finger0" type="NODE">
                                    <matrix sid="matrix">0.80900651 0.13246368 0.57267946 1.4603271 0.15583251 0.89108133 -0.42625144 1.9355469 -0.5667668 0.43408227 0.70024848 -2.4376526 0 0 0 1</matrix>
                                    <node id="B_L_Finger01"  name="B_L_Finger01" type="NODE">
                                      <matrix sid="matrix">0.80299318 -0.59598821 -8.8949001e-08 3.7140121 0.59598821 0.80299318 9.1715975e-08 -7.6293945e-06 1.6763805e-08 -1.2665986e-07 1 -1.9073486e-05 0 0 0 1</matrix>
                                      <node id="B_L_Finger02"  name="B_L_Finger02" type="NODE">
                                        <matrix sid="matrix">0.55218482 -0.83372176 5.284603e-09 5.5299311 0.83372176 0.55218482 -3.9246181e-08 1.5258789e-05 2.9802315e-08 2.6077032e-08 1 2.2888184e-05 0 0 0 1</matrix>
                                      </node>
                                    </node>
                                  </node>
                                  <node id="B_L_Finger1"  name="B_L_Finger1" type="NODE">
                                    <matrix sid="matrix">0.27254894 -0.95552641 0.11263383 11.625465 0.92804092 0.23019092 -0.29283473 3.1205368 0.25388402 0.1843406 0.94950593 -3.0983582 0 0 0 1</matrix>
                                    <node id="B_L_Finger11"  name="B_L_Finger11" type="NODE">
                                      <matrix sid="matrix">-0.25881925 -0.96592575 1.8993771e-07 4.4568253 0.96592575 -0.25881925 9.7174151e-08 0 -4.4703484e-08 2.0861627e-07 1 1.1444092e-05 0 0 0 1</matrix>
                                      <node id="B_L_Finger12"  name="B_L_Finger12" type="NODE">
                                        <matrix sid="matrix">0.57357574 -0.81915253 3.210489e-07 3.3311615 0.81915253 0.57357574 -6.1081955e-08 -1.5258789e-05 -1.3411044e-07 2.9802317e-07 1 -3.0517578e-05 0 0 0 1</matrix>
                                      </node>
                                    </node>
                                  </node>
                                  <node id="B_L_Finger2"  name="B_L_Finger2" type="NODE">
                                    <matrix sid="matrix">0.2580848 -0.96503466 0.045829225 11.814079 0.96096498 0.25152332 -0.11524844 2.4381027 0.099691622 0.073784158 0.99227893 0.83571625 0 0 0 1</matrix>
                                    <node id="B_L_Finger21"  name="B_L_Finger21" type="NODE">
                                      <matrix sid="matrix">-0.62068564 -0.78405952 3.6339742e-07 5.1996307 0.78405952 -0.62068564 6.9117533e-08 7.6293945e-06 1.713633e-07 3.2782546e-07 1 1.9073486e-05 0 0 0 1</matrix>
                                      <node id="B_L_Finger22"  name="B_L_Finger22" type="NODE">
                                        <matrix sid="matrix">0.44828618 -0.89389008 -2.6480148e-08 5.1996231 0.89389008 0.44828618 1.4663991e-07 1.5258789e-05 -1.1920928e-07 -8.9406988e-08 1 0 0 0 0 1</matrix>
                                      </node>
                                    </node>
                                  </node>
                                  <node id="B_L_Finger3"  name="B_L_Finger3" type="NODE">
                                    <matrix sid="matrix">0.13847044 -0.99036652 0.00029714947 11.814064 0.99036658 0.13847046 5.9322432e-05 1.9342422 -9.9897377e-05 0.00028607249 0.99999994 4.600235 0 0 0 1</matrix>
                                    <node id="B_L_Finger31"  name="B_L_Finger31" type="NODE">
                                      <matrix sid="matrix">-0.058766745 -0.99827176 -1.0027255e-06 4.4568024 0.99827176 -0.058766745 -1.2233317e-06 2.2888184e-05 1.1622905e-06 -1.0728838e-06 1 3.8146973e-06 0 0 0 1</matrix>
                                      <node id="B_L_Finger32"  name="B_L_Finger32" type="NODE">
                                        <matrix sid="matrix">-0.058766745 -0.99827176 -1.8812397e-06 4.4567719 0.99827176 -0.058766745 -1.5138797e-06 -1.5258789e-05 1.4007089e-06 -1.9669542e-06 1 3.8146973e-06 0 0 0 1</matrix>
                                      </node>
                                    </node>
                                  </node>
                                  <node id="B_L_Finger4"  name="B_L_Finger4" type="NODE">
                                    <matrix sid="matrix">0.14714396 -0.98122936 -0.12465002 11.857201 0.9836868 0.15835449 -0.085346907 4.0528793 0.10348378 -0.1100583 0.98852324 6.5145111 0 0 0 1</matrix>
                                    <node id="B_L_Finger41"  name="B_L_Finger41" type="NODE">
                                      <matrix sid="matrix">-0.18123145 -0.98344046 -2.0833834e-06 3.327652 0.98344046 -0.18123145 -3.823453e-06 1.5258789e-05 3.3825638e-06 -2.7418134e-06 1 1.5258789e-05 0 0 0 1</matrix>
                                      <node id="B_L_Finger42"  name="B_L_Finger42" type="NODE">
                                        <matrix sid="matrix">0.0019772795 -0.99999803 -2.2563759e-06 3.3276596 0.99999803 0.0019772795 -3.1843936e-06 -3.0517578e-05 3.188849e-06 -2.2500749e-06 1 -1.5258789e-05 0 0 0 1</matrix>
                                      </node>
                                    </node>
                                  </node>
                                </node>
                              </node>
                            </node>
                          </node>
                        </node>
                        <node id="B_R_Clavicle"  name="B_R_Clavicle" type="NODE">
                          <matrix sid="matrix">-0.10452852 -0.00079633901 -0.9945215 17.736847 0.00023395466 -0.99999964 0.00077613571 0.074661732 -0.99452186 -0.00015154463 0.10452867 -5.0179625 0 0 0 1</matrix>
                          <node id="B_R_UpperArm"  name="B_R_UpperArm" type="NODE">
                            <matrix sid="matrix">0.65678829 0.18435103 -0.73119342 17.464649 -0.58112288 0.74166942 -0.33499652 1.0967255e-05 0.48054683 0.64493501 0.59425038 1.5258789e-05 0 0 0 1</matrix>
                            <node id="B_R_Forearm"  name="B_R_Forearm" type="NODE">
                              <matrix sid="matrix">0.12578572 0.99193633 -0.015499586 27.628185 -0.99205744 0.12577038 -0.0019650555 -7.6293945e-06 1.7881395e-07 0.015623656 0.99987793 0 0 0 0 1</matrix>
                              <node id="B_R_ForeArmTwist"  name="B_R_ForeArmTwist" type="NODE">
                                <matrix sid="matrix">1 0 0 11.99263 0 0.99987793 -0.01562384 -7.6293945e-06 0 0.01562384 0.99987793 0 0 0 0 1</matrix>
                                <node id="B_R_Hand"  name="B_R_Hand" type="NODE">
                                  <matrix sid="matrix">0.86458039 -0.066815853 -0.49803257 11.992653 -0.49769521 0.022792302 -0.8670525 0 0.069284156 0.99750501 -0.013548149 -2.2888184e-05 0 0 0 1</matrix>
                                  <node id="B_R_Finger0"  name="B_R_Finger0" type="NODE">
                                    <matrix sid="matrix">0.80900657 0.13246359 -0.57267946 1.4603195 0.15583256 0.89108133 0.42625138 1.9355469 0.56676674 -0.43408227 0.70024854 2.437664 0 0 0 1</matrix>
                                    <node id="B_R_Finger01"  name="B_R_Finger01" type="NODE">
                                      <matrix sid="matrix">0.80299306 -0.59598839 -3.2793335e-07 3.714035 0.59598839 0.80299306 -2.0710686e-08 -1.5258789e-05 2.7567154e-07 -1.7881393e-07 1 0 0 0 0 1</matrix>
                                      <node id="B_R_Finger02"  name="B_R_Finger02" type="NODE">
                                        <matrix sid="matrix">0.55218482 -0.83372176 1.4101505e-07 5.5299339 0.83372176 0.55218482 -1.6488835e-07 0 5.9604631e-08 2.0861616e-07 1 2.2888184e-05 0 0 0 1</matrix>
                                      </node>
                                    </node>
                                  </node>
                                  <node id="B_R_Finger1"  name="B_R_Finger1" type="NODE">
                                    <matrix sid="matrix">0.27254859 -0.95552653 -0.11263389 11.625458 0.92804098 0.23019049 0.29283494 3.1205521 -0.25388429 -0.18434061 0.94950587 3.0983505 0 0 0 1</matrix>
                                    <node id="B_R_Finger11"  name="B_R_Finger11" type="NODE">
                                      <matrix sid="matrix">-0.25881925 -0.96592575 -1.637983e-07 4.4568138 0.96592575 -0.25881925 -3.2801637e-08 0 -1.0710209e-08 -1.667067e-07 1 3.8146973e-06 0 0 0 1</matrix>
                                      <node id="B_R_Finger12"  name="B_R_Finger12" type="NODE">
                                        <matrix sid="matrix">0.57357579 -0.81915247 2.396614e-07 3.3311462 0.81915247 0.57357579 7.5171727e-08 -7.6293945e-06 -1.990411e-07 1.5320255e-07 1 -7.6293945e-06 0 0 0 1</matrix>
                                      </node>
                                    </node>
                                  </node>
                                  <node id="B_R_Finger2"  name="B_R_Finger2" type="NODE">
                                    <matrix sid="matrix">0.25808468 -0.96503472 -0.045829251 11.814056 0.9609651 0.25152323 0.11524826 2.4381104 -0.099691451 -0.073784128 0.99227899 -0.83571625 0 0 0 1</matrix>
                                    <node id="B_R_Finger21"  name="B_R_Finger21" type="NODE">
                                      <matrix sid="matrix">-0.62068546 -0.7840597 -9.3222724e-08 5.1996078 0.7840597 -0.62068546 -2.62851e-08 0 -3.7252903e-08 -8.940696e-08 1 -3.4332275e-05 0 0 0 1</matrix>
                                      <node id="B_R_Finger22"  name="B_R_Finger22" type="NODE">
                                        <matrix sid="matrix">0.44828629 -0.89389002 -3.665998e-08 5.1996002 0.89389002 0.44828629 -6.6200316e-09 1.5258789e-05 2.2351747e-08 -2.9802321e-08 1 2.8610229e-05 0 0 0 1</matrix>
                                      </node>
                                    </node>
                                  </node>
                                  <node id="B_R_Finger3"  name="B_R_Finger3" type="NODE">
                                    <matrix sid="matrix">0.13847044 -0.99036652 -0.00029828481 11.814056 0.99036658 0.13847046 -5.9479655e-05 1.9342651 0.00010021029 -0.00028717512 0.99999994 -4.6002502 0 0 0 1</matrix>
                                    <node id="B_R_Finger31"  name="B_R_Finger31" type="NODE">
                                      <matrix sid="matrix">-0.058766745 -0.99827176 -2.449665e-08 4.4567871 0.99827176 -0.058766745 -9.1003841e-08 0 8.9406967e-08 -2.9802312e-08 1 3.8146973e-06 0 0 0 1</matrix>
                                      <node id="B_R_Finger32"  name="B_R_Finger32" type="NODE">
                                        <matrix sid="matrix">-0.058766864 -0.99827176 6.5102643e-07 4.4568329 0.99827176 -0.058766864 -1.5572546e-07 0 1.937151e-07 6.4074976e-07 1 -1.5258789e-05 0 0 0 1</matrix>
                                      </node>
                                    </node>
                                  </node>
                                  <node id="B_R_Finger4"  name="B_R_Finger4" type="NODE">
                                    <matrix sid="matrix">0.14714384 -0.98122966 0.12464778 11.857224 0.98368686 0.15835415 0.085347086 4.0529022 -0.10348359 0.11005608 0.98852354 -6.5145569 0 0 0 1</matrix>
                                    <node id="B_R_Finger41"  name="B_R_Finger41" type="NODE">
                                      <matrix sid="matrix">-0.18123123 -0.98344052 2.2978317e-07 3.3276672 0.98344052 -0.18123123 8.9086103e-07 3.0517578e-05 -8.3446491e-07 3.8742991e-07 1 3.0517578e-05 0 0 0 1</matrix>
                                      <node id="B_R_Finger42"  name="B_R_Finger42" type="NODE">
                                        <matrix sid="matrix">0.0019769219 -0.99999803 2.2487203e-07 3.327713 0.99999803 0.0019769219 6.8501038e-07 3.0517578e-05 -6.8545364e-07 2.2351738e-07 1 -1.5258789e-05 0 0 0 1</matrix>
                                      </node>
                                    </node>
                                  </node>
                                </node>
                              </node>
                            </node>
                          </node>
                        </node>
                        <node id="B_Neck"  name="B_Neck" type="NODE">
                          <matrix sid="matrix">0.9745459 -0.20556866 -0.089452848 27.039749 0.20928557 0.97725385 0.034271058 1.128233 0.080373079 -0.052119907 0.99540126 0.00061273575 0 0 0 1</matrix>
                          <node id="B_Head"  name="B_Head" type="NODE">
                            <matrix sid="matrix">0.98408651 0.1735899 -0.037950277 10.019318 -0.16961537 0.85404325 -0.49177301 1.4083176 -0.052955657 0.49038416 0.86989599 1.9073486e-06 0 0 0 1</matrix>
                          </node>
                        </node>
                      </node>
                    </node>
                  </node>
                  <node id="B_L_Thigh"  name="B_L_Thigh" type="NODE">
                    <matrix sid="matrix">-0.88179582 0.28007811 -0.37946326 0 0.35161313 0.92662907 -0.13314195 1.7642975e-05 0.31433153 -0.2508283 -0.91557682 11.161455 0 0 0 1</matrix>
                    <node id="B_L_Calf"  name="B_L_Calf" type="NODE">
                      <matrix sid="matrix">0.87464172 0.48476994 3.7989616e-07 50.282757 -0.48476994 0.87464172 8.0012142e-06 0 3.5464752e-06 -7.1823579e-06 1 1.1444092e-05 0 0 0 1</matrix>
                      <node id="B_L_Foot"  name="B_L_Foot" type="NODE">
                        <matrix sid="matrix">0.90703005 -0.23338673 -0.35046691 39.72813 0.18249907 0.96799171 -0.17229661 -2.3841858e-06 0.37946084 0.092318326 0.92059046 0 0 0 0 1</matrix>
                        <node id="B_L_Toe0"  name="B_L_Toe0" type="NODE">
                          <matrix sid="matrix">-4.3711388e-08 -1 -5.6529188e-08 18.214443 1 -4.3711388e-08 -2.4709694e-15 14.545952 0 -5.6529188e-08 1 0.020652771 0 0 0 1</matrix>
                        </node>
                      </node>
                    </node>
                  </node>
                  <node id="B_R_Thigh"  name="B_R_Thigh" type="NODE">
                    <matrix sid="matrix">-0.87342423 0.429526 0.22942874 0 0.18168961 0.72456932 -0.66482186 -1.1920929e-05 -0.45179531 -0.53898674 -0.71089679 -11.161448 0 0 0 1</matrix>
                    <node id="B_R_Calf"  name="B_R_Calf" type="NODE">
                      <matrix sid="matrix">0.69287753 0.72105527 -1.0647705e-07 50.282753 -0.72105527 0.69287753 -4.8141101e-06 3.8146973e-06 -3.3974641e-06 3.4123648e-06 1 0 0 0 0 1</matrix>
                      <node id="B_R_Foot"  name="B_R_Foot" type="NODE">
                        <matrix sid="matrix">0.91488832 -0.31722784 0.24969161 39.728138 0.33217818 0.94302458 -0.019032657 -2.8610229e-06 -0.22942764 0.10035486 0.96813834 1.9073486e-06 0 0 0 1</matrix>
                        <node id="B_R_Toe0"  name="B_R_Toe0" type="NODE">
                          <matrix sid="matrix">-4.3711388e-08 -1 5.8227153e-07 18.214439 1 -4.3711761e-08 -6.4074982e-07 14.545959 6.4074982e-07 5.8227153e-07 1 -0.020650864 0 0 0 1</matrix>
                        </node>
                      </node>
                    </node>
                  </node>
                </node>
              </node>
            </node>
          </node>
        </node>
      </node>
      <node id="Exporter_aAssimpFbxa_PreRotation"  name="Exporter_$AssimpFbx$_PreRotation" type="NODE">
        <matrix sid="matrix">1 0 0 0 0 -4.3711388e-08 1 0 0 -1 -4.3711388e-08 0 0 0 0 1</matrix>
        <node id="Exporter"  name="Exporter" type="NODE">
          <matrix sid="matrix">1 0 0 0 0 1 0 0 0 0 1 0 0 0 0 1</matrix>
        </node>
      </node>
    </visual_scene>
  </library_visual_scenes>
  <library_animations>
    <animation id="TakeW001AnimId0" name="Take 001">
      <source id="B_Head_matrix-input" name="B_Head_matrix-input">
        <float_array id="B_Head_matrix-input-array" count="76"> 0 1 2 3 4 5 6 7 8 9 10 11 12 13 14 15 16 17 18 19 20 21 22 23 24 25 26 27 28 29 30 31 32 33 34 35 36 37 38 39 40 41 42 43 44 45 46 47 48 49 50 51 52 53 54 55 56 57 58 59 60 61 62 63 64 65 66 67 68 69 70 71 72 73 74 75 </float_array>
        <technique_common>
          <accessor count="76" offset="0" source="#B_Head_matrix-input-array" stride="1">
            <param name="TIME" type="float" />
          </accessor>
        </technique_common>
      </source>
      <source id="B_Head_matrix-output" name="B_Head_matrix-output">
        <float_array id="B_Head_matrix-output-array" count="1216"> 0.98408651 0.17358992 -0.037950277 10.019318 -0.16961536 0.85404336 -0.49177319 1.4083176 -0.052955654 0.49038428 0.86989617 1.9073486e-06 0 0 0 1 0.970819 0.14093409 -0.1940311 10.019302 -0.12311421 0.98723108 0.10108138 1.4083252 0.2057994 -0.074243732 0.97577375 -9.5367432e-07 0 0 0 1 0.9803226 0.13541085 -0.14363907 10.019318 -0.071298607 0.92140228 0.38201448 1.4083099 0.18407825 -0.36425611 0.91292554 1.9073486e-06 0 0 0 1 0.86709148 0.16339187 -0.4705905 10.019302 -0.11739575 0.98509514 0.12572213 1.4083138 0.48411831 -0.053767279 0.87334895 0 0 0 0 1 0.97275114 0.036424849 -0.22897215 10.019318 -0.17220329 0.77478123 -0.60832572 1.4083099 0.15524514 0.63117951 0.75994158 0 0 0 0 1 0.8854841 0.22565152 0.40620086 10.019318 0.10208137 0.75834954 -0.64380538 1.4083176 -0.45331779 0.61154497 0.64847183 -7.6293945e-06 0 0 0 1 0.84783834 0.27885652 0.45100859 10.019314 -0.098105252 0.91836029 -0.38339239 1.4083252 -0.52109981 0.28080857 0.80597842 0 0 0 0 1 0.91363776 0.37565318 0.15540603 10.019321 -0.3666206 0.92654365 -0.08429946 1.4083176 -0.17565782 0.020044116 0.98424721 -3.8146973e-06 0 0 0 1 0.89158422 0.44293964 -0.094245806 10.019306 -0.42753389 0.89191663 0.14730652 1.4083099 0.14930736 -0.091042869 0.98459041 3.8146973e-06 0 0 0 1 0.89647895 0.42304915 -0.13173679 10.019302 -0.39059541 0.89490896 0.21580784 1.4083099 0.20918974 -0.14201143 0.9675082 0 0 0 0 1 0.93675101 0.34060323 -0.080541618 10.019314 -0.31646612 0.92256421 0.22073598 1.4083176 0.14948824 -0.18128601 0.97200215 -1.9073486e-06 0 0 0 1 0.9795627 0.20102596 -0.0067621502 10.019318 -0.19478036 0.95644283 0.21743424 1.4083099 0.050177548 -0.2116733 0.97605151 -3.8146973e-06 0 0 0 1 0.99754083 0.056284342 0.041768655 10.01931 -0.065122731 0.96463251 0.25542736 1.4083233 -0.025914848 -0.25751933 0.96592551 3.8146973e-06 0 0 0 1 0.97867072 -0.20060623 0.044281013 10.019318 0.1752567 0.9277392 0.32952276 1.408308 -0.10718554 -0.31473374 0.94310868 -3.8146973e-06 0 0 0 1 0.90118349 -0.40926206 0.14273359 10.01931 0.3420881 0.87380224 0.34560865 1.4083157 -0.26616544 -0.26262933 0.92745984 0 0 0 0 1 0.85476637 -0.36722013 0.36677471 10.019306 0.42229447 0.90290821 -0.080150411 1.4083099 -0.30173102 0.22339684 0.92685056 -1.9073486e-06 0 0 0 1 0.83346683 -0.49972114 0.23582286 10.019317 0.54455715 0.81523836 -0.19708979 1.4083176 -0.093761921 0.2926867 0.95160049 9.5367432e-07 0 0 0 1 0.70269895 -0.70296365 0.10980103 10.019304 0.70161122 0.65901911 -0.27098987 1.4083099 0.11813503 0.26746193 0.95629925 -3.8146973e-06 0 0 0 1 0.5768221 -0.81172001 0.091580495 10.019312 0.76021159 0.49240398 -0.42381185 1.4083138 0.29892185 0.31408462 0.90110862 0 0 0 0 1 0.52990812 -0.82934678 0.17714682 10.01932 0.74813551 0.35879308 -0.5581761 1.4083214 0.39936256 0.42831191 0.81059122 1.1444092e-05 0 0 0 1 0.62838155 -0.73998028 0.23992826 10.019312 0.68310314 0.37734184 -0.6252864 1.4083138 0.37216467 0.55681425 0.74259758 3.8146973e-06 0 0 0 1 0.75589228 -0.59301996 0.27740499 10.019314 0.59372282 0.44235858 -0.67216933 1.4083214 0.27589735 0.67278939 0.68646532 3.8146973e-06 0 0 0 1 0.82925552 -0.47574648 0.29325834 10.019293 0.5249936 0.48321557 -0.70063144 1.4083023 0.19161589 0.73496133 0.65047318 -1.5258789e-05 0 0 0 1 0.78891629 -0.54698974 0.28002316 10.019314 0.57008725 0.48139504 -0.66577709 1.4083176 0.22937147 0.68488008 0.69161242 -3.8146973e-06 0 0 0 1 0.77376831 -0.55361241 0.30788961 10.019299 0.60505176 0.5019486 -0.61802912 1.4083061 0.18760389 0.66450053 0.72335595 -9.5367432e-06 0 0 0 1 0.90460175 -0.21513227 0.36798644 10.019318 0.42174685 0.57698625 -0.69944024 1.4083138 -0.061850972 0.78791201 0.612674 3.8146973e-06 0 0 0 1 0.92085624 0.24723054 0.30149764 10.019306 0.11272217 0.571437 -0.8128674 1.4083099 -0.3732526 0.78251952 0.49834296 0 0 0 0 1 0.86174965 0.45884445 0.2164471 10.019325 -0.096402258 0.56696045 -0.8180846 1.4083138 -0.49809051 0.68411815 0.53281158 1.9073486e-06 0 0 0 1 0.90061432 0.3703424 0.22746553 10.019325 -0.11580858 0.70893174 -0.69570398 1.4083138 -0.41890636 0.60021842 0.68136275 2.3841858e-06 0 0 0 1 0.96049684 0.14067987 0.24011432 10.019299 -0.005266353 0.8718521 -0.48974073 1.4083138 -0.27824083 0.46912986 0.83815223 -1.9073486e-06 0 0 0 1 0.9672544 -0.14580193 0.20775172 10.019306 0.1962072 0.94877487 -0.24764684 1.4083157 -0.16100225 0.28029987 0.94631404 2.3841858e-07 0 0 0 1 0.91478133 -0.37937906 0.13873327 10.019318 0.38855612 0.92030597 -0.045404617 1.4083176 -0.11045146 0.095440961 0.98928851 9.5367432e-07 0 0 0 1 0.87198675 -0.48112985 0.090296187 10.019325 0.47764108 0.87661505 0.058353335 1.4083214 -0.10723054 -0.007754162 0.99420393 1.3113022e-06 0 0 0 1 0.90952593 -0.38793433 0.14922906 10.019325 0.38937393 0.92084801 0.020658398 1.4083214 -0.1454314 0.039316561 0.9885866 2.8610229e-06 0 0 0 1 0.95932657 -0.1263236 0.2524575 10.019314 0.16453949 0.97688973 -0.13643044 1.4083138 -0.22938874 0.17242059 0.95794153 2.3841858e-07 0 0 0 1 0.94947612 0.15737104 0.27153119 10.019318 -0.069109283 0.94879657 -0.30823529 1.4083138 -0.30613509 0.27389672 0.91173577 9.5367432e-07 0 0 0 1 0.89834362 0.41612574 0.14077762 10.019291 -0.32350367 0.84346837 -0.42884332 1.4083061 -0.29719421 0.33970648 0.89234263 -3.3378601e-06 0 0 0 1 0.82606995 0.56349784 0.0088659525 10.019321 -0.49345899 0.73081511 -0.47160083 1.4083176 -0.27222544 0.3852002 0.88176757 1.6689301e-06 0 0 0 1 0.8058697 0.59192723 -0.013997911 10.019329 -0.52352613 0.7013045 -0.48383075 1.4083176 -0.27657583 0.39723283 0.87504947 3.0994415e-06 0 0 0 1 0.79347277 0.60809845 -0.024844926 10.019314 -0.53820395 0.68204159 -0.49513191 1.4083099 -0.28414378 0.40624529 0.86846232 -9.5367432e-07 0 0 0 1 0.78794146 0.61518621 -0.026346292 10.01931 -0.541318 0.67166781 -0.50580335 1.4083176 -0.29346737 0.41280517 0.86224622 1.1920929e-06 0 0 0 1 0.78765935 0.61574262 -0.021297125 10.019299 -0.536313 0.66821873 -0.51560813 1.4083099 -0.30325091 0.41754547 0.85655963 -2.3841858e-06 0 0 0 1 0.79071575 0.61205518 -0.012522322 10.019295 -0.52649164 0.66945398 -0.52405888 1.4083099 -0.31236991 0.42097461 0.85158974 -2.3841858e-06 0 0 0 1 0.79515451 0.60640025 -0.0028317273 10.019314 -0.51518506 0.673069 -0.53062463 1.4083176 -0.3198649 0.42338747 0.84760225 -1.1920929e-07 0 0 0 1 0.79910719 0.60116768 0.0049998318 10.019321 -0.50582522 0.67682046 -0.534841 1.4083138 -0.32491314 0.42486617 0.84493804 4.7683716e-07 0 0 0 1 0.80080986 0.59886205 0.0082221767 10.019318 -0.50192422 0.67854655 -0.53632689 1.4083138 -0.32676497 0.42536908 0.84397012 5.9604645e-07 0 0 0 1 0.80080998 0.59886205 0.0082221031 10.019318 -0.5019244 0.67854655 -0.53632689 1.4083176 -0.32676491 0.42536902 0.8439703 5.9604645e-07 0 0 0 1 0.80080986 0.59886211 0.0082221478 10.019318 -0.50192428 0.67854649 -0.536327 1.4083138 -0.32676497 0.42536908 0.84397024 4.7683716e-07 0 0 0 1 0.80080998 0.59886199 0.0082222074 10.019318 -0.50192416 0.67854667 -0.53632689 1.4083138 -0.32676491 0.42536905 0.8439703 3.5762787e-07 0 0 0 1 0.80080986 0.59886211 0.0082221618 10.019318 -0.50192428 0.67854649 -0.53632689 1.4083138 -0.32676497 0.42536905 0.84397012 4.7683716e-07 0 0 0 1 0.80080986 0.59886205 0.0082221767 10.019318 -0.50192422 0.67854655 -0.53632689 1.4083138 -0.32676497 0.42536908 0.84397012 5.9604645e-07 0 0 0 1 0.90643537 0.42224008 0.0093767056 10.019302 -0.37368357 0.81214845 -0.44807982 1.4083138 -0.19681248 0.40265149 0.8939445 2.3841858e-07 0 0 0 1 0.97404492 0.22631294 -0.0043139048 10.019325 -0.21423936 0.91559458 -0.3402763 1.4083176 -0.073059127 0.33236864 0.9403156 2.2649765e-06 0 0 0 1 0.99907672 0.028759455 -0.031913098 10.019302 -0.035085827 0.97490537 -0.2198374 1.4083099 0.024789842 0.22075412 0.97501451 -1.1920929e-06 0 0 0 1 0.98561257 -0.15405004 -0.069542781 10.019321 0.14704329 0.98439991 -0.096618161 1.4083252 0.083341941 0.085002303 0.99288899 1.4305115e-06 0 0 0 1 0.94401187 -0.31042293 -0.11170984 10.019333 0.3143225 0.94913143 0.018727263 1.4083252 0.10021396 -0.052791681 0.99356425 1.4305115e-06 0 0 0 1 0.88776058 -0.43423367 -0.15271786 10.019291 0.45254749 0.88401866 0.11709853 1.4083099 0.084157318 -0.17306751 0.98130792 -1.9073486e-06 0 0 0 1 0.8570987 -0.49116465 -0.15536655 10.01931 0.51071602 0.84964585 0.13141796 1.4083138 0.067458704 -0.19198635 0.97907627 -4.7683716e-07 0 0 0 1 0.88776058 -0.43423373 -0.15271774 10.019318 0.45254749 0.88401866 0.11709843 1.4083176 0.084157281 -0.17306741 0.98130774 2.3841858e-07 0 0 0 1 0.94298291 -0.27659166 -0.18514873 10.019321 0.30572611 0.93969834 0.15329176 1.4083176 0.13158473 -0.20115629 0.97068101 9.5367432e-07 0 0 0 1 0.97303039 -0.067588322 -0.22055276 10.019318 0.11237637 0.9738735 0.19733661 1.4083252 0.20145287 -0.21679945 0.95520395 0 0 0 0 1 0.95433784 0.16119467 -0.25150561 10.019312 -0.099424794 0.96531403 0.24142022 1.4083099 0.28169745 -0.20539065 0.93726259 7.1525574e-07 0 0 0 1 0.88691187 0.37201688 -0.27384362 10.01932 -0.29707751 0.91331297 0.27857551 1.4083176 0.35373965 -0.16571921 0.92054605 2.3841858e-07 0 0 0 1 0.99465263 -0.10291453 0.0086201802 10.01932 0.10090298 0.95063114 -0.29346007 1.4083328 0.022006689 0.29276064 0.9559325 9.5367432e-06 0 0 0 1 0.89898497 -0.28629583 0.33145192 10.019302 0.4275561 0.73777491 -0.52238292 1.4083023 -0.094980881 0.61132866 0.78565645 -7.6293945e-06 0 0 0 1 0.97216284 -0.11286236 0.20533279 10.019325 0.21804874 0.75653005 -0.61653632 1.4083176 -0.085756689 0.64414626 0.76007986 0 0 0 0 1 0.97885787 0.19261973 -0.06880939 10.019318 -0.19950011 0.82486117 -0.52896476 1.4083195 -0.045130853 0.53150886 0.84584945 5.7220459e-06 0 0 0 1 0.91291106 0.36103022 -0.1903951 10.01931 -0.40712208 0.83866799 -0.36178389 1.4083176 0.029063361 0.40779054 0.91261309 -9.5367432e-06 0 0 0 1 0.87727696 0.38704705 -0.28386512 10.019318 -0.45579049 0.85715008 -0.23989253 1.4083176 0.15046537 0.33983523 0.92837065 0 0 0 0 1 0.86027414 0.37884116 -0.34118602 10.01931 -0.45360738 0.8742491 -0.17300023 1.4083099 0.23274191 0.30359212 0.92393899 0 0 0 0 1 0.91311979 0.28459319 -0.2919232 10.019318 -0.36890113 0.88159925 -0.29443917 1.4083176 0.17356394 0.37654889 0.90999269 5.7220459e-06 0 0 0 1 0.96358728 0.21265689 -0.16210052 10.019302 -0.26292962 0.86385489 -0.42967761 1.4083099 0.048657428 0.45665282 0.88831347 1.9073486e-06 0 0 0 1 0.98408645 0.17358987 -0.037950236 10.019318 -0.16961531 0.85404319 -0.49177313 1.4083176 -0.052955672 0.49038419 0.86989611 1.335144e-05 0 0 0 1 0.98702246 0.1605109 -0.0048150611 10.019333 -0.14131229 0.85394144 -0.50081426 1.4083176 -0.076274358 0.49499521 0.86554158 7.6293945e-06 0 0 0 1 0.98571986 0.16701913 -0.021467285 10.019287 -0.1555066 0.85394889 -0.49657726 1.4083214 -0.064605929 0.49282444 0.86772704 1.335144e-05 0 0 0 1 0.98408645 0.17358987 -0.037950236 10.019302 -0.16961531 0.85404319 -0.49177313 1.4083214 -0.052955672 0.49038419 0.86989611 1.5258789e-05 0 0 0 1 </float_array>
        <technique_common>
          <accessor count="76" offset="0" source="#B_Head_matrix-output-array" stride="16">
            <param name="TRANSFORM" type="float4x4" />
          </accessor>
        </technique_common>
      </source>
      <source id="B_Head_matrix-interpolation">
        <Name_array id="B_Head_matrix-interpolation-array" count="76"> LINEAR LINEAR LINEAR LINEAR LINEAR LINEAR LINEAR LINEAR LINEAR LINEAR LINEAR LINEAR LINEAR LINEAR LINEAR LINEAR LINEAR LINEAR LINEAR LINEAR LINEAR LINEAR LINEAR LINEAR LINEAR LINEAR LINEAR LINEAR LINEAR LINEAR LINEAR LINEAR LINEAR LINEAR LINEAR LINEAR LINEAR LINEAR LINEAR LINEAR LINEAR LINEAR LINEAR LINEAR LINEAR LINEAR LINEAR LINEAR LINEAR LINEAR LINEAR LINEAR LINEAR LINEAR LINEAR LINEAR LINEAR LINEAR LINEAR LINEAR LINEAR LINEAR LINEAR LINEAR LINEAR LINEAR LINEAR LINEAR LINEAR LINEAR LINEAR LINEAR LINEAR LINEAR LINEAR LINEAR </Name_array>
        <technique_common>
          <accessor source="#B_Head_matrix-interpolation-array" count="76" stride="1">
            <param name="INTERPOLATION" type="name"></param>
          </accessor>
        </technique_common>
      </source>
      <source id="B_L_Calf_matrix-input" name="B_L_Calf_matrix-input">
        <float_array id="B_L_Calf_matrix-input-array" count="76"> 0 1 2 3 4 5 6 7 8 9 10 11 12 13 14 15 16 17 18 19 20 21 22 23 24 25 26 27 28 29 30 31 32 33 34 35 36 37 38 39 40 41 42 43 44 45 46 47 48 49 50 51 52 53 54 55 56 57 58 59 60 61 62 63 64 65 66 67 68 69 70 71 72 73 74 75 </float_array>
        <technique_common>
          <accessor count="76" offset="0" source="#B_L_Calf_matrix-input-array" stride="1">
            <param name="TIME" type="float" />
          </accessor>
        </technique_common>
      </source>
      <source id="B_L_Calf_matrix-output" name="B_L_Calf_matrix-output">
