<?xml version="1.0" encoding="UTF-8" standalone="no" ?>
<COLLADA xmlns="http://www.collada.org/2005/11/COLLADASchema" version="1.4.1">
  <asset>
    <contributor>
      <author>Assimp</author>
      <authoring_tool>FBX SDK/FBX Plugins version 2013.1</authoring_tool>
    </contributor>
    <created>2020-08-21T10:29:02</created>
    <modified>2020-08-21T10:29:02</modified>
    <unit name="meter" meter="1" />
    <up_axis>Y_UP</up_axis>
  </asset>
  <library_geometries>
  </library_geometries>
  <library_controllers>
  </library_controllers>
  <library_visual_scenes>
    <visual_scene id="RootNode" name="RootNode">
      <node id="Motion_aAssimpFbxa_Translation"  name="Motion_$AssimpFbx$_Translation" type="NODE">
        <matrix sid="matrix">1 0 0 9.92585e-07 0 1 0 0 0 0 1 -0.17328988 0 0 0 1</matrix>
        <node id="Motion_aAssimpFbxa_PreRotation"  name="Motion_$AssimpFbx$_PreRotation" type="NODE">
          <matrix sid="matrix">1 0 0 0 0 -4.3711388e-08 1 0 0 -1 -4.3711388e-08 0 0 0 0 1</matrix>
          <node id="Motion_aAssimpFbxa_Rotation"  name="Motion_$AssimpFbx$_Rotation" type="NODE">
            <matrix sid="matrix">1.3868001e-06 1 0 0 -1 1.3868001e-06 0 0 0 0 1 0 0 0 0 1</matrix>
            <node id="Motion_aAssimpFbxa_Scaling"  name="Motion_$AssimpFbx$_Scaling" type="NODE">
              <matrix sid="matrix">1 0 0 0 0 1 0 0 0 0 1 0 0 0 0 1</matrix>
              <node id="Motion"  name="Motion" type="NODE">
                <matrix sid="matrix">1 0 0 0 0 1 0 0 0 0 1 0 0 0 0 1</matrix>
                <node id="B_Pelvis"  name="B_Pelvis" type="NODE">
                  <matrix sid="matrix">-4.3711388e-08 0.60876256 0.79335248 0.17329331 0 -0.79335248 0.60876256 2.6999989 1 2.6609857e-08 3.4678539e-08 98.622734 0 0 0 1</matrix>
                  <node id="B_Spine"  name="B_Spine" type="NODE">
                    <matrix sid="matrix">0.99823147 0.047404032 -0.03587313 7.6762924 -0.037805337 0.97190607 0.23231289 -1.6268322 0.045877885 -0.23054582 0.97197938 0.0023474693 0 0 0 1</matrix>
                    <node id="B_Spine1"  name="B_Spine1" type="NODE">
                      <matrix sid="matrix">0.99970514 -0.024198731 0.0019994131 12.747765 0.02417597 0.99965024 0.010716197 -0.014275551 -0.0022580323 -0.0106647 0.99994057 0.00015211105 0 0 0 1</matrix>
                      <node id="B_Spine2"  name="B_Spine2" type="NODE">
                        <matrix sid="matrix">0.9988209 -0.048403613 0.0037315511 17.935463 0.048312023 0.99859816 0.021625748 -0.026443005 -0.0047730841 -0.02141997 0.9997592 0.00054788589 0 0 0 1</matrix>
                        <node id="B_L_Clavicle"  name="B_L_Clavicle" type="NODE">
                          <matrix sid="matrix">-0.017590661 -0.00078421831 0.99984497 17.736847 -0.17375694 -0.98478115 -0.0038293824 0.073141098 0.98463148 -0.17379735 0.017186686 5.0180163 0 0 0 1</matrix>
                          <node id="B_L_UpperArm"  name="B_L_UpperArm" type="NODE">
                            <matrix sid="matrix">0.67658818 0.4022921 0.61675727 17.464663 -0.50647581 0.86222738 -0.0067964494 3.8146973e-06 -0.53451914 -0.30777422 0.7871241 0 0 0 0 1</matrix>
                            <node id="B_L_Forearm"  name="B_L_Forearm" type="NODE">
                              <matrix sid="matrix">-0.13640097 0.98478979 0.10762779 27.628178 -0.99065369 -0.13559355 -0.014819367 -3.8146973e-06 -3.2782563e-07 -0.10864324 0.99408078 -1.5258789e-05 0 0 0 1</matrix>
                              <node id="B_L_ForeArmTwist"  name="B_L_ForeArmTwist" type="NODE">
                                <matrix sid="matrix">1 5.0429115e-08 -3.2426604e-07 11.992634 -1.4901155e-08 0.99408078 0.10864369 -7.6293945e-06 3.2782543e-07 -0.10864369 0.99408078 1.5258789e-05 0 0 0 1</matrix>
                                <node id="B_L_Hand"  name="B_L_Hand" type="NODE">
                                  <matrix sid="matrix">0.96626526 -0.09560217 0.2391479 11.992649 -0.24727416 -0.084708586 0.96523571 0 -0.072020747 -0.99180877 -0.10549091 0 0 0 0 1</matrix>
                                  <node id="B_L_Finger0"  name="B_L_Finger0" type="NODE">
                                    <matrix sid="matrix">0.80900651 0.13246357 0.57267952 1.4603271 0.15583251 0.89108139 -0.42625123 1.9355469 -0.5667668 0.43408212 0.70024854 -2.4376602 0 0 0 1</matrix>
                                    <node id="B_L_Finger01"  name="B_L_Finger01" type="NODE">
                                      <matrix sid="matrix">0.80299318 -0.59598827 1.2058758e-08 3.7140045 0.59598827 0.80299318 2.7507136e-08 -1.5258789e-05 -2.607703e-08 -1.4901163e-08 1 -2.2888184e-05 0 0 0 1</matrix>
                                      <node id="B_L_Finger02"  name="B_L_Finger02" type="NODE">
                                        <matrix sid="matrix">0.5521847 -0.83372182 -9.2086296e-08 5.5299349 0.83372182 0.5521847 4.3116884e-08 1.5258789e-05 1.4901156e-08 -1.0058284e-07 1 2.2888184e-05 0 0 0 1</matrix>
                                      </node>
                                    </node>
                                  </node>
                                  <node id="B_L_Finger1"  name="B_L_Finger1" type="NODE">
                                    <matrix sid="matrix">0.27254894 -0.95552641 0.11263379 11.625458 0.92804092 0.23019093 -0.29283464 3.1205444 0.25388396 0.18434054 0.94950593 -3.0983582 0 0 0 1</matrix>
                                    <node id="B_L_Finger11"  name="B_L_Finger11" type="NODE">
                                      <matrix sid="matrix">-0.25881925 -0.96592575 1.6886432e-07 4.4568253 0.96592575 -0.25881925 6.0673919e-08 7.6293945e-06 -1.4901163e-08 1.7881398e-07 1 1.9073486e-05 0 0 0 1</matrix>
                                      <node id="B_L_Finger12"  name="B_L_Finger12" type="NODE">
                                        <matrix sid="matrix">0.57357568 -0.81915259 2.526734e-07 3.3311615 0.81915259 0.57357568 -1.587325e-07 -2.2888184e-05 -1.4901159e-08 2.9802317e-07 1 -2.2888184e-05 0 0 0 1</matrix>
                                      </node>
                                    </node>
                                  </node>
                                  <node id="B_L_Finger2"  name="B_L_Finger2" type="NODE">
                                    <matrix sid="matrix">0.25808468 -0.96503466 0.0458293 11.814079 0.96096504 0.25152317 -0.11524842 2.4381027 0.099691592 0.073784202 0.99227887 0.83571625 0 0 0 1</matrix>
                                    <node id="B_L_Finger21"  name="B_L_Finger21" type="NODE">
                                      <matrix sid="matrix">-0.62068582 -0.78405941 3.2177721e-07 5.1996384 0.78405941 -0.62068582 1.2169289e-07 1.5258789e-05 1.0430809e-07 3.2782549e-07 1 7.6293945e-06 0 0 0 1</matrix>
                                      <node id="B_L_Finger22"  name="B_L_Finger22" type="NODE">
                                        <matrix sid="matrix">0.44828629 -0.89389002 1.1999995e-07 5.199625 0.89389002 0.44828629 3.9840081e-08 0 -8.9406988e-08 8.9406996e-08 1 -3.8146973e-06 0 0 0 1</matrix>
                                      </node>
                                    </node>
                                  </node>
                                  <node id="B_L_Finger3"  name="B_L_Finger3" type="NODE">
                                    <matrix sid="matrix">0.13847044 -0.99036652 0.00029712808 11.814072 0.99036658 0.13847046 5.9385591e-05 1.9342499 -9.9956967e-05 0.00028604257 0.99999994 4.6002388 0 0 0 1</matrix>
                                    <node id="B_L_Finger31"  name="B_L_Finger31" type="NODE">
                                      <matrix sid="matrix">-0.058766864 -0.99827176 -1.0044769e-06 4.4567947 0.99827176 -0.058766864 -1.1935811e-06 7.6293945e-06 1.1324883e-06 -1.0728838e-06 1 -7.6293945e-06 0 0 0 1</matrix>
                                      <node id="B_L_Finger32"  name="B_L_Finger32" type="NODE">
                                        <matrix sid="matrix">-0.058766745 -0.99827176 -1.8829912e-06 4.4567719 0.99827176 -0.058766745 -1.4841288e-06 -2.2888184e-05 1.3709065e-06 -1.9669544e-06 1 1.9073486e-05 0 0 0 1</matrix>
                                      </node>
                                    </node>
                                  </node>
                                  <node id="B_L_Finger4"  name="B_L_Finger4" type="NODE">
                                    <matrix sid="matrix">0.14714384 -0.98122936 -0.12464997 11.857193 0.98368686 0.15835436 -0.085346922 4.052887 0.10348377 -0.11005827 0.9885233 6.5145264 0 0 0 1</matrix>
                                    <node id="B_L_Finger41"  name="B_L_Finger41" type="NODE">
                                      <matrix sid="matrix">-0.18123169 -0.9834404 -2.1288943e-06 3.327652 0.9834404 -0.18123169 -3.7409282e-06 7.6293945e-06 3.2931569e-06 -2.7716153e-06 1 1.1444092e-05 0 0 0 1</matrix>
                                      <node id="B_L_Finger42"  name="B_L_Finger42" type="NODE">
                                        <matrix sid="matrix">0.0019772795 -0.99999803 -2.3013736e-06 3.3276672 0.99999803 0.0019772795 -3.3333165e-06 -2.2888184e-05 3.3378606e-06 -2.2947781e-06 1 -1.5258789e-05 0 0 0 1</matrix>
                                      </node>
                                    </node>
                                  </node>
                                </node>
                              </node>
                            </node>
                          </node>
                        </node>
                        <node id="B_R_Clavicle"  name="B_R_Clavicle" type="NODE">
                          <matrix sid="matrix">-0.10452852 -0.00079656718 -0.9945215 17.736847 0.00023397958 -0.99999964 0.00077636249 0.074661255 -0.99452186 -0.00015154571 0.10452867 -5.0179629 0 0 0 1</matrix>
                          <node id="B_R_UpperArm"  name="B_R_UpperArm" type="NODE">
                            <matrix sid="matrix">0.65678829 0.18435103 -0.73119342 17.464647 -0.58112288 0.74166942 -0.33499652 1.1444092e-05 0.48054683 0.64493501 0.59425038 1.5258789e-05 0 0 0 1</matrix>
                            <node id="B_R_Forearm"  name="B_R_Forearm" type="NODE">
                              <matrix sid="matrix">0.1257856 0.99193633 -0.015499667 27.628185 -0.99205744 0.12577026 -0.0019651239 -7.6293945e-06 1.1920932e-07 0.015623745 0.99987793 -1.5258789e-05 0 0 0 1</matrix>
                              <node id="B_R_ForeArmTwist"  name="B_R_ForeArmTwist" type="NODE">
                                <matrix sid="matrix">1 -1.3968749e-09 -8.9396053e-08 11.992638 0 0.99987793 -0.015623782 -1.1444092e-05 8.9406967e-08 0.015623782 0.99987793 0 0 0 0 1</matrix>
                                <node id="B_R_Hand"  name="B_R_Hand" type="NODE">
                                  <matrix sid="matrix">0.86458033 -0.066815831 -0.49803263 11.992653 -0.49769527 0.022792298 -0.86705244 -3.8146973e-06 0.069284134 0.99750501 -0.013548149 -1.5258789e-05 0 0 0 1</matrix>
                                  <node id="B_R_Finger0"  name="B_R_Finger0" type="NODE">
                                    <matrix sid="matrix">0.80900657 0.13246369 -0.57267946 1.4603195 0.15583244 0.89108133 0.42625135 1.9355469 0.5667668 -0.43408221 0.7002486 2.4376602 0 0 0 1</matrix>
                                    <node id="B_R_Finger01"  name="B_R_Finger01" type="NODE">
                                      <matrix sid="matrix">0.802993 -0.59598845 -2.5669956e-07 3.714035 0.59598845 0.802993 -7.918252e-08 -2.2888184e-05 2.5331983e-07 -8.9406974e-08 1 0 0 0 0 1</matrix>
                                      <node id="B_R_Finger02"  name="B_R_Finger02" type="NODE">
                                        <matrix sid="matrix">0.55218488 -0.8337217 6.6474541e-08 5.5299377 0.8337217 0.55218488 -1.1551919e-07 2.2888184e-05 5.9604623e-08 1.1920922e-07 1 2.2888184e-05 0 0 0 1</matrix>
                                      </node>
                                    </node>
                                  </node>
                                  <node id="B_R_Finger1"  name="B_R_Finger1" type="NODE">
                                    <matrix sid="matrix">0.27254859 -0.95552653 -0.11263388 11.625465 0.92804098 0.2301905 0.29283494 3.1205597 -0.25388429 -0.1843406 0.94950587 3.0983505 0 0 0 1</matrix>
                                    <node id="B_R_Finger11"  name="B_R_Finger11" type="NODE">
                                      <matrix sid="matrix">-0.25881925 -0.96592575 -8.8178652e-08 4.4568176 0.96592575 -0.25881925 -8.2924259e-08 0 5.7276349e-08 -1.0663643e-07 1 3.8146973e-06 0 0 0 1</matrix>
                                      <node id="B_R_Finger12"  name="B_R_Finger12" type="NODE">
                                        <matrix sid="matrix">0.57357585 -0.81915247 2.1793508e-07 3.331131 0.81915247 0.57357585 5.2261825e-08 0 -1.678127e-07 1.4854594e-07 1 -1.1444092e-05 0 0 0 1</matrix>
                                      </node>
                                    </node>
                                  </node>
                                  <node id="B_R_Finger2"  name="B_R_Finger2" type="NODE">
                                    <matrix sid="matrix">0.25808468 -0.96503466 -0.045829348 11.814064 0.96096504 0.25152317 0.11524836 2.438118 -0.099691525 -0.073784232 0.99227887 -0.83572006 0 0 0 1</matrix>
                                    <node id="B_R_Finger21"  name="B_R_Finger21" type="NODE">
                                      <matrix sid="matrix">-0.62068546 -0.7840597 -1.5163972e-07 5.1995964 0.7840597 -0.62068546 -7.2529758e-08 -1.5258789e-05 -3.7252914e-08 -1.6391276e-07 1 -3.6239624e-05 0 0 0 1</matrix>
                                      <node id="B_R_Finger22"  name="B_R_Finger22" type="NODE">
                                        <matrix sid="matrix">0.44828618 -0.89389008 3.3399923e-09 5.1996002 0.89389008 0.44828618 6.6600001e-09 1.5258789e-05 -7.4505806e-09 0 1 2.6702881e-05 0 0 0 1</matrix>
                                      </node>
                                    </node>
                                  </node>
                                  <node id="B_R_Finger3"  name="B_R_Finger3" type="NODE">
                                    <matrix sid="matrix">0.1384702 -0.99036652 -0.00029823845 11.814064 0.99036658 0.13847022 -5.9471171e-05 1.9342728 0.00010019541 -0.00028713042 0.99999994 -4.6002541 0 0 0 1</matrix>
                                    <node id="B_R_Finger31"  name="B_R_Finger31" type="NODE">
                                      <matrix sid="matrix">-0.058766745 -0.99827176 9.63262e-09 4.4567947 0.99827176 -0.058766745 -1.6362949e-07 -1.5258789e-05 1.6391277e-07 0 1 -3.8146973e-06 0 0 0 1</matrix>
                                      <node id="B_R_Finger32"  name="B_R_Finger32" type="NODE">
                                        <matrix sid="matrix">-0.058766864 -0.99827176 6.9477699e-07 4.4568176 0.99827176 -0.058766864 -1.3822297e-07 1.5258789e-05 1.7881393e-07 6.8545324e-07 1 -1.1444092e-05 0 0 0 1</matrix>
                                      </node>
                                    </node>
                                  </node>
                                  <node id="B_R_Finger4"  name="B_R_Finger4" type="NODE">
                                    <matrix sid="matrix">0.14714384 -0.98122966 0.12464787 11.857231 0.98368686 0.15835416 0.085347109 4.0529175 -0.10348362 0.11005617 0.98852354 -6.5145607 0 0 0 1</matrix>
                                    <node id="B_R_Finger41"  name="B_R_Finger41" type="NODE">
                                      <matrix sid="matrix">-0.18123135 -0.98344052 2.0472382e-07 3.3276749 0.98344052 -0.18123135 7.8017877e-07 3.0517578e-05 -7.3015696e-07 3.4272651e-07 1 3.0517578e-05 0 0 0 1</matrix>
                                      <node id="B_R_Finger42"  name="B_R_Finger42" type="NODE">
                                        <matrix sid="matrix">0.0019766835 -0.99999803 3.1410184e-07 3.3277206 0.99999803 0.0019766835 5.954268e-07 3.0517578e-05 -5.9604656e-07 3.1292427e-07 1 -1.9073486e-05 0 0 0 1</matrix>
                                      </node>
                                    </node>
                                  </node>
                                </node>
                              </node>
                            </node>
                          </node>
                        </node>
                        <node id="B_Neck"  name="B_Neck" type="NODE">
                          <matrix sid="matrix">0.9745459 -0.20556867 -0.08945287 27.039749 0.20928559 0.97725385 0.034271002 1.128233 0.080373116 -0.052119862 0.99540126 0.00061273575 0 0 0 1</matrix>
                          <node id="B_Head"  name="B_Head" type="NODE">
                            <matrix sid="matrix">0.98408651 0.17358994 -0.037950244 10.019302 -0.16961539 0.85404325 -0.49177301 1.4083176 -0.052955694 0.49038413 0.86989599 0 0 0 0 1</matrix>
                          </node>
                        </node>
                      </node>
                    </node>
                  </node>
                  <node id="B_L_Thigh"  name="B_L_Thigh" type="NODE">
                    <matrix sid="matrix">-0.88179493 0.28008324 -0.37946165 0 0.35161811 0.92662716 -0.13314213 1.7642975e-05 0.31432855 -0.25082961 -0.91557741 11.161455 0 0 0 1</matrix>
                    <node id="B_L_Calf"  name="B_L_Calf" type="NODE">
                      <matrix sid="matrix">0.87463462 0.48478267 4.2052625e-07 50.282749 -0.48478267 0.87463462 8.0128275e-06 0 3.5166734e-06 -7.2121607e-06 1 7.6293945e-06 0 0 0 1</matrix>
                      <node id="B_L_Foot"  name="B_L_Foot" type="NODE">
                        <matrix sid="matrix">0.90702909 -0.23339504 -0.35046387 39.72813 0.18250713 0.96798968 -0.1722994 -1.4305115e-06 0.3794592 0.092318431 0.92059112 -7.6293945e-06 0 0 0 1</matrix>
                        <node id="B_L_Toe0"  name="B_L_Toe0" type="NODE">
                          <matrix sid="matrix">-4.3711388e-08 -1 -5.6529217e-08 18.214441 1 -4.3711388e-08 -2.4709704e-15 14.545954 0 -5.6529217e-08 1 0.020652771 0 0 0 1</matrix>
                        </node>
                      </node>
                    </node>
                  </node>
                  <node id="B_R_Thigh"  name="B_R_Thigh" type="NODE">
                    <matrix sid="matrix">-0.87342459 0.42952579 0.22942784 0 0.18169032 0.72456962 -0.66482145 -1.2397766e-05 -0.45179439 -0.53898656 -0.71089756 -11.161448 0 0 0 1</matrix>
                    <node id="B_R_Calf"  name="B_R_Calf" type="NODE">
                      <matrix sid="matrix">0.69287813 0.72105467 -5.7282705e-08 50.282745 -0.72105467 0.69287813 -4.7255107e-06 0 -3.367662e-06 3.3155075e-06 1 3.8146973e-06 0 0 0 1</matrix>
                      <node id="B_R_Foot"  name="B_R_Foot" type="NODE">
                        <matrix sid="matrix">0.91488844 -0.31722772 0.24969119 39.72813 0.33217812 0.94302464 -0.019033015 0 -0.22942713 0.10035502 0.96813846 1.9073486e-06 0 0 0 1</matrix>
                        <node id="B_R_Toe0"  name="B_R_Toe0" type="NODE">
                          <matrix sid="matrix">-4.3711388e-08 -1 5.8227153e-07 18.214441 1 -4.3711768e-08 -6.5565109e-07 14.545954 6.5565109e-07 5.8227147e-07 1 -0.020652771 0 0 0 1</matrix>
                        </node>
                      </node>
                    </node>
                  </node>
                </node>
              </node>
            </node>
          </node>
        </node>
      </node>
      <node id="Exporter_aAssimpFbxa_PreRotation"  name="Exporter_$AssimpFbx$_PreRotation" type="NODE">
        <matrix sid="matrix">1 0 0 0 0 -4.3711388e-08 1 0 0 -1 -4.3711388e-08 0 0 0 0 1</matrix>
        <node id="Exporter"  name="Exporter" type="NODE">
          <matrix sid="matrix">1 0 0 0 0 1 0 0 0 0 1 0 0 0 0 1</matrix>
        </node>
      </node>
    </visual_scene>
  </library_visual_scenes>
  <library_animations>
    <animation id="TakeW001AnimId0" name="Take 001">
      <source id="B_Head_matrix-input" name="B_Head_matrix-input">
        <float_array id="B_Head_matrix-input-array" count="23"> 0 1 2 3 4 5 6 7 8 9 10 11 12 13 14 15 16 17 18 19 20 21 22 </float_array>
        <technique_common>
          <accessor count="23" offset="0" source="#B_Head_matrix-input-array" stride="1">
            <param name="TIME" type="float" />
          </accessor>
        </technique_common>
      </source>
      <source id="B_Head_matrix-output" name="B_Head_matrix-output">
        <float_array id="B_Head_matrix-output-array" count="368"> 0.98408645 0.17358994 -0.037950248 10.019302 -0.16961539 0.85404319 -0.49177307 1.4083176 -0.052955694 0.49038413 0.86989611 0 0 0 0 1 0.91892511 -0.33077633 -0.21485674 10.019318 0.27359599 0.92691439 -0.25685558 1.4083099 0.28411552 0.17724709 0.94226432 0 0 0 0 1 0.72774708 -0.58581704 -0.35665467 10.019314 0.60509908 0.79322362 -0.068202399 1.4083099 0.32286096 -0.16617732 0.93174362 0 0 0 0 1 0.76610911 -0.53226185 -0.36024171 10.019314 0.59990191 0.79333502 0.103621 1.4083099 0.2306388 -0.29549474 0.92708623 0 0 0 0 1 0.87710994 -0.35712567 -0.32115331 10.019318 0.44749197 0.85050744 0.27638394 1.4082947 0.17443947 -0.38613257 0.90579951 -7.6293945e-06 0 0 0 1 0.93922299 -0.1583152 -0.30462551 10.019318 0.26380786 0.90065122 0.34530136 1.4082947 0.21969488 -0.4046776 0.88767689 0 0 0 0 1 0.94724584 0.017931363 -0.32000658 10.019302 0.07320834 0.95993465 0.27049199 1.4083252 0.31203574 -0.27964947 0.90798134 3.8146973e-06 0 0 0 1 0.91967833 0.19053423 -0.3433485 10.019333 -0.16096354 0.9804762 0.11294547 1.4082947 0.35816509 -0.048606932 0.932392 1.5258789e-05 0 0 0 1 0.86854023 0.33345929 -0.36666399 10.019295 -0.39092273 0.91568887 -0.09323898 1.4083252 0.30465865 0.22431916 0.92566949 -1.5258789e-05 0 0 0 1 0.8093828 0.44193622 -0.38677052 10.01931 -0.56239969 0.77293068 -0.29374206 1.4083176 0.16913156 0.4552696 0.87414175 0 0 0 0 1 0.74545395 0.52466005 -0.4111326 10.019287 -0.66606915 0.6099236 -0.42935407 1.4083252 0.025494572 0.59390646 0.80413002 0 0 0 0 1 0.64824957 0.58746386 -0.48441574 10.019302 -0.75908768 0.54844755 -0.35070083 1.4083099 0.059652612 0.59505558 0.80146754 -1.5258789e-05 0 0 0 1 0.62339854 0.61763084 -0.47948569 10.019287 -0.76969332 0.5926885 -0.23726068 1.4083176 0.13764612 0.51696497 0.84486735 -6.1035156e-05 0 0 0 1 0.73622769 0.55266547 -0.39055035 10.019318 -0.67037028 0.67455655 -0.30915549 1.4083214 0.09258876 0.48942205 0.86711776 0 0 0 0 1 0.86710751 0.42512012 -0.25960994 10.019325 -0.4974128 0.76675898 -0.40578461 1.4083099 0.026551059 0.48099217 0.87632275 -3.0517578e-05 0 0 0 1 0.95286721 0.27694222 -0.12388333 10.019318 -0.3021366 0.82917809 -0.47029498 1.4083099 -0.027523182 0.48555842 0.87377089 -3.0517578e-05 0 0 0 1 0.98408645 0.17358994 -0.037950248 10.019287 -0.16961539 0.85404319 -0.49177307 1.4083252 -0.052955694 0.49038413 0.86989611 0 0 0 0 1 0.99105209 0.1332453 -0.0078113922 10.01931 -0.1195906 0.86045539 -0.49529243 1.4083099 -0.059274029 0.49179497 0.86869097 -3.0517578e-05 0 0 0 1 0.99255395 0.12180701 0.00048330246 10.019333 -0.10553399 0.86191964 -0.49594086 1.4083405 -0.060825638 0.49219692 0.86835629 3.0517578e-05 0 0 0 1 0.99150121 0.12998329 -0.0054346663 10.019302 -0.11557622 0.86088854 -0.49549267 1.4083099 -0.059727117 0.49190962 0.86859524 0 0 0 0 1 0.98883337 0.14786299 -0.018572146 10.01931 -0.13763559 0.8583591 -0.49424291 1.4083252 -0.057138663 0.4912802 0.86912531 3.0517578e-05 0 0 0 1 0.9856804 0.16558723 -0.031862203 10.019318 -0.15963751 0.85547245 -0.4926284 1.4083405 -0.054315742 0.49066049 0.86965632 3.0517578e-05 0 0 0 1 0.98408663 0.17358996 -0.037950236 10.019302 -0.1696154 0.85404336 -0.49177307 1.4083099 -0.052955709 0.49038422 0.86989611 0 0 0 0 1 </float_array>
        <technique_common>
          <accessor count="23" offset="0" source="#B_Head_matrix-output-array" stride="16">
            <param name="TRANSFORM" type="float4x4" />
          </accessor>
        </technique_common>
      </source>
      <source id="B_Head_matrix-interpolation">
        <Name_array id="B_Head_matrix-interpolation-array" count="23"> LINEAR LINEAR LINEAR LINEAR LINEAR LINEAR LINEAR LINEAR LINEAR LINEAR LINEAR LINEAR LINEAR LINEAR LINEAR LINEAR LINEAR LINEAR LINEAR LINEAR LINEAR LINEAR LINEAR </Name_array>
        <technique_common>
          <accessor source="#B_Head_matrix-interpolation-array" count="23" stride="1">
            <param name="INTERPOLATION" type="name"></param>
          </accessor>
        </technique_common>
      </source>
      <source id="B_L_Calf_matrix-input" name="B_L_Calf_matrix-input">
        <float_array id="B_L_Calf_matrix-input-array" count="23"> 0 1 2 3 4 5 6 7 8 9 10 11 12 13 14 15 16 17 18 19 20 21 22 </float_array>
        <technique_common>
          <accessor count="23" offset="0" source="#B_L_Calf_matrix-input-array" stride="1">
            <param name="TIME" type="float" />
          </accessor>
        </technique_common>
      </source>
      <source id="B_L_Calf_matrix-output" name="B_L_Calf_matrix-output">
        <float_array id="B_L_Calf_matrix-output-array" count="368"> 0.87463474 0.48478279 4.2052625e-07 50.282749 -0.48478279 0.87463474 8.0128284e-06 0 3.516674e-06 -7.2121616e-06 1 7.6293945e-06 0 0 0 1 0.14837635 0.98893112 9.7823033e-07 50.282745 -0.988931 0.14837636 7.1382988e-06 5.7220459e-06 6.9141388e-06 -2.0265572e-06 0.99999994 0 0 0 0 1 -0.37894252 0.92542022 8.4735461e-07 50.282742 -0.92542046 -0.37894243 6.8667377e-06 5.7220459e-06 6.6757189e-06 1.8179401e-06 1 3.8146973e-06 0 0 0 1 0.25698662 0.96641523 8.1574467e-07 50.282745 -0.96641523 0.25698662 7.3405013e-06 -3.8146973e-06 6.8843365e-06 -2.6747587e-06 1 5.7220459e-06 0 0 0 1 0.92590195 0.37776396 3.6487245e-07 50.282745 -0.3777639 0.92590207 7.9945303e-06 -1.9073486e-06 2.6822088e-06 -7.5399876e-06 1 3.8146973e-06 0 0 0 1 0.97575456 0.21886835 2.4220816e-07 50.282738 -0.21886827 0.97575492 8.0242526e-06 0 1.5199184e-06 -7.8827152e-06 1 -3.8146973e-06 0 0 0 1 0.96230859 0.27196035 2.38967e-07 50.282745 -0.27196029 0.96230882 8.0232739e-06 1.1444092e-05 1.9520519e-06 -7.7858567e-06 1 1.9073486e-06 0 0 0 1 0.93090194 0.36526981 2.9288003e-07 50.282776 -0.36526987 0.93090183 7.9467209e-06 -7.6293945e-06 2.630055e-06 -7.5045969e-06 1 7.6293945e-06 0 0 0 1 0.87400478 0.4859176 5.0652943e-07 50.28273 -0.4859176 0.87400478 7.9489309e-06 0 3.4198165e-06 -7.1935347e-06 1 1.9073486e-06 0 0 0 1 0.80167234 0.59776396 5.1542884e-07 50.282749 -0.59776396 0.80167234 7.926652e-06 0 4.325062e-06 -6.6626826e-06 1 3.8146973e-06 0 0 0 1 0.57264942 0.81980067 7.8788275e-07 50.282761 -0.81980062 0.57264948 7.7323712e-06 3.0517578e-05 5.8878213e-06 -5.0738458e-06 1 7.6293945e-06 0 0 0 1 -0.71693754 0.69713742 6.304258e-07 50.282745 -0.69713742 -0.71693754 6.406683e-06 0 4.9183141e-06 4.1536982e-06 1 0 0 0 0 1 -0.85492271 0.51875633 3.8648483e-07 50.28273 -0.51875633 -0.85492271 6.3000994e-06 0 3.5986304e-06 5.1856046e-06 1.0000001 -1.5258789e-05 0 0 0 1 -0.66748774 0.7446208 6.9504631e-07 50.282715 -0.7446208 -0.66748774 6.4010733e-06 -1.9073486e-06 5.2303071e-06 3.7550922e-06 1 -1.5258789e-05 0 0 0 1 -0.27801365 0.96057725 9.240357e-07 50.282761 -0.96057737 -0.27801362 6.8373847e-06 0 6.8247318e-06 1.0132782e-06 1 -3.0517578e-05 0 0 0 1 0.25174552 0.96779352 9.8817884e-07 50.282715 -0.96779352 0.25174552 7.4474697e-06 7.6293945e-06 6.9588423e-06 -2.8312202e-06 1.0000001 0 0 0 0 1 0.67597502 0.73692495 7.6995775e-07 50.282745 -0.73692489 0.67597508 7.7026498e-06 0 5.1558022e-06 -5.7742004e-06 1 -3.0517578e-05 0 0 0 1 0.87196046 0.48957679 4.508216e-07 50.282776 -0.48957679 0.87196046 7.8642779e-06 3.0517578e-05 3.4570699e-06 -7.0780525e-06 0.99999994 0 0 0 0 1 0.95289373 0.30330521 2.5691793e-07 50.282745 -0.30330521 0.95289373 7.881772e-06 0 2.1457672e-06 -7.5884159e-06 1 0 0 0 0 1 0.95236641 0.30495667 3.5915537e-07 50.282745 -0.30495659 0.95236665 7.9624779e-06 0 2.0861623e-06 -7.6927245e-06 1 0 0 0 0 1 0.91146803 0.41137147 3.5274698e-07 50.282776 -0.4113715 0.91146791 7.9537549e-06 0 2.9504301e-06 -7.3947012e-06 1.0000001 0 0 0 0 1 0.87211227 0.48930615 3.8593362e-07 50.28273 -0.48930609 0.87211233 7.8140229e-06 1.5258789e-05 3.4868717e-06 -7.0035458e-06 1 0 0 0 0 1 0.87462521 0.48480046 3.9901397e-07 50.282745 -0.4848004 0.87462533 7.9737183e-06 -7.6293945e-06 3.516674e-06 -7.1674581e-06 1 3.0517578e-05 0 0 0 1 </float_array>
        <technique_common>
          <accessor count="23" offset="0" source="#B_L_Calf_matrix-output-array" stride="16">
            <param name="TRANSFORM" type="float4x4" />
          </accessor>
        </technique_common>
      </source>
      <source id="B_L_Calf_matrix-interpolation">
        <Name_array id="B_L_Calf_matrix-interpolation-array" count="23"> LINEAR LINEAR LINEAR LINEAR LINEAR LINEAR LINEAR LINEAR LINEAR LINEAR LINEAR LINEAR LINEAR LINEAR LINEAR LINEAR LINEAR LINEAR LINEAR LINEAR LINEAR LINEAR LINEAR </Name_array>
        <technique_common>
          <accessor source="#B_L_Calf_matrix-interpolation-array" count="23" stride="1">
            <param name="INTERPOLATION" type="name"></param>
          </accessor>
        </technique_common>
      </source>
      <source id="B_L_Clavicle_matrix-input" name="B_L_Clavicle_matrix-input">
        <float_array id="B_L_Clavicle_matrix-input-array" count="23"> 0 1 2 3 4 5 6 7 8 9 10 11 12 13 14 15 16 17 18 19 20 21 22 </float_array>
        <technique_common>
          <accessor count="23" offset="0" source="#B_L_Clavicle_matrix-input-array" stride="1">
            <param name="TIME" type="float" />
          </accessor>
        </technique_common>
      </source>
      <source id="B_L_Clavicle_matrix-output" name="B_L_Clavicle_matrix-output">
        <float_array id="B_L_Clavicle_matrix-output-array" count="368"> -0.01759064 -0.00078422565 0.99984503 17.736847 -0.17375694 -0.98478109 -0.0038293749 0.073141098 0.98463148 -0.17379734 0.017186522 5.0180163 0 0 0 1 -0.066841841 -0.0007945075 0.99776316 17.736839 -0.074040607 -0.99723858 -0.005754191 0.073143005 0.99501264 -0.074259616 0.066598348 5.0180206 0 0 0 1 -0.10452842 -0.00079573604 0.99452156 17.736855 -6.7478271e-05 -0.99999934 -0.0008072115 0.073143005 0.99452186 -0.00015148515 0.10452843 5.018013 0 0 0 1 -0.11775336 -0.00079606043 0.99304235 17.736856 0.015348769 -0.99988157 0.0010184885 0.073143005 0.99292415 0.015361912 0.11775157 5.0180206 0 0 0 1 -0.12084186 -0.0007969226 0.99267125 17.736855 0.0076458752 -0.99997056 0.00012798046 0.073135376 0.99264234 0.0076053063 0.1208444 5.0180168 0 0 0 1 -0.12040507 -0.00079608976 0.9927246 17.736847 -5.4589993e-05 -0.99999958 -0.00080854498 0.073150635 0.99272496 -0.00015154568 0.12040483 5.0180206 0 0 0 1 -0.12024461 -0.00079623377 0.99274403 17.736847 0.0024655329 -0.99999684 -0.00050341734 0.073150635 0.99274117 0.0023871097 0.12024611 5.0180206 0 0 0 1 -0.11928832 -0.00079605513 0.99285936 17.736847 0.0075060208 -0.99997181 0.00010006246 0.073120117 0.99283129 0.007464359 0.11929095 5.0180206 0 0 0 1 -0.11682545 -0.00079658534 0.9931522 17.736855 0.011288019 -0.9999361 0.00052579498 0.073150635 0.99308819 0.011272147 0.11682715 5.0180054 0 0 0 1 -0.1121441 -0.00079605868 0.99369162 17.736832 0.010029064 -0.99994969 0.00033076853 0.073154449 0.9936412 0.010002891 0.11214644 5.0180054 0 0 0 1 -0.10452842 -0.00079634873 0.99452156 17.736847 -6.7503184e-05 -0.99999934 -0.00080783025 0.073150635 0.99452186 -0.00015157458 0.10452843 5.0180206 0 0 0 1 -0.092632055 -0.0007966758 0.99570006 17.736847 -0.021907914 -0.9997561 -0.0028380584 0.073143005 0.99545938 -0.022076609 0.092591941 5.0180054 0 0 0 1 -0.076950304 -0.00079598458 0.99703467 17.736847 -0.052797221 -0.99859351 -0.0048720664 0.073150635 0.99563605 -0.053015564 0.076799862 5.0180206 0 0 0 1 -0.059536442 -0.0007932036 0.99822575 17.736832 -0.088090919 -0.99609393 -0.0060454491 0.073143005 0.99433136 -0.088294566 0.059234019 5.0179749 0 0 0 1 -0.042456023 -0.0007895715 0.999098 17.736824 -0.12310001 -0.99237603 -0.0060153035 0.073135376 0.9914856 -0.12324438 0.04203498 5.0180054 0 0 0 1 -0.027782325 -0.00078692276 0.9996137 17.736855 -0.15317242 -0.98818648 -0.0050350577 0.073120117 0.987809 -0.15325311 0.027333558 5.0180054 0 0 0 1 -0.01759064 -0.00078422565 0.99984503 17.736824 -0.17375694 -0.98478109 -0.0038293749 0.073104858 0.98463148 -0.17379734 0.017186522 5.0179443 0 0 0 1 -0.012549045 -0.00078281009 0.99992108 17.736862 -0.18371074 -0.98297542 -0.0030751233 0.073135376 0.98290038 -0.18373479 0.012191596 5.0179749 0 0 0 1 -0.011137248 -0.00078233326 0.99993771 17.736847 -0.18649404 -0.98245186 -0.0028458312 0.073120117 0.98239309 -0.18651409 0.010795951 5.0179749 0 0 0 1 -0.012145521 -0.00078267616 0.99992597 17.736862 -0.18450634 -0.98282683 -0.0030103922 0.073135376 0.98275638 -0.18452923 0.0117926 5.0180054 0 0 0 1 -0.014364244 -0.0007832424 0.99989659 17.736862 -0.18012999 -0.98363733 -0.0033581853 0.073120117 0.98353809 -0.18015958 0.013987958 5.0180054 0 0 0 1 -0.016582249 -0.00078364462 0.99986213 17.736877 -0.1757495 -0.98442817 -0.003686256 0.073135376 0.98429525 -0.17578641 0.016186114 5.0179749 0 0 0 1 -0.01759064 -0.00078422565 0.99984503 17.736855 -0.17375694 -0.98478109 -0.0038293749 0.073135376 0.98463148 -0.17379734 0.017186522 5.0179749 0 0 0 1 </float_array>
        <technique_common>
          <accessor count="23" offset="0" source="#B_L_Clavicle_matrix-output-array" stride="16">
            <param name="TRANSFORM" type="float4x4" />
          </accessor>
        </technique_common>
      </source>
      <source id="B_L_Clavicle_matrix-interpolation">
        <Name_array id="B_L_Clavicle_matrix-interpolation-array" count="23"> LINEAR LINEAR LINEAR LINEAR LINEAR LINEAR LINEAR LINEAR LINEAR LINEAR LINEAR LINEAR LINEAR LINEAR LINEAR LINEAR LINEAR LINEAR LINEAR LINEAR LINEAR LINEAR LINEAR </Name_array>
        <technique_common>
          <accessor source="#B_L_Clavicle_matrix-interpolation-array" count="23" stride="1">
            <param name="INTERPOLATION" type="name"></param>
          </accessor>
        </technique_common>
      </source>
      <source id="B_L_Finger0_matrix-input" name="B_L_Finger0_matrix-input">
        <float_array id="B_L_Finger0_matrix-input-array" count="23"> 0 1 2 3 4 5 6 7 8 9 10 11 12 13 14 15 16 17 18 19 20 21 22 </float_array>
        <technique_common>
          <accessor count="23" offset="0" source="#B_L_Finger0_matrix-input-array" stride="1">
            <param name="TIME" type="float" />
          </accessor>
        </technique_common>
      </source>
      <source id="B_L_Finger0_matrix-output" name="B_L_Finger0_matrix-output">
        <float_array id="B_L_Finger0_matrix-output-array" count="368"> 0.80900669 0.13246357 0.57267964 1.4603271 0.15583248 0.89108169 -0.42625138 1.9355469 -0.56676686 0.43408218 0.70024884 -2.4376602 0 0 0 1 0.80854857 0.13246381 0.57332575 1.4603252 0.15617293 0.89108121 -0.4261269 1.9355545 -0.56732619 0.43408221 0.69979542 -2.4376488 0 0 0 1 0.80900657 0.13246363 0.57267958 1.4603243 0.15583241 0.89108145 -0.42625135 1.9355545 -0.5667668 0.43408212 0.70024878 -2.4376545 0 0 0 1 0.81217957 0.13246359 0.56817043 1.4603195 0.15345891 0.89108157 -0.42711154 1.935545 -0.56286269 0.43408209 0.70339078 -2.4376526 0 0 0 1 0.81612766 0.13246383 0.56248486 1.460331 0.15047249 0.89108145 -0.42817312 1.9355469 -0.55793703 0.43408236 0.70730406 -2.4376526 0 0 0 1 0.81805348 0.13246371 0.55968046 1.4603271 0.14900206 0.89108151 -0.42868695 1.9355392 -0.55550623 0.43408227 0.70921504 -2.4376526 0 0 0 1 0.81725264 0.13246368 0.56084919 1.4603195 0.14961465 0.89108157 -0.42847338 1.9355316 -0.55651945 0.43408215 0.70842022 -2.4376831 0 0 0 1 0.8152858 0.13246366 0.56370425 1.4603195 0.15111239 0.89108139 -0.42794749 1.9355392 -0.55899364 0.43408215 0.70646936 -2.4376678 0 0 0 1 0.81280851 0.13246375 0.5672707 1.4603195 0.15298571 0.89108145 -0.42728138 1.9355316 -0.56208354 0.43408206 0.70401365 -2.4376526 0 0 0 1 0.81048781 0.1324638 0.5705812 1.4603424 0.1547273 0.89108145 -0.42665389 1.9355469 -0.56495029 0.43408227 0.70171505 -2.4376526 0 0 0 1 0.80900651 0.13246383 0.57267946 1.4603119 0.15583234 0.89108127 -0.42625162 1.9355469 -0.5667668 0.43408227 0.70024854 -2.4376602 0 0 0 1 0.80842829 0.1324636 0.57349551 1.4603577 0.15626234 0.89108157 -0.42609391 1.9355469 -0.56747293 0.43408209 0.69967675 -2.4376545 0 0 0 1 0.80826658 0.13246374 0.57372361 1.4603271 0.15638265 0.89108139 -0.42604983 1.9355469 -0.5676707 0.43408209 0.69951624 -2.4376602 0 0 0 1 0.80838221 0.13246372 0.57356042 1.4603195 0.1562967 0.89108127 -0.42608151 1.9355469 -0.56752926 0.43408227 0.69963074 -2.4376678 0 0 0 1 0.80863678 0.1324638 0.57320178 1.4603233 0.15610753 0.89108151 -0.42615083 1.9355469 -0.5672189 0.43408221 0.69988275 -2.4376526 0 0 0 1 0.80889094 0.13246374 0.57284307 1.4603271 0.15591846 0.89108157 -0.42621994 1.9355469 -0.56690836 0.43408212 0.70013434 -2.4376526 0 0 0 1 0.80900657 0.1324636 0.57267976 1.4603119 0.1558326 0.89108163 -0.42625141 1.9355469 -0.56676698 0.43408227 0.70024872 -2.4376831 0 0 0 1 0.80900657 0.13246356 0.57267952 1.4603119 0.1558325 0.89108127 -0.42625135 1.9355469 -0.5667668 0.43408209 0.70024866 -2.4376526 0 0 0 1 0.80900675 0.1324635 0.57267958 1.4603424 0.15583251 0.89108145 -0.42625126 1.9355316 -0.56676692 0.43408209 0.70024884 -2.4376526 0 0 0 1 0.80900639 0.1324638 0.5726797 1.4603424 0.15583241 0.89108157 -0.42625132 1.9355469 -0.5667671 0.43408212 0.70024848 -2.4376221 0 0 0 1 0.80900651 0.13246359 0.57267958 1.4603271 0.1558325 0.89108139 -0.42625144 1.9355316 -0.56676674 0.43408221 0.70024878 -2.4376526 0 0 0 1 0.80900645 0.13246378 0.57267952 1.4603271 0.15583238 0.89108133 -0.42625156 1.9355469 -0.56676674 0.43408227 0.70024866 -2.4376526 0 0 0 1 0.80900669 0.13246357 0.57267964 1.4603424 0.15583248 0.89108169 -0.42625138 1.9355469 -0.56676686 0.43408218 0.70024884 -2.4376526 0 0 0 1 </float_array>
        <technique_common>
          <accessor count="23" offset="0" source="#B_L_Finger0_matrix-output-array" stride="16">
            <param name="TRANSFORM" type="float4x4" />
          </accessor>
        </technique_common>
      </source>
      <source id="B_L_Finger0_matrix-interpolation">
        <Name_array id="B_L_Finger0_matrix-interpolation-array" count="23"> LINEAR LINEAR LINEAR LINEAR LINEAR LINEAR LINEAR LINEAR LINEAR LINEAR LINEAR LINEAR LINEAR LINEAR LINEAR LINEAR LINEAR LINEAR LINEAR LINEAR LINEAR LINEAR LINEAR </Name_array>
        <technique_common>
          <accessor source="#B_L_Finger0_matrix-interpolation-array" count="23" stride="1">
            <param name="INTERPOLATION" type="name"></param>
          </accessor>
        </technique_common>
      </source>
      <source id="B_L_Finger01_matrix-input" name="B_L_Finger01_matrix-input">
        <float_array id="B_L_Finger01_matrix-input-array" count="23"> 0 1 2 3 4 5 6 7 8 9 10 11 12 13 14 15 16 17 18 19 20 21 22 </float_array>
        <technique_common>
          <accessor count="23" offset="0" source="#B_L_Finger01_matrix-input-array" stride="1">
            <param name="TIME" type="float" />
          </accessor>
        </technique_common>
      </source>
      <source id="B_L_Finger01_matrix-output" name="B_L_Finger01_matrix-output">
