<?xml version="1.0" encoding="UTF-8" standalone="no" ?>
<COLLADA xmlns="http://www.collada.org/2005/11/COLLADASchema" version="1.4.1">
  <asset>
    <contributor>
      <author>Assimp</author>
      <authoring_tool>FBX SDK/FBX Plugins version 2013.1</authoring_tool>
    </contributor>
    <created>2020-08-21T10:31:41</created>
    <modified>2020-08-21T10:31:41</modified>
    <unit name="meter" meter="1" />
    <up_axis>Y_UP</up_axis>
  </asset>
  <library_geometries>
  </library_geometries>
  <library_controllers>
  </library_controllers>
  <library_visual_scenes>
    <visual_scene id="RootNode" name="RootNode">
      <node id="Motion_aAssimpFbxa_Translation"  name="Motion_$AssimpFbx$_Translation" type="NODE">
        <matrix sid="matrix">1 0 0 9.92585e-07 0 1 0 0 0 0 1 -0.17328988 0 0 0 1</matrix>
        <node id="Motion_aAssimpFbxa_PreRotation"  name="Motion_$AssimpFbx$_PreRotation" type="NODE">
          <matrix sid="matrix">1 0 0 0 0 -4.3711388e-08 1 0 0 -1 -4.3711388e-08 0 0 0 0 1</matrix>
          <node id="Motion_aAssimpFbxa_Rotation"  name="Motion_$AssimpFbx$_Rotation" type="NODE">
            <matrix sid="matrix">1.3868001e-06 1 0 0 -1 1.3868001e-06 0 0 0 0 1 0 0 0 0 1</matrix>
            <node id="Motion_aAssimpFbxa_Scaling"  name="Motion_$AssimpFbx$_Scaling" type="NODE">
              <matrix sid="matrix">1 0 0 0 0 1 0 0 0 0 1 0 0 0 0 1</matrix>
              <node id="Motion"  name="Motion" type="NODE">
                <matrix sid="matrix">1 0 0 0 0 1 0 0 0 0 1 0 0 0 0 1</matrix>
                <node id="B_Pelvis"  name="B_Pelvis" type="NODE">
                  <matrix sid="matrix">0.17364918 0.98105997 -0.085832715 0.17328988 0.085830249 0.071748495 0.99372292 -1.2122457e-06 0.98106021 -0.17992622 -0.071745552 106.36485 0 0 0 1</matrix>
                  <node id="B_Spine"  name="B_Spine" type="NODE">
                    <matrix sid="matrix">0.93684787 -0.34908271 0.021382503 7.6509399 0.31093115 0.85933065 0.40604508 -1.6739311 -0.16011795 -0.37375399 0.91360283 -0.53649616 0 0 0 1</matrix>
                    <node id="B_Spine1"  name="B_Spine1" type="NODE">
                      <matrix sid="matrix">1 0 0 12.747421 0 1 0 -0.014278412 0 0 1 9.5367432e-07 0 0 0 1</matrix>
                      <node id="B_Spine2"  name="B_Spine2" type="NODE">
                        <matrix sid="matrix">1 0 0 17.934151 0 1 0.00014975294 -0.026481628 0 -0.00014975294 1 -1.7166138e-05 0 0 0 1</matrix>
                        <node id="B_L_Clavicle"  name="B_L_Clavicle" type="NODE">
                          <matrix sid="matrix">0.069894396 -0.00078445673 0.99755406 17.736862 0.17302074 -0.98483372 -0.012897313 0.073143005 0.98243505 0.17349899 -0.06869863 5.0180178 0 0 0 1</matrix>
                          <node id="B_L_UpperArm"  name="B_L_UpperArm" type="NODE">
                            <matrix sid="matrix">0.62538964 0.23119467 0.74527627 17.464661 -0.58018798 0.77644634 0.24599367 0 -0.52179468 -0.58624226 0.6197179 0 0 0 0 1</matrix>
                            <node id="B_L_Forearm"  name="B_L_Forearm" type="NODE">
                              <matrix sid="matrix">-0.15866867 0.98072684 0.11401371 27.628181 -0.98733187 -0.15760718 -0.018322831 -7.6293945e-06 -3.1292439e-07 -0.11547664 0.99331021 -7.6293945e-06 0 0 0 1</matrix>
                              <node id="B_L_ForeArmTwist"  name="B_L_ForeArmTwist" type="NODE">
                                <matrix sid="matrix">1 1.301066e-07 -3.4491086e-07 11.992638 -8.9406946e-08 0.99331015 0.115477 -7.6293945e-06 3.5762778e-07 -0.115477 0.99331015 1.5258789e-05 0 0 0 1</matrix>
                                <node id="B_L_Hand"  name="B_L_Hand" type="NODE">
                                  <matrix sid="matrix">0.84099746 -0.29269972 0.4550277 11.992645 -0.46482605 0.039506823 0.88452017 0 -0.2768755 -0.95538789 -0.1028293 0 0 0 0 1</matrix>
                                  <node id="B_L_Finger0"  name="B_L_Finger0" type="NODE">
                                    <matrix sid="matrix">0.80900657 0.13246369 0.57267946 1.4603271 0.15583244 0.89108139 -0.42625135 1.9355469 -0.5667668 0.43408221 0.7002486 -2.4376602 0 0 0 1</matrix>
                                    <node id="B_L_Finger01"  name="B_L_Finger01" type="NODE">
                                      <matrix sid="matrix">0.80299324 -0.59598815 -4.3375042e-08 3.7140121 0.59598815 0.80299324 -3.2193313e-08 -1.5258789e-05 5.4016699e-08 0 1 -1.9073486e-05 0 0 0 1</matrix>
                                      <node id="B_L_Finger02"  name="B_L_Finger02" type="NODE">
                                        <matrix sid="matrix">0.55218452 -0.83372194 -8.9102144e-08 5.5299377 0.83372194 0.55218452 8.1354784e-08 0 -1.8626444e-08 -1.1920926e-07 1 1.9073486e-05 0 0 0 1</matrix>
                                      </node>
                                    </node>
                                  </node>
                                  <node id="B_L_Finger1"  name="B_L_Finger1" type="NODE">
                                    <matrix sid="matrix">0.83557719 -0.53770286 0.11263384 11.62545 0.54502636 0.78561705 -0.29283461 3.1205444 0.068970941 0.30607435 0.94950593 -3.0983505 0 0 0 1</matrix>
                                    <node id="B_L_Finger11"  name="B_L_Finger11" type="NODE">
                                      <matrix sid="matrix">-0.25881925 -0.96592575 9.6122179e-08 4.4568272 0.96592575 -0.25881925 8.7463164e-08 -1.5258789e-05 -5.9604652e-08 1.1548403e-07 1 1.9073486e-05 0 0 0 1</matrix>
                                      <node id="B_L_Finger12"  name="B_L_Finger12" type="NODE">
                                        <matrix sid="matrix">0.57357639 -0.81915206 3.1127368e-07 3.3311615 0.81915206 0.57357639 -1.2700137e-07 -1.335144e-05 -7.4505792e-08 3.2782546e-07 1 -3.0517578e-05 0 0 0 1</matrix>
                                      </node>
                                    </node>
                                  </node>
                                  <node id="B_L_Finger2"  name="B_L_Finger2" type="NODE">
                                    <matrix sid="matrix">0.83099186 -0.55439371 0.045828857 11.814072 0.55566931 0.82337689 -0.11524844 2.4380798 0.026158582 0.1212362 0.99227893 0.83573151 0 0 0 1</matrix>
                                    <node id="B_L_Finger21"  name="B_L_Finger21" type="NODE">
                                      <matrix sid="matrix">-0.62068564 -0.78405952 6.0363527e-07 5.1996279 0.78405952 -0.62068564 1.7377415e-07 3.0517578e-05 2.3841845e-07 5.8114512e-07 1 7.6293945e-06 0 0 0 1</matrix>
                                      <node id="B_L_Finger22"  name="B_L_Finger22" type="NODE">
                                        <matrix sid="matrix">0.44828629 -0.89389002 -4.9940013e-08 5.1996155 0.89389002 0.44828629 3.3379948e-08 2.2888184e-05 -7.4505797e-09 -5.9604652e-08 1 -7.6293945e-06 0 0 0 1</matrix>
                                      </node>
                                    </node>
                                  </node>
                                  <node id="B_L_Finger3"  name="B_L_Finger3" type="NODE">
                                    <matrix sid="matrix">0.75788027 -0.65239364 0.00029721486 11.814056 0.65239358 0.75788033 6.0174054e-05 1.9342422 -0.00026451045 0.00014829633 0.99999994 4.6002464 0 0 0 1</matrix>
                                    <node id="B_L_Finger31"  name="B_L_Finger31" type="NODE">
                                      <matrix sid="matrix">-0.058767218 -0.9982717 -1.0086274e-06 4.4568081 0.9982717 -0.058767218 -1.313241e-06 0 1.2516972e-06 -1.0840597e-06 1 -3.8146973e-06 0 0 0 1</matrix>
                                      <node id="B_L_Finger32"  name="B_L_Finger32" type="NODE">
                                        <matrix sid="matrix">-0.058767099 -0.9982717 -1.8490805e-06 4.4567719 0.9982717 -0.058767099 -1.553036e-06 -1.7166138e-05 1.4416869e-06 -1.9371523e-06 1 1.1444092e-05 0 0 0 1</matrix>
                                      </node>
                                    </node>
                                  </node>
                                  <node id="B_L_Finger4"  name="B_L_Finger4" type="NODE">
                                    <matrix sid="matrix">0.75836176 -0.63980472 -0.12464931 11.857178 0.63424903 0.76840383 -0.085345082 4.052887 0.15038519 -0.014336256 0.98852354 6.514534 0 0 0 1</matrix>
                                    <node id="B_L_Finger41"  name="B_L_Finger41" type="NODE">
                                      <matrix sid="matrix">-0.18123181 -0.9834404 -2.1084411e-06 3.3276606 0.9834404 -0.18123181 -3.9341362e-06 0 3.4868717e-06 -2.7865169e-06 1 3.8146973e-06 0 0 0 1</matrix>
                                      <node id="B_L_Finger42"  name="B_L_Finger42" type="NODE">
                                        <matrix sid="matrix">0.0019770411 -0.99999803 -2.3309692e-06 3.3276672 0.99999803 0.0019770411 -3.2289506e-06 -2.0980835e-05 3.2335529e-06 -2.3245809e-06 1 -1.9073486e-05 0 0 0 1</matrix>
                                      </node>
                                    </node>
                                  </node>
                                </node>
                              </node>
                            </node>
                          </node>
                        </node>
                        <node id="B_R_Clavicle"  name="B_R_Clavicle" type="NODE">
                          <matrix sid="matrix">0.069894381 -0.0007840991 -0.99755406 17.736847 0.17331852 -0.98478109 0.012917787 0.074661255 -0.98238254 -0.17379749 -0.068694763 -5.0179634 0 0 0 1</matrix>
                          <node id="B_R_UpperArm"  name="B_R_UpperArm" type="NODE">
                            <matrix sid="matrix">0.31349954 0.20671332 -0.92681587 17.464645 0.20784357 0.93741512 0.27938133 1.5258789e-05 0.92656302 -0.28021866 0.25091517 -1.5258789e-05 0 0 0 1</matrix>
                            <node id="B_R_Forearm"  name="B_R_Forearm" type="NODE">
                              <matrix sid="matrix">-0.25204346 0.96107948 -0.11313811 27.628189 -0.96771592 -0.25031498 0.029467035 -7.6293945e-06 0 0.11691252 0.99314219 3.8146973e-06 0 0 0 1</matrix>
                              <node id="B_R_ForeArmTwist"  name="B_R_ForeArmTwist" type="NODE">
                                <matrix sid="matrix">1 5.6147158e-08 -3.286674e-08 11.992638 -5.9604652e-08 0.99314219 -0.11691263 -1.5258789e-05 2.6077034e-08 0.11691263 0.99314219 0 0 0 0 1</matrix>
                                <node id="B_R_Hand"  name="B_R_Hand" type="NODE">
                                  <matrix sid="matrix">0.93506563 -0.16567813 -0.31337368 11.992638 -0.32684872 -0.060821254 -0.9431175 -1.5258789e-05 0.13719417 0.98430258 -0.11102355 -1.7166138e-05 0 0 0 1</matrix>
                                  <node id="B_R_Finger0"  name="B_R_Finger0" type="NODE">
                                    <matrix sid="matrix">0.80900663 0.13246378 -0.5726794 1.4603157 0.15583235 0.89108139 0.42625147 1.9355469 0.5667668 -0.43408221 0.7002486 2.4376831 0 0 0 1</matrix>
                                    <node id="B_R_Finger01"  name="B_R_Finger01" type="NODE">
                                      <matrix sid="matrix">0.80299306 -0.59598833 -3.4550862e-07 3.7140198 0.59598833 0.80299306 4.0472884e-08 -1.5258789e-05 2.5331968e-07 -2.3841858e-07 1 7.6293945e-06 0 0 0 1</matrix>
                                      <node id="B_R_Finger02"  name="B_R_Finger02" type="NODE">
                                        <matrix sid="matrix">0.55218434 -0.83372205 1.7392792e-07 5.5299349 0.83372205 0.55218434 -1.1519459e-07 1.5258789e-05 0 2.0861619e-07 1 1.5258789e-05 0 0 0 1</matrix>
                                      </node>
                                    </node>
                                  </node>
                                  <node id="B_R_Finger1"  name="B_R_Finger1" type="NODE">
                                    <matrix sid="matrix">0.83557713 -0.53770298 -0.11263378 11.625463 0.54502648 0.78561687 0.29283491 3.1205521 -0.068971194 -0.30607453 0.94950587 3.0983582 0 0 0 1</matrix>
                                    <node id="B_R_Finger11"  name="B_R_Finger11" type="NODE">
                                      <matrix sid="matrix">-0.25881937 -0.96592575 -1.2568401e-07 4.4568119 0.96592575 -0.25881937 -4.9103793e-08 3.8146973e-06 1.4901159e-08 -1.3411044e-07 1 0 0 0 0 1</matrix>
                                      <node id="B_R_Finger12"  name="B_R_Finger12" type="NODE">
                                        <matrix sid="matrix">0.57357615 -0.81915224 2.4110639e-07 3.3311424 0.81915224 0.57357615 5.8562541e-08 -7.6293945e-06 -1.8626451e-07 1.6391276e-07 1 0 0 0 0 1</matrix>
                                      </node>
                                    </node>
                                  </node>
                                  <node id="B_R_Finger2"  name="B_R_Finger2" type="NODE">
                                    <matrix sid="matrix">0.83099163 -0.55439395 -0.045829184 11.814064 0.55566961 0.82337672 0.11524829 2.4381237 -0.026158269 -0.12123624 0.99227893 -0.83570862 0 0 0 1</matrix>
                                    <node id="B_R_Finger21"  name="B_R_Finger21" type="NODE">
                                      <matrix sid="matrix">-0.62068546 -0.7840597 -1.2077618e-07 5.1995955 0.7840597 -0.62068546 -1.9589542e-08 -9.5367432e-06 -5.9604641e-08 -1.0685467e-07 1 -3.0517578e-05 0 0 0 1</matrix>
                                      <node id="B_R_Finger22"  name="B_R_Finger22" type="NODE">
                                        <matrix sid="matrix">0.44828618 -0.89389008 -3.996e-08 5.1996059 0.89389008 0.44828618 2.0039954e-08 5.7220459e-06 0 -4.4703484e-08 1 3.0517578e-05 0 0 0 1</matrix>
                                      </node>
                                    </node>
                                  </node>
                                  <node id="B_R_Finger3"  name="B_R_Finger3" type="NODE">
                                    <matrix sid="matrix">0.75788003 -0.65239382 -0.00029826356 11.814074 0.65239382 0.75788009 -5.9504018e-05 1.934267 0.00026486808 -0.00014948841 0.99999994 -4.6002426 0 0 0 1</matrix>
                                    <node id="B_R_Finger31"  name="B_R_Finger31" type="NODE">
                                      <matrix sid="matrix">-0.058767218 -0.9982717 -2.2529159e-08 4.4567862 0.9982717 -0.058767218 -6.1034108e-08 -5.7220459e-06 5.9604645e-08 -2.6077027e-08 1 0 0 0 0 1</matrix>
                                      <node id="B_R_Finger32"  name="B_R_Finger32" type="NODE">
                                        <matrix sid="matrix">-0.058767218 -0.9982717 5.4755543e-07 4.4568253 0.9982717 -0.058767218 -1.730117e-07 3.3378601e-06 2.0489099e-07 5.3644169e-07 1 -1.5258789e-05 0 0 0 1</matrix>
                                      </node>
                                    </node>
                                  </node>
                                  <node id="B_R_Finger4"  name="B_R_Finger4" type="NODE">
                                    <matrix sid="matrix">0.75836164 -0.63980514 0.12464761 11.857229 0.63424915 0.76840353 0.085346855 4.0528755 -0.15038501 0.014333859 0.9885236 -6.5145493 0 0 0 1</matrix>
                                    <node id="B_R_Finger41"  name="B_R_Finger41" type="NODE">
                                      <matrix sid="matrix">-0.18123145 -0.98344046 2.4213409e-07 3.3276749 0.98344046 -0.18123145 7.4161682e-07 2.6702881e-05 -6.8545364e-07 3.7252877e-07 1 3.0517578e-05 0 0 0 1</matrix>
                                      <node id="B_R_Finger42"  name="B_R_Finger42" type="NODE">
                                        <matrix sid="matrix">0.0019770411 -0.99999803 3.588938e-07 3.3277054 0.99999803 0.0019770411 6.4004183e-07 3.8146973e-05 -6.407501e-07 3.5762773e-07 1 -7.6293945e-06 0 0 0 1</matrix>
                                      </node>
                                    </node>
                                  </node>
                                </node>
                              </node>
                            </node>
                          </node>
                        </node>
                        <node id="B_Neck"  name="B_Neck" type="NODE">
                          <matrix sid="matrix">0.83446711 0.54374862 0.089453831 27.033615 -0.54300719 0.8390162 -0.034567814 1.1293678 -0.093849413 -0.019728368 0.99539095 0.0003452301 0 0 0 1</matrix>
                          <node id="B_Head"  name="B_Head" type="NODE">
                            <matrix sid="matrix">0.91193795 -0.40734631 0.04937797 10.019302 0.39940807 0.85364026 -0.33432245 1.4083138 0.094033994 0.32460329 0.94116431 4.7683716e-07 0 0 0 1</matrix>
                          </node>
                        </node>
                      </node>
                    </node>
                  </node>
                  <node id="B_L_Thigh"  name="B_L_Thigh" type="NODE">
                    <matrix sid="matrix">-0.98107839 -0.13758774 -0.13621619 0 -0.14791283 0.9866057 0.068781994 2.0980835e-05 0.12492812 0.087628648 -0.98828852 11.161452 0 0 0 1</matrix>
                    <node id="B_L_Calf"  name="B_L_Calf" type="NODE">
                      <matrix sid="matrix">0.71755916 0.69649756 6.7168548e-07 50.282745 -0.69649756 0.71755916 7.7895938e-06 0 4.9434593e-06 -6.0573216e-06 1 3.8146973e-06 0 0 0 1</matrix>
                      <node id="B_L_Foot"  name="B_L_Foot" type="NODE">
                        <matrix sid="matrix">0.93758887 -0.33676443 0.086699173 39.72813 0.34580475 0.92921811 -0.13027918 0 -0.036689058 0.15212931 0.98767942 -5.7220459e-06 0 0 0 1</matrix>
                        <node id="B_L_Toe0"  name="B_L_Toe0" type="NODE">
                          <matrix sid="matrix">-4.3711388e-08 -1 -5.6345016e-08 18.214443 1 -4.3711388e-08 -2.4629188e-15 14.545956 0 -5.6345016e-08 1 0.020650864 0 0 0 1</matrix>
                        </node>
                      </node>
                    </node>
                  </node>
                  <node id="B_R_Thigh"  name="B_R_Thigh" type="NODE">
                    <matrix sid="matrix">-0.63491726 0.77256542 -0.0047520027 0 0.75825799 0.62195647 -0.1954861 -1.1444092e-05 -0.14807029 -0.12772074 -0.98069495 -11.161453 0 0 0 1</matrix>
                    <node id="B_R_Calf"  name="B_R_Calf" type="NODE">
                      <matrix sid="matrix">-0.29973674 0.95402193 -8.3116561e-08 50.282753 -0.95402193 -0.29973674 -4.7885364e-06 7.6293945e-06 -4.593282e-06 -1.3560053e-06 1 1.9073486e-06 0 0 0 1</matrix>
                      <node id="B_R_Foot"  name="B_R_Foot" type="NODE">
                        <matrix sid="matrix">0.88908505 0.36104482 0.28137946 39.72813 -0.37462351 0.92715794 -0.0059472173 0 -0.26303044 -0.10012379 0.95957816 3.8146973e-06 0 0 0 1</matrix>
                        <node id="B_R_Toe0"  name="B_R_Toe0" type="NODE">
                          <matrix sid="matrix">0.30152699 0.67160189 0.67678088 18.214439 0.92312485 -0.38325176 -0.030961916 14.545952 0.23858337 0.63408905 -0.73553312 -0.020652771 0 0 0 1</matrix>
                        </node>
                      </node>
                    </node>
                  </node>
                </node>
              </node>
            </node>
          </node>
        </node>
      </node>
      <node id="Exporter_aAssimpFbxa_PreRotation"  name="Exporter_$AssimpFbx$_PreRotation" type="NODE">
        <matrix sid="matrix">1 0 0 0 0 -4.3711388e-08 1 0 0 -1 -4.3711388e-08 0 0 0 0 1</matrix>
        <node id="Exporter"  name="Exporter" type="NODE">
          <matrix sid="matrix">1 0 0 0 0 1 0 0 0 0 1 0 0 0 0 1</matrix>
        </node>
      </node>
    </visual_scene>
  </library_visual_scenes>
  <library_animations>
    <animation id="TakeW001AnimId0" name="Take 001">
      <source id="B_Head_matrix-input" name="B_Head_matrix-input">
        <float_array id="B_Head_matrix-input-array" count="33"> 0 1 2 3 4 5 6 7 8 9 10 11 12 13 14 15 16 17 18 19 20 21 22 23 24 25 26 27 28 29 30 31 32 </float_array>
        <technique_common>
          <accessor count="33" offset="0" source="#B_Head_matrix-input-array" stride="1">
            <param name="TIME" type="float" />
          </accessor>
        </technique_common>
      </source>
      <source id="B_Head_matrix-output" name="B_Head_matrix-output">
        <float_array id="B_Head_matrix-output-array" count="528"> 0.91193807 -0.40734631 0.049377978 10.019302 0.3994081 0.85364026 -0.33432251 1.4083138 0.094034009 0.32460329 0.94116443 4.7683716e-07 0 0 0 1 0.99304152 0.051005863 0.10614726 10.019318 0.0072619552 0.8731032 -0.48748142 1.4083147 -0.11754192 0.48486 0.86665732 -3.8146973e-06 0 0 0 1 0.98269957 0.18321995 0.027058624 10.019318 -0.14328419 0.84467173 -0.51575094 1.4083157 -0.11735155 0.50295097 0.8563112 0 0 0 0 1 0.97410852 0.1891633 -0.12381119 10.019302 -0.22530025 0.8576684 -0.462217 1.4083099 0.018754462 0.47814438 0.8780809 0 0 0 0 1 0.95942718 0.027471932 -0.28061464 10.019314 -0.035366084 0.99910742 -0.023105657 1.4082947 0.2797294 0.032092448 0.95954227 0 0 0 0 1 0.96613705 0.0087853214 -0.25787982 10.019302 0.0020228622 0.99913174 0.041616496 1.4083099 0.2580215 -0.040728897 0.96528029 -1.5258789e-05 0 0 0 1 0.96850812 0.0056593511 -0.24891719 10.019318 0.0095377276 0.99816465 0.059804361 1.4083099 0.2487987 -0.060295124 0.96667671 0 0 0 0 1 0.9657222 0.014489203 -0.25917253 10.019333 -0.0047590379 0.99926132 0.038131308 1.4083176 0.25953364 -0.03559085 0.96507776 0 0 0 0 1 0.95942712 0.027471742 -0.28061464 10.019302 -0.035365909 0.99910742 -0.023105746 1.4083252 0.27972937 0.032092482 0.95954227 -1.5258789e-05 0 0 0 1 0.96208316 0.057540201 -0.26661849 10.019318 -0.13300334 0.95237303 -0.27440161 1.4083099 0.23813106 0.2994583 0.92391479 0 0 0 0 1 0.9859069 0.13624491 -0.09708339 10.019318 -0.16636829 0.85948747 -0.48332474 1.4083252 0.017591408 0.49266464 0.87004149 1.5258789e-05 0 0 0 1 0.9834044 0.16812733 -0.068183221 10.019302 -0.17943616 0.84579331 -0.50243032 1.4083099 -0.026803343 0.50632656 0.86192524 3.0517578e-05 0 0 0 1 0.97885132 0.17527623 -0.10549223 10.019318 -0.20449746 0.85243034 -0.48118928 1.4083405 0.0055837338 0.49258545 0.87024623 3.0517578e-05 0 0 0 1 0.97410882 0.18916315 -0.12381118 10.019287 -0.22530018 0.85766852 -0.46221703 1.4082947 0.018754514 0.47814444 0.8780809 -3.0517578e-05 0 0 0 1 0.97022676 0.22184023 -0.09719491 10.019287 -0.24134181 0.85181594 -0.46493381 1.4083099 -0.020348853 0.47454843 0.87999409 0 0 0 0 1 0.96319401 0.26292196 -0.055938743 10.019318 -0.25768027 0.84385896 -0.47064081 1.4083176 -0.076537393 0.46773273 0.88054979 1.5258789e-05 0 0 0 1 0.9518975 0.30629596 -0.0085929036 10.019287 -0.27302918 0.83511508 -0.47753286 1.4083099 -0.13909031 0.4569084 0.87857187 7.6293945e-06 0 0 0 1 0.93748206 0.34617805 0.035893846 10.019287 -0.28660679 0.82641077 -0.48466691 1.4083138 -0.19744411 0.44407907 0.87396216 -3.8146973e-06 0 0 0 1 0.92349404 0.37746999 0.068373911 10.019333 -0.29791421 0.8179909 -0.49207491 1.4083138 -0.2416728 0.4340587 0.86786354 0 0 0 0 1 0.91495001 0.395603 0.079780139 10.019302 -0.30665663 0.81003052 -0.49981225 1.4083176 -0.26235163 0.43283808 0.86245161 1.9073486e-06 0 0 0 1 0.91636312 0.39564037 0.061217919 10.019302 -0.31320861 0.80371779 -0.50590354 1.4083138 -0.24935773 0.44441724 0.86041528 0 0 0 0 1 0.95377475 0.25397202 -0.16066115 10.019318 -0.29971477 0.84303921 -0.44660518 1.4083252 0.022018418 0.47411337 0.88018847 -3.8146973e-06 0 0 0 1 0.92625397 0.12229756 -0.35650638 10.019306 -0.23055276 0.93213034 -0.27924666 1.4083099 0.29815915 0.34084687 0.89158553 9.5367432e-07 0 0 0 1 0.91627145 0.10891692 -0.38546571 10.019306 -0.21056129 0.94960481 -0.23219521 1.4083176 0.34075007 0.29391795 0.89302957 -2.8610229e-06 0 0 0 1 0.91758746 0.11675081 -0.38000324 10.01931 -0.21959023 0.94568962 -0.23969094 1.4083099 0.33138084 0.30338246 0.89339024 9.5367432e-07 0 0 0 1 0.92625386 0.12229754 -0.35650629 10.01931 -0.2305527 0.93213022 -0.27924669 1.4083099 0.29815903 0.34084687 0.89158553 -9.5367432e-07 0 0 0 1 0.94195884 0.12158386 -0.31293905 10.019318 -0.23026648 0.9122963 -0.33866361 1.4083099 0.24431708 0.39106667 0.88734204 1.9073486e-06 0 0 0 1 0.9623118 0.12947482 -0.23914802 10.019302 -0.22038478 0.88651031 -0.40685335 1.4083176 0.15932992 0.44422445 0.88163394 0 0 0 0 1 0.97869396 0.14866935 -0.14161728 10.019302 -0.19816931 0.86444116 -0.46202883 1.4083099 0.053730264 0.48024914 0.87548494 0 0 0 0 1 0.98408639 0.17358993 -0.037950244 10.019318 -0.16961536 0.85404325 -0.4917731 1.4083138 -0.052955694 0.49038419 0.86989611 0 0 0 0 1 0.98408639 0.17358993 -0.037950244 10.019318 -0.16961536 0.85404325 -0.4917731 1.4083138 -0.052955694 0.49038419 0.86989611 0 0 0 0 1 0.98408639 0.17358993 -0.037950244 10.019318 -0.16961536 0.85404325 -0.4917731 1.4083138 -0.052955694 0.49038419 0.86989611 0 0 0 0 1 0.98408639 0.17358993 -0.037950244 10.019318 -0.16961536 0.85404325 -0.4917731 1.4083138 -0.052955694 0.49038419 0.86989611 0 0 0 0 1 </float_array>
        <technique_common>
          <accessor count="33" offset="0" source="#B_Head_matrix-output-array" stride="16">
            <param name="TRANSFORM" type="float4x4" />
          </accessor>
        </technique_common>
      </source>
      <source id="B_Head_matrix-interpolation">
        <Name_array id="B_Head_matrix-interpolation-array" count="33"> LINEAR LINEAR LINEAR LINEAR LINEAR LINEAR LINEAR LINEAR LINEAR LINEAR LINEAR LINEAR LINEAR LINEAR LINEAR LINEAR LINEAR LINEAR LINEAR LINEAR LINEAR LINEAR LINEAR LINEAR LINEAR LINEAR LINEAR LINEAR LINEAR LINEAR LINEAR LINEAR LINEAR </Name_array>
        <technique_common>
          <accessor source="#B_Head_matrix-interpolation-array" count="33" stride="1">
            <param name="INTERPOLATION" type="name"></param>
          </accessor>
        </technique_common>
      </source>
      <source id="B_L_Calf_matrix-input" name="B_L_Calf_matrix-input">
        <float_array id="B_L_Calf_matrix-input-array" count="33"> 0 1 2 3 4 5 6 7 8 9 10 11 12 13 14 15 16 17 18 19 20 21 22 23 24 25 26 27 28 29 30 31 32 </float_array>
        <technique_common>
          <accessor count="33" offset="0" source="#B_L_Calf_matrix-input-array" stride="1">
            <param name="TIME" type="float" />
          </accessor>
        </technique_common>
      </source>
      <source id="B_L_Calf_matrix-output" name="B_L_Calf_matrix-output">
        <float_array id="B_L_Calf_matrix-output-array" count="528"> 0.7175591 0.69649762 6.7168548e-07 50.282745 -0.69649762 0.7175591 7.7895947e-06 0 4.9434602e-06 -6.0573216e-06 1 3.8146973e-06 0 0 0 1 -0.13474882 0.99088007 8.9741656e-07 50.282745 -0.99087983 -0.13474885 6.9309294e-06 0 6.9886446e-06 4.4702812e-08 0.99999994 3.8146973e-06 0 0 0 1 -0.64454406 0.76456738 7.5691423e-07 50.282738 -0.76456732 -0.64454418 6.4464011e-06 7.6293945e-06 5.4165716e-06 3.5762787e-06 1 7.6293945e-06 0 0 0 1 -0.70603126 0.70818138 7.0405872e-07 50.282738 -0.70818156 -0.70603108 6.4469086e-06 -7.6293945e-06 5.0626691e-06 4.0531163e-06 1 3.8146973e-06 0 0 0 1 -0.7182529 0.6957823 6.7404807e-07 50.282745 -0.69578212 -0.71825308 6.4412038e-06 0 4.965812e-06 4.157424e-06 0.99999994 3.8146973e-06 0 0 0 1 -0.70805556 0.70615673 5.3535217e-07 50.282745 -0.70615679 -0.7080555 6.3423863e-06 0 4.857779e-06 4.11272e-06 0.99999988 7.6293945e-06 0 0 0 1 -0.69922853 0.71489817 6.8808049e-07 50.282745 -0.71489823 -0.69922847 6.3721891e-06 0 5.036592e-06 3.9637084e-06 1 1.5258789e-05 0 0 0 1 -0.69676071 0.71730399 6.2274916e-07 50.282745 -0.71730381 -0.69676089 6.4581936e-06 -3.8146973e-06 5.0663948e-06 4.0531172e-06 0.99999988 0 0 0 0 1 -0.69024175 0.72357899 6.6132901e-07 50.282761 -0.72357887 -0.69024187 6.3709958e-06 1.5258789e-05 5.0663953e-06 3.9190049e-06 0.99999994 3.0517578e-05 0 0 0 1 -0.68098944 0.73229325 7.5663138e-07 50.282753 -0.73229313 -0.68098956 6.459094e-06 0 5.2452083e-06 3.8444991e-06 1 0 0 0 0 1 -0.6703499 0.74204582 7.1504979e-07 50.282776 -0.74204582 -0.6703499 6.4376777e-06 0 5.2563851e-06 3.7848963e-06 1.0000001 -7.6293945e-06 0 0 0 1 -0.65973216 0.7515012 7.1743438e-07 50.282745 -0.75150126 -0.65973204 6.4328469e-06 7.6293945e-06 5.3076074e-06 3.7048021e-06 0.99999994 1.9073486e-06 0 0 0 1 -0.6506176 0.75940561 6.2402091e-07 50.282745 -0.75940549 -0.65061766 6.4312326e-06 -1.4305115e-06 5.2899122e-06 3.7103887e-06 1 7.6293945e-06 0 0 0 1 -0.64454406 0.7645672 7.617158e-07 50.282715 -0.76456732 -0.64454401 6.4520973e-06 -7.6293945e-06 5.4240227e-06 3.5762787e-06 0.99999988 1.5258789e-05 0 0 0 1 -0.64285064 0.76599169 8.1061944e-07 50.28273 -0.76599157 -0.6428507 6.5174631e-06 0 5.5134292e-06 3.5688281e-06 1 -1.5258789e-05 0 0 0 1 -0.644669 0.76446223 6.8660029e-07 50.282753 -0.76446211 -0.64466906 6.4772212e-06 1.5258789e-05 5.3942204e-06 3.650784e-06 1 0 0 0 0 1 -0.64822018 0.76145315 7.8604421e-07 50.282742 -0.76145297 -0.64822036 6.5323757e-06 0 5.4836264e-06 3.6358831e-06 1 -1.5258789e-05 0 0 0 1 -0.65173262 0.75844908 7.4171408e-07 50.282742 -0.75844908 -0.65173262 6.396232e-06 1.5258789e-05 5.3346162e-06 3.6060806e-06 1 1.5258789e-05 0 0 0 1 -0.65345901 0.75696206 6.5687999e-07 50.28273 -0.75696188 -0.65345913 6.5074091e-06 1.5258789e-05 5.3551053e-06 3.7550926e-06 0.99999994 0 0 0 0 1 -0.65165848 0.75851274 8.0102194e-07 50.282742 -0.75851279 -0.65165836 6.5117983e-06 0 5.4612756e-06 3.6358833e-06 0.99999994 0 0 0 0 1 -0.64454401 0.76456732 7.3412866e-07 50.282742 -0.7645672 -0.64454406 6.465611e-06 7.6293945e-06 5.4165721e-06 3.606081e-06 1 0 0 0 0 1 -0.60609728 0.79539067 7.2403708e-07 50.282745 -0.79539067 -0.60609728 6.6048124e-06 -3.8146973e-06 5.6922431e-06 3.4272671e-06 0.99999994 7.6293945e-06 0 0 0 1 -0.54640949 0.83751839 8.6937257e-07 50.282761 -0.83751822 -0.54640961 6.5140425e-06 -5.7220459e-06 5.9306622e-06 2.8312199e-06 1 3.8146973e-06 0 0 0 1 -0.60049617 0.79962802 7.6101696e-07 50.282761 -0.7996279 -0.60049629 6.5098452e-06 -2.8610229e-06 5.6624417e-06 3.300607e-06 1 5.7220459e-06 0 0 0 1 -0.5909785 0.80668765 8.4697785e-07 50.282753 -0.80668777 -0.59097838 6.6944294e-06 1.9073486e-06 5.9008603e-06 3.2730165e-06 1 0 0 0 0 1 -0.54640949 0.83751822 8.2432302e-07 50.282745 -0.83751822 -0.54640949 6.4722653e-06 0 5.8710575e-06 2.8461211e-06 1 3.8146973e-06 0 0 0 1 -0.43710512 0.89941055 9.3783581e-07 50.282749 -0.89941055 -0.43710512 6.6683288e-06 -1.9073486e-06 6.4074989e-06 2.0712616e-06 0.99999988 3.8146973e-06 0 0 0 1 -0.17189108 0.98511624 9.6897725e-07 50.282749 -0.98511589 -0.17189114 6.9402877e-06 0 7.0035458e-06 2.3841864e-07 1 3.8146973e-06 0 0 0 1 0.28167856 0.95950907 8.1098983e-07 50.282753 -0.95950907 0.28167856 7.2886924e-06 0 6.7651281e-06 -2.8312206e-06 1 1.5258789e-05 0 0 0 1 0.87463474 0.48478273 4.7988232e-07 50.282745 -0.48478273 0.87463474 7.9969668e-06 1.9073486e-06 3.4570696e-06 -7.2270645e-06 0.99999994 0 0 0 0 1 0.87463474 0.48478273 4.7988232e-07 50.282745 -0.48478273 0.87463474 7.9969668e-06 1.9073486e-06 3.4570696e-06 -7.2270645e-06 0.99999994 0 0 0 0 1 0.87463474 0.48478273 4.7988232e-07 50.282745 -0.48478273 0.87463474 7.9969668e-06 1.9073486e-06 3.4570696e-06 -7.2270645e-06 0.99999994 0 0 0 0 1 0.87463474 0.48478273 4.7988232e-07 50.282745 -0.48478273 0.87463474 7.9969668e-06 1.9073486e-06 3.4570696e-06 -7.2270645e-06 0.99999994 0 0 0 0 1 </float_array>
        <technique_common>
          <accessor count="33" offset="0" source="#B_L_Calf_matrix-output-array" stride="16">
            <param name="TRANSFORM" type="float4x4" />
          </accessor>
        </technique_common>
      </source>
      <source id="B_L_Calf_matrix-interpolation">
        <Name_array id="B_L_Calf_matrix-interpolation-array" count="33"> LINEAR LINEAR LINEAR LINEAR LINEAR LINEAR LINEAR LINEAR LINEAR LINEAR LINEAR LINEAR LINEAR LINEAR LINEAR LINEAR LINEAR LINEAR LINEAR LINEAR LINEAR LINEAR LINEAR LINEAR LINEAR LINEAR LINEAR LINEAR LINEAR LINEAR LINEAR LINEAR LINEAR </Name_array>
        <technique_common>
          <accessor source="#B_L_Calf_matrix-interpolation-array" count="33" stride="1">
            <param name="INTERPOLATION" type="name"></param>
          </accessor>
        </technique_common>
      </source>
      <source id="B_L_Clavicle_matrix-input" name="B_L_Clavicle_matrix-input">
        <float_array id="B_L_Clavicle_matrix-input-array" count="33"> 0 1 2 3 4 5 6 7 8 9 10 11 12 13 14 15 16 17 18 19 20 21 22 23 24 25 26 27 28 29 30 31 32 </float_array>
        <technique_common>
          <accessor count="33" offset="0" source="#B_L_Clavicle_matrix-input-array" stride="1">
            <param name="TIME" type="float" />
          </accessor>
        </technique_common>
      </source>
      <source id="B_L_Clavicle_matrix-output" name="B_L_Clavicle_matrix-output">
        <float_array id="B_L_Clavicle_matrix-output-array" count="528"> 0.069894373 -0.00078446406 0.99755412 17.736862 0.17302075 -0.98483354 -0.01289729 0.073143005 0.98243505 0.17349896 -0.068698645 5.0180178 0 0 0 1 -0.01759064 -0.00078438211 0.99984509 17.736847 -0.17375687 -0.98478103 -0.0038295393 0.073139191 0.98463136 -0.17379729 0.017186644 5.0180149 0 0 0 1 -0.017590642 -0.00078427047 0.99984497 17.736862 -0.1737569 -0.98478115 -0.0038294345 0.073139191 0.98463148 -0.17379731 0.017186642 5.0180092 0 0 0 1 -0.017590644 -0.00078403944 0.99984473 17.736862 -0.17375688 -0.98478097 -0.003829218 0.073143005 0.98463148 -0.17379726 0.017186819 5.018013 0 0 0 1 -0.017590644 -0.00078418851 0.99984497 17.736856 -0.17375681 -0.98478115 -0.0038293377 0.073135376 0.9846316 -0.17379722 0.017186642 5.018013 0 0 0 1 -0.01759064 -0.0007841661 0.99984497 17.736847 -0.17375688 -0.98478121 -0.0038293076 0.073135376 0.98463148 -0.17379732 0.017186521 5.0180206 0 0 0 1 -0.017590642 -0.00078438211 0.99984497 17.736832 -0.17375688 -0.98478103 -0.0038295388 0.073135376 0.98463148 -0.17379729 0.017186642 5.0180206 0 0 0 1 -0.017590642 -0.00078427047 0.99984509 17.736862 -0.1737569 -0.98478115 -0.003829435 0.073143005 0.98463148 -0.17379731 0.017186644 5.0180206 0 0 0 1 -0.017590879 -0.00078453857 0.99984485 17.736862 -0.17375688 -0.98478127 -0.0038297095 0.073143005 0.98463142 -0.17379729 0.017186638 5.0180054 0 0 0 1 -0.01759064 -0.00078430027 0.99984497 17.736847 -0.17375679 -0.98478127 -0.0038294343 0.073135376 0.98463148 -0.17379722 0.017186521 5.018013 0 0 0 1 -0.01759064 -0.00078428531 0.99984497 17.736847 -0.17375688 -0.98478121 -0.0038294343 0.073143005 0.98463148 -0.17379731 0.017186521 5.018013 0 0 0 1 -0.029136296 -0.00078425539 0.99957502 17.736877 -0.17370121 -0.98478079 -0.0058358158 0.073120117 0.98436713 -0.17379743 0.028556641 5.0180054 0 0 0 1 -0.040678259 -0.00078450132 0.99917197 17.736847 -0.17362222 -0.98478085 -0.0078417063 0.073135376 0.98397171 -0.17379743 0.039922953 5.0180054 0 0 0 1 -0.017590879 -0.00078453112 0.99984497 17.736855 -0.17375687 -0.98478115 -0.0038297176 0.073135376 0.98463136 -0.17379729 0.017186821 5.0180054 0 0 0 1 0.051663268 -0.0007842629 0.99866432 17.736832 -0.1736052 -0.98478103 0.0082076639 0.073135376 0.98345906 -0.17379737 -0.051013231 5.0180054 0 0 0 1 0.14564331 -0.00078426284 0.98933685 17.736847 -0.17205676 -0.98478103 0.024548367 0.073143005 0.97426116 -0.17379734 -0.14356184 5.0180054 0 0 0 1 0.24906264 -0.00078419578 0.96848679 17.736847 -0.16851301 -0.98478091 0.042538565 0.073127747 0.95371413 -0.17379744 -0.24540441 5.018013 0 0 0 1 0.34684774 -0.00078434485 0.93792111 17.736847 -0.16327627 -0.98478091 0.059556823 0.073141098 0.92360014 -0.17379741 -0.34169722 5.0180168 0 0 0 1 0.42550784 -0.0007845388 0.90495449 17.736862 -0.15760753 -0.98478115 0.073253021 0.073141098 0.89112455 -0.17379735 -0.41915578 5.0180159 0 0 0 1 0.47373876 -0.00078425556 0.88066483 17.736862 -0.15342319 -0.98478127 0.081654444 0.073141098 0.86719811 -0.17379734 -0.46664944 5.0180159 0 0 0 1 0.48127371 -0.00078444195 0.87656999 17.736832 -0.1527174 -0.98478138 0.082966976 0.073141098 0.8631646 -0.17379732 -0.47406909 5.0180168 0 0 0 1 0.18609866 -0.00078433735 0.98253077 17.736862 -0.17090513 -0.98478103 0.031584579 0.073143005 0.96755284 -0.17379738 -0.18340062 5.0180149 0 0 0 1 -0.18614541 -0.0007843374 0.98252177 17.736855 -0.17061606 -0.98478115 -0.033110492 0.073139191 0.96759498 -0.17379738 0.18317857 5.0180168 0 0 0 1 -0.2511791 -0.00078456092 0.96794045 17.736855 -0.1680316 -0.98478103 -0.044402171 0.073143005 0.95324421 -0.17379744 0.2472246 5.0180149 0 0 0 1 -0.22665918 -0.00078448642 0.97397387 17.736855 -0.16909914 -0.98478109 -0.040145248 0.073139191 0.95918262 -0.1737974 0.22307694 5.0180144 0 0 0 1 -0.18614541 -0.00078421074 0.98252189 17.736855 -0.17061616 -0.98478115 -0.033110399 0.073139191 0.96759498 -0.17379747 0.18317859 5.0180187 0 0 0 1 -0.15442979 -0.00078382343 0.98800349 17.736862 -0.17159334 -0.98478127 -0.027602136 0.073135376 0.97298884 -0.17379741 0.15194494 5.018013 0 0 0 1 -0.11127172 -0.00078441185 0.99378961 17.736847 -0.17263229 -0.98478091 -0.020106448 0.073143005 0.97868097 -0.17379746 0.10944287 5.0180149 0 0 0 1 -0.063368805 -0.0007841661 0.99798971 17.736855 -0.17339934 -0.98478097 -0.011784038 0.073141098 0.98281091 -0.1737975 0.062268548 5.0180159 0 0 0 1 -0.01759064 -0.00078430015 0.99984503 17.736847 -0.17375694 -0.98478109 -0.003829442 0.073141098 0.98463148 -0.17379734 0.017186522 5.0180159 0 0 0 1 -0.01759064 -0.00078430015 0.99984503 17.736847 -0.17375694 -0.98478109 -0.003829442 0.073141098 0.98463148 -0.17379734 0.017186522 5.0180159 0 0 0 1 -0.01759064 -0.00078430015 0.99984503 17.736847 -0.17375694 -0.98478109 -0.003829442 0.073141098 0.98463148 -0.17379734 0.017186522 5.0180159 0 0 0 1 -0.01759064 -0.00078430015 0.99984503 17.736847 -0.17375694 -0.98478109 -0.003829442 0.073141098 0.98463148 -0.17379734 0.017186522 5.0180159 0 0 0 1 </float_array>
        <technique_common>
          <accessor count="33" offset="0" source="#B_L_Clavicle_matrix-output-array" stride="16">
            <param name="TRANSFORM" type="float4x4" />
          </accessor>
        </technique_common>
      </source>
      <source id="B_L_Clavicle_matrix-interpolation">
        <Name_array id="B_L_Clavicle_matrix-interpolation-array" count="33"> LINEAR LINEAR LINEAR LINEAR LINEAR LINEAR LINEAR LINEAR LINEAR LINEAR LINEAR LINEAR LINEAR LINEAR LINEAR LINEAR LINEAR LINEAR LINEAR LINEAR LINEAR LINEAR LINEAR LINEAR LINEAR LINEAR LINEAR LINEAR LINEAR LINEAR LINEAR LINEAR LINEAR </Name_array>
        <technique_common>
          <accessor source="#B_L_Clavicle_matrix-interpolation-array" count="33" stride="1">
            <param name="INTERPOLATION" type="name"></param>
          </accessor>
        </technique_common>
      </source>
      <source id="B_L_Finger0_matrix-input" name="B_L_Finger0_matrix-input">
        <float_array id="B_L_Finger0_matrix-input-array" count="33"> 0 1 2 3 4 5 6 7 8 9 10 11 12 13 14 15 16 17 18 19 20 21 22 23 24 25 26 27 28 29 30 31 32 </float_array>
        <technique_common>
          <accessor count="33" offset="0" source="#B_L_Finger0_matrix-input-array" stride="1">
            <param name="TIME" type="float" />
          </accessor>
        </technique_common>
      </source>
      <source id="B_L_Finger0_matrix-output" name="B_L_Finger0_matrix-output">
