<?xml version="1.0" encoding="UTF-8" standalone="no" ?>
<COLLADA xmlns="http://www.collada.org/2005/11/COLLADASchema" version="1.4.1">
  <asset>
    <contributor>
      <author>Assimp</author>
      <authoring_tool>FBX SDK/FBX Plugins version 2013.1</authoring_tool>
    </contributor>
    <created>2020-08-21T13:48:07</created>
    <modified>2020-08-21T13:48:07</modified>
    <unit name="meter" meter="1" />
    <up_axis>Y_UP</up_axis>
  </asset>
  <library_geometries>
  </library_geometries>
  <library_controllers>
  </library_controllers>
  <library_visual_scenes>
    <visual_scene id="RootNode" name="RootNode">
      <node id="Motion_aAssimpFbxa_Translation"  name="Motion_$AssimpFbx$_Translation" type="NODE">
        <matrix sid="matrix">1 0 0 9.92585e-07 0 1 0 0 0 0 1 -0.17328988 0 0 0 1</matrix>
        <node id="Motion_aAssimpFbxa_PreRotation"  name="Motion_$AssimpFbx$_PreRotation" type="NODE">
          <matrix sid="matrix">1 0 0 0 0 -4.3711388e-08 1 0 0 -1 -4.3711388e-08 0 0 0 0 1</matrix>
          <node id="Motion_aAssimpFbxa_Rotation"  name="Motion_$AssimpFbx$_Rotation" type="NODE">
            <matrix sid="matrix">1.3868001e-06 1 0 0 -1 1.3868001e-06 0 0 0 0 1 0 0 0 0 1</matrix>
            <node id="Motion_aAssimpFbxa_Scaling"  name="Motion_$AssimpFbx$_Scaling" type="NODE">
              <matrix sid="matrix">1 0 0 0 0 1 0 0 0 0 1 0 0 0 0 1</matrix>
              <node id="Motion"  name="Motion" type="NODE">
                <matrix sid="matrix">1 0 0 0 0 1 0 0 0 0 1 0 0 0 0 1</matrix>
                <node id="B_Pelvis"  name="B_Pelvis" type="NODE">
                  <matrix sid="matrix">-4.3711388e-08 0.60876256 0.79335248 0.17329331 0 -0.79335248 0.60876256 2.6999989 1 2.6609857e-08 3.4678539e-08 98.599998 0 0 0 1</matrix>
                  <node id="B_Spine"  name="B_Spine" type="NODE">
                    <matrix sid="matrix">0.99823147 0.047404028 -0.03587313 7.6762924 -0.037805334 0.97190607 0.23231289 -1.6268322 0.045877878 -0.23054582 0.97197938 0.0023477077 0 0 0 1</matrix>
                    <node id="B_Spine1"  name="B_Spine1" type="NODE">
                      <matrix sid="matrix">0.99970514 -0.024198724 0.0019994134 12.747765 0.024175962 0.99965024 0.010716196 -0.014275551 -0.0022580323 -0.0106647 0.99994057 0.00015187263 0 0 0 1</matrix>
                      <node id="B_Spine2"  name="B_Spine2" type="NODE">
                        <matrix sid="matrix">0.9988209 -0.048403613 0.0037315511 17.935463 0.048312023 0.99859816 0.021625748 -0.026443481 -0.0047730841 -0.02141997 0.9997592 0.00054764748 0 0 0 1</matrix>
                        <node id="B_L_Clavicle"  name="B_L_Clavicle" type="NODE">
                          <matrix sid="matrix">-0.017590661 -0.00078421831 0.99984497 17.736847 -0.17375694 -0.98478115 -0.0038293824 0.073140144 0.98463148 -0.17379735 0.017186686 5.0180168 0 0 0 1</matrix>
                          <node id="B_L_UpperArm"  name="B_L_UpperArm" type="NODE">
                            <matrix sid="matrix">0.67658818 0.40229216 0.61675727 17.464663 -0.50647587 0.86222738 -0.0067964792 2.3841858e-06 -0.53451914 -0.30777422 0.7871241 0 0 0 0 1</matrix>
                            <node id="B_L_Forearm"  name="B_L_Forearm" type="NODE">
                              <matrix sid="matrix">-0.13640097 0.98478979 0.10762777 27.628185 -0.99065369 -0.13559353 -0.014819484 -7.6293945e-06 -4.4703484e-07 -0.10864324 0.99408078 0 0 0 0 1</matrix>
                              <node id="B_L_ForeArmTwist"  name="B_L_ForeArmTwist" type="NODE">
                                <matrix sid="matrix">1 5.0429101e-08 -3.2426601e-07 11.992638 -1.4901154e-08 0.99408078 0.10864366 -3.8146973e-06 3.278254e-07 -0.10864366 0.99408078 1.5258789e-05 0 0 0 1</matrix>
                                <node id="B_L_Hand"  name="B_L_Hand" type="NODE">
                                  <matrix sid="matrix">0.96626526 -0.095602088 0.2391479 11.992649 -0.24727412 -0.084708363 0.96523577 7.6293945e-06 -0.072020724 -0.99180883 -0.10549067 7.6293945e-06 0 0 0 1</matrix>
                                  <node id="B_L_Finger0"  name="B_L_Finger0" type="NODE">
                                    <matrix sid="matrix">0.80900651 0.13246362 0.57267952 1.4603195 0.1558325 0.89108139 -0.42625132 1.9355469 -0.5667668 0.43408218 0.70024854 -2.4376526 0 0 0 1</matrix>
                                    <node id="B_L_Finger01"  name="B_L_Finger01" type="NODE">
                                      <matrix sid="matrix">0.80299318 -0.59598827 -7.2307955e-08 3.7140121 0.59598827 0.80299318 -7.275009e-09 0 6.2398612e-08 -3.725291e-08 1 -2.2888184e-05 0 0 0 1</matrix>
                                      <node id="B_L_Finger02"  name="B_L_Finger02" type="NODE">
                                        <matrix sid="matrix">0.55218464 -0.83372188 -7.1191273e-08 5.5299339 0.83372188 0.55218464 -3.3277868e-08 1.5258789e-05 6.7055211e-08 -4.0978193e-08 1 2.2888184e-05 0 0 0 1</matrix>
                                      </node>
                                    </node>
                                  </node>
                                  <node id="B_L_Finger1"  name="B_L_Finger1" type="NODE">
                                    <matrix sid="matrix">0.27254894 -0.95552641 0.11263385 11.625465 0.92804092 0.23019093 -0.29283464 3.1205444 0.25388393 0.1843406 0.94950593 -3.0983582 0 0 0 1</matrix>
                                    <node id="B_L_Finger11"  name="B_L_Finger11" type="NODE">
                                      <matrix sid="matrix">-0.25881925 -0.96592575 1.1900407e-07 4.4568253 0.96592575 -0.25881925 1.6460252e-08 0 1.4901163e-08 1.1920933e-07 1 1.9073486e-05 0 0 0 1</matrix>
                                      <node id="B_L_Finger12"  name="B_L_Finger12" type="NODE">
                                        <matrix sid="matrix">0.57357574 -0.81915253 2.8990641e-07 3.3311615 0.81915253 0.57357574 -1.5751692e-07 -1.5258789e-05 -3.7252899e-08 3.2782546e-07 1 -2.2888184e-05 0 0 0 1</matrix>
                                      </node>
                                    </node>
                                  </node>
                                  <node id="B_L_Finger2"  name="B_L_Finger2" type="NODE">
                                    <matrix sid="matrix">0.2580848 -0.9650346 0.045829304 11.814087 0.96096498 0.25152329 -0.1152484 2.4381027 0.099691562 0.073784217 0.99227887 0.83571625 0 0 0 1</matrix>
                                    <node id="B_L_Finger21"  name="B_L_Finger21" type="NODE">
                                      <matrix sid="matrix">-0.62068564 -0.78405952 4.5199567e-07 5.1996231 0.78405952 -0.62068564 1.0124434e-07 7.6293945e-06 2.0116563e-07 4.1723243e-07 1 1.1444092e-05 0 0 0 1</matrix>
                                      <node id="B_L_Finger22"  name="B_L_Finger22" type="NODE">
                                        <matrix sid="matrix">0.44828629 -0.89389002 2.6719945e-08 5.199625 0.89389002 0.44828629 5.3279997e-08 1.5258789e-05 -5.9604645e-08 0 1 -1.1444092e-05 0 0 0 1</matrix>
                                      </node>
                                    </node>
                                  </node>
                                  <node id="B_L_Finger3"  name="B_L_Finger3" type="NODE">
                                    <matrix sid="matrix">0.13847044 -0.99036652 0.00029723792 11.814072 0.99036658 0.13847046 5.9310049e-05 1.9342422 -9.9897363e-05 0.00028616181 0.99999994 4.6002426 0 0 0 1</matrix>
                                    <node id="B_L_Finger31"  name="B_L_Finger31" type="NODE">
                                      <matrix sid="matrix">-0.058766864 -0.99827176 -1.0342276e-06 4.4567947 0.99827176 -0.058766864 -1.1953324e-06 1.5258789e-05 1.1324883e-06 -1.1026862e-06 1 0 0 0 0 1</matrix>
                                      <node id="B_L_Finger32"  name="B_L_Finger32" type="NODE">
                                        <matrix sid="matrix">-0.058766626 -0.99827176 -1.88124e-06 4.4567719 0.99827176 -0.058766626 -1.5138793e-06 -2.2888184e-05 1.4007087e-06 -1.9669544e-06 1 0 0 0 0 1</matrix>
                                      </node>
                                    </node>
                                  </node>
                                  <node id="B_L_Finger4"  name="B_L_Finger4" type="NODE">
                                    <matrix sid="matrix">0.14714384 -0.98122936 -0.12464993 11.857193 0.9836868 0.15835437 -0.085346997 4.052887 0.10348384 -0.1100582 0.98852324 6.5145264 0 0 0 1</matrix>
                                    <node id="B_L_Finger41"  name="B_L_Finger41" type="NODE">
                                      <matrix sid="matrix">-0.18123157 -0.98344046 -1.9769495e-06 3.327652 0.98344046 -0.18123157 -3.7432301e-06 1.5258789e-05 3.3229583e-06 -2.6226035e-06 1 2.2888184e-05 0 0 0 1</matrix>
                                      <node id="B_L_Finger42"  name="B_L_Finger42" type="NODE">
                                        <matrix sid="matrix">0.0019773988 -0.99999803 -2.2414158e-06 3.3276596 0.99999803 0.0019773988 -3.154621e-06 -1.5258789e-05 3.1590471e-06 -2.2351735e-06 1 -2.2888184e-05 0 0 0 1</matrix>
                                      </node>
                                    </node>
                                  </node>
                                </node>
                              </node>
                            </node>
                          </node>
                        </node>
                        <node id="B_R_Clavicle"  name="B_R_Clavicle" type="NODE">
                          <matrix sid="matrix">-0.10452852 -0.00079656893 -0.9945215 17.736847 0.00023397958 -0.99999964 0.00077636424 0.074662209 -0.99452186 -0.00015154552 0.10452867 -5.0179625 0 0 0 1</matrix>
                          <node id="B_R_UpperArm"  name="B_R_UpperArm" type="NODE">
                            <matrix sid="matrix">0.65678829 0.18435103 -0.73119342 17.464647 -0.58112288 0.74166942 -0.33499652 1.1444092e-05 0.48054683 0.64493501 0.59425038 1.5258789e-05 0 0 0 1</matrix>
                            <node id="B_R_Forearm"  name="B_R_Forearm" type="NODE">
                              <matrix sid="matrix">0.1257856 0.99193633 -0.015499667 27.628185 -0.99205744 0.12577026 -0.0019651239 -7.6293945e-06 1.1920932e-07 0.015623745 0.99987793 -1.5258789e-05 0 0 0 1</matrix>
                              <node id="B_R_ForeArmTwist"  name="B_R_ForeArmTwist" type="NODE">
                                <matrix sid="matrix">1 -1.3968749e-09 -8.9396053e-08 11.99263 0 0.99987793 -0.015623782 -1.1444092e-05 8.9406967e-08 0.015623782 0.99987793 0 0 0 0 1</matrix>
                                <node id="B_R_Hand"  name="B_R_Hand" type="NODE">
                                  <matrix sid="matrix">0.86458039 -0.066815883 -0.49803257 11.992653 -0.49769521 0.022792321 -0.8670525 3.8146973e-06 0.069284193 0.99750501 -0.013548149 -1.5258789e-05 0 0 0 1</matrix>
                                  <node id="B_R_Finger0"  name="B_R_Finger0" type="NODE">
                                    <matrix sid="matrix">0.80900657 0.13246377 -0.5726794 1.4603119 0.15583241 0.89108127 0.42625144 1.9355469 0.5667668 -0.43408227 0.70024854 2.437664 0 0 0 1</matrix>
                                    <node id="B_R_Finger01"  name="B_R_Finger01" type="NODE">
                                      <matrix sid="matrix">0.80299306 -0.59598839 -4.2347119e-07 3.714035 0.59598839 0.80299306 -5.4505648e-08 -1.5258789e-05 3.7252914e-07 -2.0861624e-07 1 7.6293945e-06 0 0 0 1</matrix>
                                      <node id="B_R_Finger02"  name="B_R_Finger02" type="NODE">
                                        <matrix sid="matrix">0.55218482 -0.83372176 2.3168742e-07 5.5299339 0.83372176 0.55218482 -8.1957396e-08 0 -5.9604623e-08 2.3841847e-07 1 2.2888184e-05 0 0 0 1</matrix>
                                      </node>
                                    </node>
                                  </node>
                                  <node id="B_R_Finger1"  name="B_R_Finger1" type="NODE">
                                    <matrix sid="matrix">0.27254844 -0.95552653 -0.11263386 11.625458 0.92804092 0.23019037 0.292835 3.1205597 -0.2538844 -0.18434057 0.94950581 3.0983467 0 0 0 1</matrix>
                                    <node id="B_R_Finger11"  name="B_R_Finger11" type="NODE">
                                      <matrix sid="matrix">-0.25881925 -0.96592575 -1.8934603e-07 4.4568176 0.96592575 -0.25881925 -6.5197796e-08 0 1.3969836e-08 -1.9976866e-07 1 7.6293945e-06 0 0 0 1</matrix>
                                      <node id="B_R_Finger12"  name="B_R_Finger12" type="NODE">
                                        <matrix sid="matrix">0.57357585 -0.81915247 2.3865232e-07 3.331131 0.81915247 0.57357585 7.1295027e-08 1.5258789e-05 -1.952867e-07 1.5459953e-07 1 -1.1444092e-05 0 0 0 1</matrix>
                                      </node>
                                    </node>
                                  </node>
                                  <node id="B_R_Finger2"  name="B_R_Finger2" type="NODE">
                                    <matrix sid="matrix">0.25808468 -0.96503466 -0.045829333 11.814056 0.9609651 0.2515232 0.11524829 2.438118 -0.099691465 -0.07378421 0.99227893 -0.83571625 0 0 0 1</matrix>
                                    <node id="B_R_Finger21"  name="B_R_Finger21" type="NODE">
                                      <matrix sid="matrix">-0.62068546 -0.7840597 -4.6978055e-08 5.199604 0.7840597 -0.62068546 -8.4702094e-08 0 3.7252903e-08 -8.9406953e-08 1 -3.8146973e-05 0 0 0 1</matrix>
                                      <node id="B_R_Finger22"  name="B_R_Finger22" type="NODE">
                                        <matrix sid="matrix">0.44828629 -0.89389002 3.3399936e-09 5.1996002 0.89389002 0.44828629 6.6600006e-09 0 -7.4505815e-09 0 1 2.4795532e-05 0 0 0 1</matrix>
                                      </node>
                                    </node>
                                  </node>
                                  <node id="B_R_Finger3"  name="B_R_Finger3" type="NODE">
                                    <matrix sid="matrix">0.1384702 -0.99036652 -0.00029826586 11.814056 0.99036658 0.13847022 -5.9452286e-05 1.9342728 0.00010018051 -0.00028716019 0.99999994 -4.6002502 0 0 0 1</matrix>
                                    <node id="B_R_Finger31"  name="B_R_Finger31" type="NODE">
                                      <matrix sid="matrix">-0.058766745 -0.99827176 -2.2745269e-08 4.4567871 0.99827176 -0.058766745 -1.2075466e-07 0 1.192093e-07 -2.9802317e-08 1 -3.8146973e-06 0 0 0 1</matrix>
                                      <node id="B_R_Finger32"  name="B_R_Finger32" type="NODE">
                                        <matrix sid="matrix">-0.058766864 -0.99827176 6.0640019e-07 4.4568176 0.99827176 -0.058766864 -1.5835256e-07 0 1.9371511e-07 5.9604628e-07 1 -1.5258789e-05 0 0 0 1</matrix>
                                      </node>
                                    </node>
                                  </node>
                                  <node id="B_R_Finger4"  name="B_R_Finger4" type="NODE">
                                    <matrix sid="matrix">0.14714384 -0.98122966 0.12464786 11.857239 0.98368686 0.15835416 0.085347086 4.0529175 -0.1034836 0.11005616 0.98852354 -6.5145607 0 0 0 1</matrix>
                                    <node id="B_R_Finger41"  name="B_R_Finger41" type="NODE">
                                      <matrix sid="matrix">-0.18123123 -0.98344052 2.3518429e-07 3.3276749 0.98344052 -0.18123123 8.6155234e-07 3.0517578e-05 -8.046627e-07 3.8742994e-07 1 3.0517578e-05 0 0 0 1</matrix>
                                      <node id="B_R_Finger42"  name="B_R_Finger42" type="NODE">
                                        <matrix sid="matrix">0.0019766835 -0.99999803 3.1419023e-07 3.3277206 0.99999803 0.0019766835 6.4013028e-07 3.0517578e-05 -6.407501e-07 3.129243e-07 1 -1.1444092e-05 0 0 0 1</matrix>
                                      </node>
                                    </node>
                                  </node>
                                </node>
                              </node>
                            </node>
                          </node>
                        </node>
                        <node id="B_Neck"  name="B_Neck" type="NODE">
                          <matrix sid="matrix">0.9745459 -0.20556866 -0.089452855 27.039749 0.20928557 0.97725385 0.034271043 1.128233 0.080373093 -0.0521199 0.99540126 0.00061297417 0 0 0 1</matrix>
                          <node id="B_Head"  name="B_Head" type="NODE">
                            <matrix sid="matrix">0.98408651 0.17358992 -0.037950255 10.019318 -0.16961537 0.85404325 -0.49177304 1.4083176 -0.05295568 0.49038416 0.86989599 0 0 0 0 1</matrix>
                          </node>
                        </node>
                      </node>
                    </node>
                  </node>
                  <node id="B_L_Thigh"  name="B_L_Thigh" type="NODE">
                    <matrix sid="matrix">-0.88179463 0.28008372 -0.37946191 0 0.35161877 0.92662692 -0.13314226 1.7642975e-05 0.31432861 -0.25083008 -0.91557729 11.161455 0 0 0 1</matrix>
                    <node id="B_L_Calf"  name="B_L_Calf" type="NODE">
                      <matrix sid="matrix">0.87463444 0.48478308 3.5033759e-07 50.282753 -0.48478308 0.87463444 8.0091395e-06 0 3.5762778e-06 -7.1749068e-06 1 0 0 0 0 1</matrix>
                      <node id="B_L_Foot"  name="B_L_Foot" type="NODE">
                        <matrix sid="matrix">0.90702909 -0.2333948 -0.35046414 39.728127 0.18250689 0.96798974 -0.17229933 -6.9141388e-06 0.37945944 0.092318393 0.92059106 -3.8146973e-06 0 0 0 1</matrix>
                        <node id="B_L_Toe0"  name="B_L_Toe0" type="NODE">
                          <matrix sid="matrix">-4.3711388e-08 -1 -5.652916e-08 18.214443 1 -4.3711388e-08 -2.4709681e-15 14.545954 0 -5.652916e-08 1 0.020652771 0 0 0 1</matrix>
                        </node>
                      </node>
                    </node>
                  </node>
                  <node id="B_R_Thigh"  name="B_R_Thigh" type="NODE">
                    <matrix sid="matrix">-0.87342447 0.42952591 0.22942796 0 0.18169031 0.72456962 -0.66482145 -1.2397766e-05 -0.45179456 -0.5389865 -0.71089745 -11.161448 0 0 0 1</matrix>
                    <node id="B_R_Calf"  name="B_R_Calf" type="NODE">
                      <matrix sid="matrix">0.69287777 0.72105509 -9.0358981e-08 50.282753 -0.72105509 0.69287777 -4.7986232e-06 3.8146973e-06 -3.3974638e-06 3.390013e-06 1 1.9073486e-06 0 0 0 1</matrix>
                      <node id="B_R_Foot"  name="B_R_Foot" type="NODE">
                        <matrix sid="matrix">0.91488838 -0.31722796 0.24969129 39.728127 0.33217841 0.94302452 -0.019033156 -9.5367432e-07 -0.22942716 0.10035527 0.96813846 1.9073486e-06 0 0 0 1</matrix>
                        <node id="B_R_Toe0"  name="B_R_Toe0" type="NODE">
                          <matrix sid="matrix">1.9470718e-07 -1 5.471918e-07 18.214441 1 1.9470703e-07 -2.9802334e-07 14.545954 2.9802322e-07 5.4719186e-07 1 -0.020652771 0 0 0 1</matrix>
                        </node>
                      </node>
                    </node>
                  </node>
                </node>
              </node>
            </node>
          </node>
        </node>
      </node>
      <node id="Exporter_aAssimpFbxa_PreRotation"  name="Exporter_$AssimpFbx$_PreRotation" type="NODE">
        <matrix sid="matrix">1 0 0 0 0 -4.3711388e-08 1 0 0 -1 -4.3711388e-08 0 0 0 0 1</matrix>
        <node id="Exporter"  name="Exporter" type="NODE">
          <matrix sid="matrix">1 0 0 0 0 1 0 0 0 0 1 0 0 0 0 1</matrix>
        </node>
      </node>
    </visual_scene>
  </library_visual_scenes>
  <library_animations>
    <animation id="TakeW001AnimId0" name="Take 001">
      <source id="B_Head_matrix-input" name="B_Head_matrix-input">
        <float_array id="B_Head_matrix-input-array" count="41"> 0 1 2 3 4 5 6 7 8 9 10 11 12 13 14 15 16 17 18 19 20 21 22 23 24 25 26 27 28 29 30 31 32 33 34 35 36 37 38 39 40 </float_array>
        <technique_common>
          <accessor count="41" offset="0" source="#B_Head_matrix-input-array" stride="1">
            <param name="TIME" type="float" />
          </accessor>
        </technique_common>
      </source>
      <source id="B_Head_matrix-output" name="B_Head_matrix-output">
        <float_array id="B_Head_matrix-output-array" count="656"> 0.98408645 0.17358989 -0.037950251 10.019318 -0.16961536 0.85404319 -0.49177313 1.4083176 -0.052955672 0.49038419 0.86989611 0 0 0 0 1 0.92471647 0.11776872 0.36198065 10.019302 -0.16416417 0.98134089 0.10009939 1.4083099 -0.34343779 -0.15198775 0.9267959 2.8610229e-06 0 0 0 1 0.6615414 -0.089097187 0.74459714 10.019318 -0.46834785 0.72637367 0.50302249 1.4083099 -0.58567381 -0.68150055 0.43879756 9.5367432e-07 0 0 0 1 0.64206594 -0.056712158 0.7645489 10.019318 -0.56474215 0.63944811 0.52170146 1.4083176 -0.51847607 -0.76673985 0.37854016 0 0 0 0 1 0.73501623 -0.02209878 0.67768931 10.01931 -0.47215945 0.7006402 0.5349474 1.4083099 -0.48663807 -0.71317244 0.50454777 3.5762787e-07 0 0 0 1 0.92569035 -0.1081633 0.36248845 10.019318 -0.02942211 0.9347598 0.35405946 1.4083176 -0.37713599 -0.33841464 0.8621158 9.5367432e-07 0 0 0 1 0.96086854 -0.2566326 0.10426588 10.019318 0.25971144 0.96553868 -0.016878014 1.4083138 -0.096341282 0.043296587 0.99440634 -3.8146973e-06 0 0 0 1 0.97488296 -0.21761599 0.047396019 10.019318 0.22157915 0.96917248 -0.10773753 1.4083166 -0.022489505 0.11553347 0.99304891 0 0 0 0 1 0.99202567 -0.12228414 0.030527195 10.019302 0.1250634 0.98509955 -0.11805855 1.4083147 -0.015635645 0.12093493 0.9925372 1.9073486e-06 0 0 0 1 0.99938595 0.014954307 0.031685565 10.019302 -0.012585626 0.99720252 -0.073679455 1.4083138 -0.032698747 0.073235415 0.99677861 1.9073486e-06 0 0 0 1 0.98381644 0.17598781 0.033664726 10.019318 -0.17599422 0.9843871 -0.0027964555 1.4083147 -0.033631258 -0.0031735972 0.9994294 0 0 0 0 1 0.93708462 0.34735668 0.034867074 10.019318 -0.34909999 0.93275285 0.090007074 1.4083157 -0.0012578033 -0.096516348 0.99533063 1.9073486e-06 0 0 0 1 0.85857874 0.51063454 0.045769189 10.019318 -0.50817925 0.83583552 0.20768428 1.4083099 0.067795224 -0.20157224 0.97712469 -1.9073486e-06 0 0 0 1 0.7625432 0.64367539 0.064886473 10.019318 -0.62461823 0.70640534 0.33293214 1.4083138 0.16846402 -0.29440445 0.94071579 4.7683716e-06 0 0 0 1 0.76937521 0.63556546 -0.064171292 10.019318 -0.5964213 0.75068223 0.28417847 1.4083138 0.22878629 -0.18036669 0.95662159 -9.5367432e-07 0 0 0 1 0.86650068 0.41145045 -0.28263932 10.019302 -0.42280081 0.90594035 0.022616426 1.4083214 0.26535985 0.099902987 0.95895982 -1.9073486e-06 0 0 0 1 0.90217775 0.22521889 -0.36790237 10.019302 -0.29324076 0.94570935 -0.14015542 1.4083099 0.31636319 0.23432902 0.91924101 -1.9073486e-06 0 0 0 1 0.90856814 0.16019224 -0.38580096 10.01931 -0.25314707 0.94579244 -0.20345426 1.4083099 0.33229578 0.28251651 0.89986885 1.9073486e-06 0 0 0 1 0.90918416 0.15193973 -0.38768381 10.019318 -0.24811944 0.94538879 -0.21136838 1.4083023 0.33439669 0.28836456 0.89723182 -3.8146973e-06 0 0 0 1 0.90721345 0.17662039 -0.38179693 10.01931 -0.2631945 0.9463222 -0.18762228 1.4083176 0.3281652 0.27070025 0.90500206 -3.8146973e-06 0 0 0 1 0.90401685 0.20914143 -0.3728452 10.01931 -0.28324476 0.94628042 -0.1559668 1.4083138 0.32019708 0.24660306 0.91469157 0 0 0 0 1 0.90217775 0.22521889 -0.36790237 10.019302 -0.29324076 0.94570935 -0.14015542 1.4083099 0.31636319 0.23432902 0.91924101 -1.9073486e-06 0 0 0 1 0.90217781 0.22521889 -0.36790225 10.019318 -0.2932407 0.94570959 -0.14015548 1.4083099 0.31636313 0.23432907 0.91924113 1.9073486e-06 0 0 0 1 0.90217775 0.22521889 -0.36790237 10.01931 -0.29324076 0.94570935 -0.14015542 1.4083176 0.31636319 0.23432902 0.91924101 0 0 0 0 1 0.90217769 0.22521885 -0.36790237 10.019333 -0.29324067 0.94570947 -0.14015546 1.4083099 0.31636313 0.23432906 0.91924107 3.8146973e-06 0 0 0 1 0.90217763 0.22521889 -0.36790246 10.019318 -0.29324073 0.94570953 -0.14015554 1.4083176 0.31636316 0.23432916 0.91924125 0 0 0 0 1 0.90217757 0.22521886 -0.36790234 10.019318 -0.29324061 0.94570959 -0.14015545 1.4083099 0.31636307 0.23432902 0.91924131 0 0 0 0 1 0.89855081 0.22705513 -0.37556911 10.019302 -0.29260039 0.94775409 -0.12707096 1.4083099 0.32709509 0.22407141 0.91804177 -7.6293945e-06 0 0 0 1 0.89247954 0.23018444 -0.38793707 10.019318 -0.29095235 0.95094591 -0.10510981 1.4083138 0.34471259 0.20667952 0.91567284 -3.8146973e-06 0 0 0 1 0.89126283 0.2308207 -0.39034846 10.019302 -0.29053625 0.9515506 -0.10069629 1.4083176 0.34819353 0.20315725 0.91514391 0 0 0 0 1 0.90217757 0.22521886 -0.36790234 10.019318 -0.29324061 0.94570959 -0.14015545 1.4083138 0.31636307 0.23432902 0.91924131 0 0 0 0 1 0.95605767 0.1982283 -0.21600747 10.019318 -0.2642177 0.90186375 -0.34180552 1.4083138 0.12705372 0.38385883 0.91460919 9.5367432e-07 0 0 0 1 0.98408645 0.17358989 -0.037950251 10.019318 -0.16961536 0.85404319 -0.49177313 1.4083176 -0.052955672 0.49038419 0.86989611 0 0 0 0 1 0.98556519 0.16913435 -0.007402584 10.019302 -0.14912394 0.84660095 -0.51090991 1.4083176 -0.080145374 0.50463891 0.85960245 -1.9073486e-06 0 0 0 1 0.98593909 0.16695537 0.0071028182 10.019302 -0.13903308 0.84314358 -0.5194025 1.4083099 -0.092705734 0.51111162 0.85450035 -3.8146973e-06 0 0 0 1 0.98597223 0.16666664 0.0090021202 10.019302 -0.1376951 0.84269446 -0.52048665 1.4083176 -0.094333775 0.51194578 0.85382247 0 0 0 0 1 0.98583269 0.16772002 0.0020461155 10.019318 -0.14257646 0.84434319 -0.5164845 1.4083138 -0.088352434 0.50887549 0.85629398 1.9073486e-06 0 0 0 1 0.98547888 0.16950732 -0.0099148341 10.019318 -0.15084846 0.84720457 -0.50940061 1.4083176 -0.077947229 0.50349921 0.86047238 0 0 0 0 1 0.98492539 0.17143781 -0.023051217 10.019302 -0.15975256 0.85038596 -0.50132143 1.4083176 -0.066343002 0.49744675 0.86495405 0 0 0 0 1 0.9843536 0.17296787 -0.033617631 10.019318 -0.16677359 0.85297412 -0.49459225 1.4083176 -0.05687362 0.49246025 0.86847448 0 0 0 0 1 0.98408645 0.17358989 -0.037950251 10.019318 -0.16961536 0.85404319 -0.49177313 1.4083176 -0.052955672 0.49038419 0.86989611 0 0 0 0 1 </float_array>
        <technique_common>
          <accessor count="41" offset="0" source="#B_Head_matrix-output-array" stride="16">
            <param name="TRANSFORM" type="float4x4" />
          </accessor>
        </technique_common>
      </source>
      <source id="B_Head_matrix-interpolation">
        <Name_array id="B_Head_matrix-interpolation-array" count="41"> LINEAR LINEAR LINEAR LINEAR LINEAR LINEAR LINEAR LINEAR LINEAR LINEAR LINEAR LINEAR LINEAR LINEAR LINEAR LINEAR LINEAR LINEAR LINEAR LINEAR LINEAR LINEAR LINEAR LINEAR LINEAR LINEAR LINEAR LINEAR LINEAR LINEAR LINEAR LINEAR LINEAR LINEAR LINEAR LINEAR LINEAR LINEAR LINEAR LINEAR LINEAR </Name_array>
        <technique_common>
          <accessor source="#B_Head_matrix-interpolation-array" count="41" stride="1">
            <param name="INTERPOLATION" type="name"></param>
          </accessor>
        </technique_common>
      </source>
      <source id="B_L_Calf_matrix-input" name="B_L_Calf_matrix-input">
        <float_array id="B_L_Calf_matrix-input-array" count="41"> 0 1 2 3 4 5 6 7 8 9 10 11 12 13 14 15 16 17 18 19 20 21 22 23 24 25 26 27 28 29 30 31 32 33 34 35 36 37 38 39 40 </float_array>
        <technique_common>
          <accessor count="41" offset="0" source="#B_L_Calf_matrix-input-array" stride="1">
            <param name="TIME" type="float" />
          </accessor>
        </technique_common>
      </source>
      <source id="B_L_Calf_matrix-output" name="B_L_Calf_matrix-output">
        <float_array id="B_L_Calf_matrix-output-array" count="656"> 0.8746345 0.4847832 3.5033807e-07 50.282753 -0.4847832 0.8746345 8.0091413e-06 0 3.5762789e-06 -7.1749087e-06 1.0000001 0 0 0 0 1 0.18357895 0.98300523 9.939007e-07 50.282753 -0.98300523 0.18357895 7.340559e-06 3.8146973e-06 7.0333481e-06 -2.3245814e-06 1.0000001 -3.8146973e-06 0 0 0 1 -0.33037403 0.94385034 9.3124515e-07 50.282745 -0.94385022 -0.33037409 6.8100471e-06 3.8146973e-06 6.7353249e-06 1.3709072e-06 0.99999988 7.6293945e-06 0 0 0 1 -0.22719842 0.97384876 9.4591763e-07 50.282753 -0.97384876 -0.22719842 6.9403309e-06 -7.6293945e-06 6.9737439e-06 6.5565172e-07 0.99999994 1.5258789e-05 0 0 0 1 0.074476138 0.99722302 1.0446614e-06 50.282745 -0.99722302 0.074476138 7.2206076e-06 -3.8146973e-06 7.1227546e-06 -1.5795234e-06 0.99999988 3.8146973e-06 0 0 0 1 0.47180283 0.88170439 9.3712151e-07 50.282753 -0.88170439 0.47180283 7.5658268e-06 0 6.2286858e-06 -4.3958421e-06 1 7.6293945e-06 0 0 0 1 0.76004666 0.64986902 6.9840877e-07 50.282761 -0.64986908 0.76004654 7.8332378e-06 -1.9073486e-06 4.5597553e-06 -6.4074989e-06 1.0000001 7.6293945e-06 0 0 0 1 0.88074833 0.47358516 4.7068062e-07 50.282757 -0.47358516 0.88074833 7.9863439e-06 9.5367432e-07 3.3676627e-06 -7.2568655e-06 1.0000001 3.8146973e-06 0 0 0 1 0.95428377 0.29890248 2.7457574e-07 50.282749 -0.29890248 0.95428377 7.9557321e-06 0 2.1159649e-06 -7.674098e-06 0.99999988 3.8146973e-06 0 0 0 1 0.97953248 0.20128809 3.0748251e-07 50.282757 -0.20128812 0.97953236 8.0108612e-06 4.7683716e-07 1.3113022e-06 -7.9087913e-06 0.99999994 0 0 0 0 1 0.95748925 0.28847021 1.2577129e-07 50.282749 -0.28847024 0.95748913 8.0625177e-06 9.5367432e-07 2.2053716e-06 -7.7560544e-06 1 1.1444092e-05 0 0 0 1 0.89112574 0.45375708 5.1782729e-07 50.282745 -0.45375708 0.89112574 7.9132496e-06 -9.5367432e-07 3.1292436e-06 -7.2866678e-06 1 3.8146973e-06 0 0 0 1 0.78532797 0.61908054 6.1853206e-07 50.282764 -0.61908054 0.78532797 7.861162e-06 0 4.3809409e-06 -6.5565105e-06 1.0000001 7.6293945e-06 0 0 0 1 0.57942748 0.81502402 7.9835354e-07 50.282745 -0.81502408 0.57942742 7.6979813e-06 1.9073486e-06 5.8114524e-06 -5.1110987e-06 1 0 0 0 0 1 0.28805885 0.95761299 1.0136255e-06 50.282745 -0.95761287 0.28805888 7.3383608e-06 3.8146973e-06 6.7353249e-06 -3.0845404e-06 1 0 0 0 0 1 0.012202381 0.99992603 9.5663347e-07 50.282745 -0.99992561 0.012202387 7.0902533e-06 0 7.078052e-06 -1.0430812e-06 0.99999994 7.6293945e-06 0 0 0 1 -0.18765107 0.98223603 1.0012617e-06 50.282745 -0.98223603 -0.18765107 6.9085791e-06 -3.8146973e-06 6.9737434e-06 3.1292578e-07 0.99999988 1.1444092e-05 0 0 0 1 -0.20740692 0.97825521 9.3532526e-07 50.282749 -0.97825509 -0.20740695 6.8542922e-06 0 6.8992385e-06 5.0664033e-07 1 3.8146973e-06 0 0 0 1 -0.228778 0.97347885 9.2646042e-07 50.282753 -0.97347862 -0.22877806 6.9383527e-06 -3.8146973e-06 6.9662919e-06 6.8545313e-07 1 7.6293945e-06 0 0 0 1 -0.23988214 0.97080219 1.0038616e-06 50.282753 -0.97080219 -0.23988214 6.920086e-06 0 6.9588427e-06 6.8545347e-07 1 7.6293945e-06 0 0 0 1 -0.23107961 0.97293538 9.8391365e-07 50.282753 -0.97293502 -0.23107968 6.979998e-06 -3.8146973e-06 7.0184465e-06 6.5565115e-07 1 0 0 0 0 1 -0.18762366 0.98224121 8.6720502e-07 50.282753 -0.98224121 -0.18762366 6.8431536e-06 -3.8146973e-06 6.8843365e-06 4.3213356e-07 1 1.1444092e-05 0 0 0 1 0.069393642 0.99758959 9.6045187e-07 50.282757 -0.99758947 0.06939365 7.2366502e-06 -3.8146973e-06 7.1525565e-06 -1.4603144e-06 1 -3.8146973e-06 0 0 0 1 0.56266499 0.82668525 8.7084675e-07 50.282753 -0.82668519 0.56266505 7.6585993e-06 -1.9073486e-06 5.8412552e-06 -5.0291424e-06 1.0000001 1.1444092e-05 0 0 0 1 0.7944265 0.60736066 5.3447548e-07 50.282753 -0.60736066 0.7944265 7.8140347e-06 0 4.3213363e-06 -6.5322956e-06 1 3.8146973e-06 0 0 0 1 0.90436447 0.4267616 3.2413323e-07 50.282749 -0.4267616 0.90436447 7.9495812e-06 1.9073486e-06 3.0994415e-06 -7.3276465e-06 1 0 0 0 0 1 0.93894821 0.34405899 3.6219626e-07 50.282742 -0.3440589 0.93894845 8.0046502e-06 1.9073486e-06 2.4139879e-06 -7.6405713e-06 1 3.8146973e-06 0 0 0 1 0.89520347 0.44565821 4.2008776e-07 50.282753 -0.44565821 0.89520347 7.9992078e-06 0 3.1888487e-06 -7.3481347e-06 1 3.8146973e-06 0 0 0 1 0.78559345 0.61874354 5.8750095e-07 50.282745 -0.61874366 0.78559333 7.8263074e-06 0 4.3809409e-06 -6.511807e-06 1 3.8146973e-06 0 0 0 1 0.67150241 0.74100262 6.1160608e-07 50.282745 -0.74100274 0.67150229 7.7132081e-06 0 5.3048138e-06 -5.6326385e-06 1 7.6293945e-06 0 0 0 1 0.61042666 0.79207307 8.2250011e-07 50.282753 -0.79207307 0.61042666 7.7451368e-06 0 5.6326385e-06 -5.3793187e-06 0.99999994 0 0 0 0 1 0.72850454 0.68504143 6.2842793e-07 50.282757 -0.68504149 0.72850448 7.8465273e-06 0 4.9173841e-06 -6.1467285e-06 1.0000001 7.6293945e-06 0 0 0 1 0.8746351 0.48478222 4.1251451e-07 50.282753 -0.48478216 0.87463516 8.0598593e-06 3.8146973e-06 3.5464764e-06 -7.2494158e-06 1 7.6293945e-06 0 0 0 1 0.8877573 0.46031249 3.7721611e-07 50.282745 -0.46031249 0.8877573 7.9787897e-06 0 3.3378597e-06 -7.2568655e-06 1 7.6293945e-06 0 0 0 1 0.89426649 0.44753537 4.5601934e-07 50.282745 -0.44753543 0.89426637 7.9699821e-06 0 3.1590459e-06 -7.3313713e-06 1.0000001 3.8146973e-06 0 0 0 1 0.89513212 0.4458015 3.7725437e-07 50.282753 -0.44580156 0.89513201 7.9774154e-06 -1.9073486e-06 3.218651e-06 -7.3090191e-06 1.0000001 3.8146973e-06 0 0 0 1 0.89197749 0.45208019 5.0294238e-07 50.282745 -0.45208013 0.89197761 7.9142101e-06 1.9073486e-06 3.1292441e-06 -7.2866678e-06 1 0 0 0 0 1 0.88664889 0.46244377 4.457861e-07 50.282738 -0.46244383 0.88664877 7.9436913e-06 -3.8146973e-06 3.2782552e-06 -7.2494154e-06 1 7.6293945e-06 0 0 0 1 0.88093603 0.47323608 3.5506812e-07 50.282745 -0.47323614 0.88093597 7.903157e-06 0 3.4272668e-06 -7.1302056e-06 1.0000001 0 0 0 0 1 0.87644798 0.48149714 5.3899134e-07 50.282738 -0.48149714 0.87644798 7.9752499e-06 0 3.3676627e-06 -7.2494145e-06 1 0 0 0 0 1 0.87463546 0.48478141 3.4309846e-07 50.282749 -0.48478141 0.87463546 7.9961083e-06 0 3.5762785e-06 -7.1600075e-06 1 3.8146973e-06 0 0 0 1 </float_array>
        <technique_common>
          <accessor count="41" offset="0" source="#B_L_Calf_matrix-output-array" stride="16">
            <param name="TRANSFORM" type="float4x4" />
          </accessor>
        </technique_common>
      </source>
      <source id="B_L_Calf_matrix-interpolation">
        <Name_array id="B_L_Calf_matrix-interpolation-array" count="41"> LINEAR LINEAR LINEAR LINEAR LINEAR LINEAR LINEAR LINEAR LINEAR LINEAR LINEAR LINEAR LINEAR LINEAR LINEAR LINEAR LINEAR LINEAR LINEAR LINEAR LINEAR LINEAR LINEAR LINEAR LINEAR LINEAR LINEAR LINEAR LINEAR LINEAR LINEAR LINEAR LINEAR LINEAR LINEAR LINEAR LINEAR LINEAR LINEAR LINEAR LINEAR </Name_array>
        <technique_common>
          <accessor source="#B_L_Calf_matrix-interpolation-array" count="41" stride="1">
            <param name="INTERPOLATION" type="name"></param>
          </accessor>
        </technique_common>
      </source>
      <source id="B_L_Clavicle_matrix-input" name="B_L_Clavicle_matrix-input">
        <float_array id="B_L_Clavicle_matrix-input-array" count="41"> 0 1 2 3 4 5 6 7 8 9 10 11 12 13 14 15 16 17 18 19 20 21 22 23 24 25 26 27 28 29 30 31 32 33 34 35 36 37 38 39 40 </float_array>
        <technique_common>
          <accessor count="41" offset="0" source="#B_L_Clavicle_matrix-input-array" stride="1">
            <param name="TIME" type="float" />
          </accessor>
        </technique_common>
      </source>
      <source id="B_L_Clavicle_matrix-output" name="B_L_Clavicle_matrix-output">
