<?xml version="1.0" encoding="UTF-8" standalone="no" ?>
<COLLADA xmlns="http://www.collada.org/2005/11/COLLADASchema" version="1.4.1">
  <asset>
    <contributor>
      <author>Assimp</author>
      <authoring_tool>FBX SDK/FBX Plugins version 2013.1</authoring_tool>
    </contributor>
    <created>2020-08-21T10:31:03</created>
    <modified>2020-08-21T10:31:03</modified>
    <unit name="meter" meter="1" />
    <up_axis>Y_UP</up_axis>
  </asset>
  <library_geometries>
  </library_geometries>
  <library_controllers>
  </library_controllers>
  <library_visual_scenes>
    <visual_scene id="RootNode" name="RootNode">
      <node id="Motion_aAssimpFbxa_Translation"  name="Motion_$AssimpFbx$_Translation" type="NODE">
        <matrix sid="matrix">1 0 0 9.92585e-07 0 1 0 0 0 0 1 -0.17328988 0 0 0 1</matrix>
        <node id="Motion_aAssimpFbxa_PreRotation"  name="Motion_$AssimpFbx$_PreRotation" type="NODE">
          <matrix sid="matrix">1 0 0 0 0 -4.3711388e-08 1 0 0 -1 -4.3711388e-08 0 0 0 0 1</matrix>
          <node id="Motion_aAssimpFbxa_Rotation"  name="Motion_$AssimpFbx$_Rotation" type="NODE">
            <matrix sid="matrix">1.3868001e-06 1 0 0 -1 1.3868001e-06 0 0 0 0 1 0 0 0 0 1</matrix>
            <node id="Motion_aAssimpFbxa_Scaling"  name="Motion_$AssimpFbx$_Scaling" type="NODE">
              <matrix sid="matrix">1 0 0 0 0 1 0 0 0 0 1 0 0 0 0 1</matrix>
              <node id="Motion"  name="Motion" type="NODE">
                <matrix sid="matrix">1 0 0 0 0 1 0 0 0 0 1 0 0 0 0 1</matrix>
                <node id="B_Pelvis"  name="B_Pelvis" type="NODE">
                  <matrix sid="matrix">-0.2496177 0.46205536 0.85099697 -2.3046482 -9.303937e-07 -0.87881649 0.47715989 2.700002 0.96834445 0.11910676 0.21936858 275 0 0 0 1</matrix>
                  <node id="B_Spine"  name="B_Spine" type="NODE">
                    <matrix sid="matrix">0.98793238 0.014972009 -0.15416023 7.6766052 0.020636246 0.97371936 0.22681434 -1.6268482 0.15350467 -0.22725853 0.96165997 0.0023193359 0 0 0 1</matrix>
                    <node id="B_Spine1"  name="B_Spine1" type="NODE">
                      <matrix sid="matrix">0.99162978 -0.056458987 -0.1161155 12.74823 0.056751236 0.99838799 -0.00079027656 -0.014255524 0.11597295 -0.0058060368 0.99323541 8.392334e-05 0 0 0 1</matrix>
                      <node id="B_Spine2"  name="B_Spine2" type="NODE">
                        <matrix sid="matrix">0.99019593 -0.080596633 -0.11408859 17.93631 0.081947841 0.99661064 0.007195727 -0.026390553 0.11312196 -0.016474493 0.99344456 0.000415802 0 0 0 1</matrix>
                        <node id="B_L_Clavicle"  name="B_L_Clavicle" type="NODE">
                          <matrix sid="matrix">-0.017590661 -0.00078421831 0.99984497 17.736816 -0.17375694 -0.98478115 -0.0038293824 0.073139191 0.98463148 -0.17379735 0.017186686 5.0180206 0 0 0 1</matrix>
                          <node id="B_L_UpperArm"  name="B_L_UpperArm" type="NODE">
                            <matrix sid="matrix">0.68708682 0.38749379 0.61462212 17.464655 -0.57618243 0.80592442 0.13601308 7.6293945e-06 -0.44263473 -0.44758722 0.77700716 0 0 0 0 1</matrix>
                            <node id="B_L_Forearm"  name="B_L_Forearm" type="NODE">
                              <matrix sid="matrix">0.17074057 0.98103976 0.091698609 27.628189 -0.98531604 0.16999958 0.015889626 0 -3.72529e-07 -0.093065113 0.99566001 -3.0517578e-05 0 0 0 1</matrix>
                              <node id="B_L_ForeArmTwist"  name="B_L_ForeArmTwist" type="NODE">
                                <matrix sid="matrix">1 2.4962075e-08 -2.6705672e-07 11.992645 0 0.99566001 0.093065403 -4.5776367e-05 2.6822079e-07 -0.093065403 0.99566001 3.0517578e-05 0 0 0 1</matrix>
                                <node id="B_L_Hand"  name="B_L_Hand" type="NODE">
                                  <matrix sid="matrix">0.96226168 -0.26206896 0.073295936 11.992645 -0.094868481 -0.070617907 0.99298191 0 -0.25505373 -0.96246189 -0.092814989 1.5258789e-05 0 0 0 1</matrix>
                                  <node id="B_L_Finger0"  name="B_L_Finger0" type="NODE">
                                    <matrix sid="matrix">0.80900657 0.13246356 0.57267952 1.4603348 0.15583257 0.89108139 -0.42625129 1.9355316 -0.5667668 0.43408221 0.7002486 -2.4376831 0 0 0 1</matrix>
                                    <node id="B_L_Finger01"  name="B_L_Finger01" type="NODE">
                                      <matrix sid="matrix">0.80299318 -0.59598827 -1.3461223e-08 3.7140045 0.59598827 0.80299318 -9.9910329e-09 -3.0517578e-05 1.6763808e-08 0 1 -3.0517578e-05 0 0 0 1</matrix>
                                      <node id="B_L_Finger02"  name="B_L_Finger02" type="NODE">
                                        <matrix sid="matrix">0.55218464 -0.83372188 -1.1786025e-07 5.5299339 0.83372188 0.55218464 2.4441178e-08 3.0517578e-05 4.4703473e-08 -1.1175871e-07 1 2.6702881e-05 0 0 0 1</matrix>
                                      </node>
                                    </node>
                                  </node>
                                  <node id="B_L_Finger1"  name="B_L_Finger1" type="NODE">
                                    <matrix sid="matrix">0.27254903 -0.95552641 0.11263385 11.625458 0.92804092 0.23019101 -0.29283464 3.1205444 0.25388393 0.18434063 0.94950593 -3.0983582 0 0 0 1</matrix>
                                    <node id="B_L_Finger11"  name="B_L_Finger11" type="NODE">
                                      <matrix sid="matrix">-0.25881937 -0.96592575 -6.3497218e-08 4.4568024 0.96592575 -0.25881937 1.218273e-07 0 -1.3411044e-07 -2.9802329e-08 1 0 0 0 0 1</matrix>
                                      <node id="B_L_Finger12"  name="B_L_Finger12" type="NODE">
                                        <matrix sid="matrix">0.57357562 -0.81915259 1.8552606e-07 3.3311615 0.81915259 0.57357562 -2.0267025e-07 0 5.9604641e-08 2.6822087e-07 1 -3.0517578e-05 0 0 0 1</matrix>
                                      </node>
                                    </node>
                                  </node>
                                  <node id="B_L_Finger2"  name="B_L_Finger2" type="NODE">
                                    <matrix sid="matrix">0.2580848 -0.96503466 0.045829065 11.814079 0.96096498 0.25152332 -0.11524861 2.4380951 0.099691816 0.073784038 0.99227893 0.83572388 0 0 0 1</matrix>
                                    <node id="B_L_Finger21"  name="B_L_Finger21" type="NODE">
                                      <matrix sid="matrix">-0.62068564 -0.78405952 6.1010547e-07 5.1996155 0.78405952 -0.62068564 4.5563183e-08 0 3.4295945e-07 5.0663942e-07 1 0 0 0 0 1</matrix>
                                      <node id="B_L_Finger22"  name="B_L_Finger22" type="NODE">
                                        <matrix sid="matrix">0.44828629 -0.89389002 1.5987922e-10 5.1996222 0.89389002 0.44828629 1.3327994e-07 0 -1.1920929e-07 -5.9604659e-08 1 1.5258789e-05 0 0 0 1</matrix>
                                      </node>
                                    </node>
                                  </node>
                                  <node id="B_L_Finger3"  name="B_L_Finger3" type="NODE">
                                    <matrix sid="matrix">0.13847044 -0.99036652 0.00029709862 11.814072 0.99036658 0.13847046 5.9389731e-05 1.9342346 -9.9956989e-05 0.00028601283 0.99999994 4.6002197 0 0 0 1</matrix>
                                    <node id="B_L_Finger31"  name="B_L_Finger31" type="NODE">
                                      <matrix sid="matrix">-0.058766864 -0.99827176 -1.1226044e-06 4.4568176 0.99827176 -0.058766864 -1.2154619e-06 1.5258789e-05 1.1473893e-06 -1.1920931e-06 1 0 0 0 0 1</matrix>
                                      <node id="B_L_Finger32"  name="B_L_Finger32" type="NODE">
                                        <matrix sid="matrix">-0.058766745 -0.99827176 -1.9057369e-06 4.4567719 0.99827176 -0.058766745 -1.6048834e-06 -1.5258789e-05 1.4901158e-06 -1.996757e-06 1 0 0 0 0 1</matrix>
                                      </node>
                                    </node>
                                  </node>
                                  <node id="B_L_Finger4"  name="B_L_Finger4" type="NODE">
                                    <matrix sid="matrix">0.14714396 -0.98122936 -0.12465002 11.857193 0.98368686 0.15835448 -0.085346788 4.0528717 0.10348367 -0.11005832 0.9885233 6.5145264 0 0 0 1</matrix>
                                    <node id="B_L_Finger41"  name="B_L_Finger41" type="NODE">
                                      <matrix sid="matrix">-0.18123169 -0.9834404 -2.1888627e-06 3.327652 0.9834404 -0.18123169 -3.7444026e-06 1.5258789e-05 3.2857058e-06 -2.8312204e-06 1 0 0 0 0 1</matrix>
                                      <node id="B_L_Finger42"  name="B_L_Finger42" type="NODE">
                                        <matrix sid="matrix">0.0019772795 -0.99999803 -2.3085886e-06 3.3276672 0.99999803 0.0019772795 -3.2140931e-06 -3.0517578e-05 3.2186517e-06 -2.3022289e-06 1 -1.5258789e-05 0 0 0 1</matrix>
                                      </node>
                                    </node>
                                  </node>
                                </node>
                              </node>
                            </node>
                          </node>
                        </node>
                        <node id="B_R_Clavicle"  name="B_R_Clavicle" type="NODE">
                          <matrix sid="matrix">-0.10452852 -0.00079599954 -0.9945215 17.736847 0.00023395466 -0.99999964 0.00077579438 0.074659348 -0.99452186 -0.00015158032 0.10452867 -5.0179634 0 0 0 1</matrix>
                          <node id="B_R_UpperArm"  name="B_R_UpperArm" type="NODE">
                            <matrix sid="matrix">0.27306131 0.25117815 -0.92862642 17.464645 -0.61811048 0.78549123 0.030707985 1.9073486e-05 0.73714113 0.56560856 0.36974314 3.0517578e-05 0 0 0 1</matrix>
                            <node id="B_R_Forearm"  name="B_R_Forearm" type="NODE">
                              <matrix sid="matrix">0.3198477 0.94746888 -0.00025390339 27.628159 -0.94746894 0.31984767 -8.5532141e-05 -1.5258789e-05 1.7136344e-07 0.00026792285 0.99999994 -1.5258789e-05 0 0 0 1</matrix>
                              <node id="B_R_ForeArmTwist"  name="B_R_ForeArmTwist" type="NODE">
                                <matrix sid="matrix">1 2.5921489e-11 9.6857526e-08 11.99263 0 0.99999994 -0.00026762491 0 -9.6857534e-08 0.00026762491 0.99999994 1.5258789e-05 0 0 0 1</matrix>
                                <node id="B_R_Hand"  name="B_R_Hand" type="NODE">
                                  <matrix sid="matrix">0.91348934 -0.21604958 -0.34476054 11.992653 -0.33556628 0.079089612 -0.9386906 -3.0517578e-05 0.23007071 0.97317386 -0.0002514392 0 0 0 0 1</matrix>
                                  <node id="B_R_Finger0"  name="B_R_Finger0" type="NODE">
                                    <matrix sid="matrix">0.80900657 0.13246378 -0.5726794 1.4603119 0.15583234 0.89108139 0.42625147 1.9355316 0.5667668 -0.43408218 0.70024854 2.4376526 0 0 0 1</matrix>
                                    <node id="B_R_Finger01"  name="B_R_Finger01" type="NODE">
                                      <matrix sid="matrix">0.80299306 -0.59598839 -3.0601069e-07 3.7140198 0.59598839 0.80299306 -1.0650314e-07 -1.5258789e-05 3.0919909e-07 -9.6857541e-08 1 0 0 0 0 1</matrix>
                                      <node id="B_R_Finger02"  name="B_R_Finger02" type="NODE">
                                        <matrix sid="matrix">0.55218482 -0.83372176 1.8614844e-07 5.5299377 0.83372176 0.55218482 -5.6264582e-08 0 -5.587934e-08 1.8626446e-07 1 2.2888184e-05 0 0 0 1</matrix>
                                      </node>
                                    </node>
                                  </node>
                                  <node id="B_R_Finger1"  name="B_R_Finger1" type="NODE">
                                    <matrix sid="matrix">0.27254859 -0.95552647 -0.11263405 11.625458 0.92804098 0.23019046 0.29283494 3.1205292 -0.25388426 -0.18434076 0.94950581 3.0983582 0 0 0 1</matrix>
                                    <node id="B_R_Finger11"  name="B_R_Finger11" type="NODE">
                                      <matrix sid="matrix">-0.25881925 -0.96592575 -1.3208714e-07 4.4568024 0.96592575 -0.25881925 -3.1307542e-07 0 2.6822093e-07 -2.0861631e-07 1 0 0 0 0 1</matrix>
                                      <node id="B_R_Finger12"  name="B_R_Finger12" type="NODE">
                                        <matrix sid="matrix">0.57357579 -0.81915247 1.5993557e-07 3.331131 0.81915247 0.57357579 1.2449439e-07 0 -1.9371507e-07 5.9604641e-08 1 -7.6293945e-06 0 0 0 1</matrix>
                                      </node>
                                    </node>
                                  </node>
                                  <node id="B_R_Finger2"  name="B_R_Finger2" type="NODE">
                                    <matrix sid="matrix">0.25808468 -0.96503466 -0.045829333 11.814056 0.9609651 0.2515232 0.11524825 2.4380951 -0.099691421 -0.073784202 0.99227893 -0.83570862 0 0 0 1</matrix>
                                    <node id="B_R_Finger21"  name="B_R_Finger21" type="NODE">
                                      <matrix sid="matrix">-0.62068564 -0.78405952 -1.4117852e-08 5.1996155 0.78405952 -0.62068564 -3.0181269e-08 1.5258789e-05 1.4901163e-08 -2.9802315e-08 1 -3.0517578e-05 0 0 0 1</matrix>
                                      <node id="B_R_Finger22"  name="B_R_Finger22" type="NODE">
                                        <matrix sid="matrix">0.44828629 -0.89389002 -1.1991999e-07 5.1996002 0.89389002 0.44828629 2.6799892e-08 3.0517578e-05 2.9802329e-08 -1.192093e-07 1 4.5776367e-05 0 0 0 1</matrix>
                                      </node>
                                    </node>
                                  </node>
                                  <node id="B_R_Finger3"  name="B_R_Finger3" type="NODE">
                                    <matrix sid="matrix">0.13847044 -0.99036652 -0.00029840908 11.814041 0.99036658 0.13847046 -5.9507434e-05 1.9342651 0.00010025501 -0.00028729436 0.99999994 -4.6002655 0 0 0 1</matrix>
                                    <node id="B_R_Finger31"  name="B_R_Finger31" type="NODE">
                                      <matrix sid="matrix">-0.058766745 -0.99827176 1.0501491e-07 4.4567719 0.99827176 -0.058766745 -2.6250322e-07 -3.0517578e-05 2.6822093e-07 8.9406946e-08 1 1.5258789e-05 0 0 0 1</matrix>
                                      <node id="B_R_Finger32"  name="B_R_Finger32" type="NODE">
                                        <matrix sid="matrix">-0.058766864 -0.99827176 6.0552446e-07 4.4568481 0.99827176 -0.058766864 -1.4347715e-07 0 1.7881395e-07 5.9604622e-07 1 -3.0517578e-05 0 0 0 1</matrix>
                                      </node>
                                    </node>
                                  </node>
                                  <node id="B_R_Finger4"  name="B_R_Finger4" type="NODE">
                                    <matrix sid="matrix">0.14714396 -0.98122966 0.12464786 11.857208 0.98368686 0.15835427 0.085347041 4.0529022 -0.10348356 0.11005616 0.98852354 -6.5145721 0 0 0 1</matrix>
                                    <node id="B_R_Finger41"  name="B_R_Finger41" type="NODE">
                                      <matrix sid="matrix">-0.18123111 -0.98344052 2.4328602e-07 3.327652 0.98344052 -0.18123111 8.175893e-07 0 -7.5995945e-07 3.8742994e-07 1 4.5776367e-05 0 0 0 1</matrix>
                                      <node id="B_R_Finger42"  name="B_R_Finger42" type="NODE">
                                        <matrix sid="matrix">0.0019769219 -0.99999803 2.6951642e-07 3.3277283 0.99999803 0.0019769219 6.5511972e-07 1.5258789e-05 -6.5565126e-07 2.6822079e-07 1 -3.0517578e-05 0 0 0 1</matrix>
                                      </node>
                                    </node>
                                  </node>
                                </node>
                              </node>
                            </node>
                          </node>
                        </node>
                        <node id="B_Neck"  name="B_Neck" type="NODE">
                          <matrix sid="matrix">0.9745459 -0.20556869 -0.089452863 27.039764 0.2092856 0.97725385 0.034271047 1.1282291 0.080373093 -0.052119903 0.99540126 0.00061035156 0 0 0 1</matrix>
                          <node id="B_Head"  name="B_Head" type="NODE">
                            <matrix sid="matrix">0.97410887 0.18916327 -0.12381113 10.019287 -0.22530025 0.85766852 -0.46221703 1.4083176 0.018754423 0.47814435 0.87808096 1.5258789e-05 0 0 0 1</matrix>
                          </node>
                        </node>
                      </node>
                    </node>
                  </node>
                  <node id="B_L_Thigh"  name="B_L_Thigh" type="NODE">
                    <matrix sid="matrix">-0.6638332 0.65499038 -0.36098906 0 0.68411648 0.72683787 0.060756966 2.0980835e-05 0.30217573 -0.20662607 -0.93058884 11.161465 0 0 0 1</matrix>
                    <node id="B_L_Calf"  name="B_L_Calf" type="NODE">
                      <matrix sid="matrix">-0.64454383 0.76456738 7.0653732e-07 50.282761 -0.76456738 -0.64454383 6.4791225e-06 1.5258789e-05 5.4091197e-06 3.6358829e-06 1 0 0 0 0 1</matrix>
                      <node id="B_L_Foot"  name="B_L_Foot" type="NODE">
                        <matrix sid="matrix">0.87386042 -0.46148932 -0.15295577 39.728123 0.25422078 0.70190847 -0.66535431 1.5258789e-05 0.41441488 0.54254228 0.73069018 -1.5258789e-05 0 0 0 1</matrix>
                        <node id="B_L_Toe0"  name="B_L_Toe0" type="NODE">
                          <matrix sid="matrix">-4.3711388e-08 -1 -4.4703484e-08 18.214447 1 -4.3711388e-08 -1.4901163e-08 14.545929 1.4901161e-08 -4.4703484e-08 1 0.020654678 0 0 0 1</matrix>
                        </node>
                      </node>
                    </node>
                  </node>
                  <node id="B_R_Thigh"  name="B_R_Thigh" type="NODE">
                    <matrix sid="matrix">-0.8072741 0.56150872 0.18170401 -3.0517578e-05 0.31843689 0.67363542 -0.66694319 -1.335144e-05 -0.49689671 -0.48054478 -0.72261351 -11.161446 0 0 0 1</matrix>
                    <node id="B_R_Calf"  name="B_R_Calf" type="NODE">
                      <matrix sid="matrix">0.50536138 0.86290777 -8.5643251e-08 50.282761 -0.86290777 0.50536138 -4.7558342e-06 0 -4.060566e-06 2.4773174e-06 1 0 0 0 0 1</matrix>
                      <node id="B_R_Foot"  name="B_R_Foot" type="NODE">
                        <matrix sid="matrix">0.9736461 0.22759409 0.01463417 39.728119 -0.22805922 0.97203827 0.055952515 -7.6293945e-06 -0.0014905109 -0.057815403 0.99832618 2.8610229e-06 0 0 0 1</matrix>
                        <node id="B_R_Toe0"  name="B_R_Toe0" type="NODE">
                          <matrix sid="matrix">0.00031824509 -0.99999994 -0.00010426797 18.214432 0.99999994 0.00031825391 -8.4501102e-05 14.545959 8.453428e-05 -0.00010424107 1 -0.020652771 0 0 0 1</matrix>
                        </node>
                      </node>
                    </node>
                  </node>
                </node>
              </node>
            </node>
          </node>
        </node>
      </node>
      <node id="Exporter_aAssimpFbxa_PreRotation"  name="Exporter_$AssimpFbx$_PreRotation" type="NODE">
        <matrix sid="matrix">1 0 0 0 0 -4.3711388e-08 1 0 0 -1 -4.3711388e-08 0 0 0 0 1</matrix>
        <node id="Exporter"  name="Exporter" type="NODE">
          <matrix sid="matrix">1 0 0 0 0 1 0 0 0 0 1 0 0 0 0 1</matrix>
        </node>
      </node>
    </visual_scene>
  </library_visual_scenes>
  <library_animations>
    <animation id="TakeW001AnimId0" name="Take 001">
      <source id="B_Head_matrix-input" name="B_Head_matrix-input">
        <float_array id="B_Head_matrix-input-array" count="13"> 0 1 2 3 4 5 6 7 8 9 10 11 12 </float_array>
        <technique_common>
          <accessor count="13" offset="0" source="#B_Head_matrix-input-array" stride="1">
            <param name="TIME" type="float" />
          </accessor>
        </technique_common>
      </source>
      <source id="B_Head_matrix-output" name="B_Head_matrix-output">
        <float_array id="B_Head_matrix-output-array" count="208"> 0.97410882 0.18916331 -0.12381113 10.019287 -0.22530024 0.8576687 -0.462217 1.4083176 0.018754425 0.4781445 0.87808102 1.5258789e-05 0 0 0 1 0.99703842 -0.048208468 -0.059916001 10.019318 -0.050516918 0.17686473 -0.98293793 1.4083138 0.057982951 0.98305368 0.17390561 7.6293945e-06 0 0 0 1 0.8417356 -0.051077664 0.53746819 10.019287 0.5137403 -0.23029113 -0.8264603 1.4082947 0.16598783 0.97178042 -0.16760357 3.8146973e-06 0 0 0 1 0.73157424 -0.18936154 0.65493613 10.019287 0.58733708 0.66283447 -0.46441954 1.4083099 -0.34617117 0.72442561 0.59613162 0 0 0 0 1 0.95475954 -0.29371935 0.046509709 10.019318 0.028662115 0.24656036 0.96870369 1.4083147 -0.29599437 -0.92354602 0.24382445 7.6293945e-06 0 0 0 1 0.96098632 -0.27576581 0.021407977 10.019318 -0.00028932092 0.076395988 0.99707747 1.4083138 -0.27659532 -0.95818412 0.073335707 0 0 0 0 1 0.96345299 -0.26764452 0.011163697 10.019318 -0.012997984 -0.0050826073 0.99990267 1.4083138 -0.2675617 -0.96350437 -0.0083757639 0 0 0 0 1 0.96375465 -0.26660693 0.0098940283 10.019287 -0.014617668 -0.015738964 0.99976933 1.4083176 -0.2663897 -0.96367693 -0.019065619 0 0 0 0 1 0.96262664 -0.27043772 0.014623094 10.019318 -0.0086370278 0.02331168 0.99969113 1.4083157 -0.27069503 -0.96245539 0.020104652 0 0 0 0 1 0.96052879 -0.27720433 0.023285089 10.019287 0.0019756556 0.090500653 0.99589431 1.4083157 -0.27817357 -0.95653927 0.087476127 7.6293945e-06 0 0 0 1 0.95798129 -0.28485206 0.033630237 10.019287 0.014146625 0.16402733 0.98635441 1.4083157 -0.28648129 -0.94443339 0.16116482 7.6293945e-06 0 0 0 1 0.95573443 -0.29112548 0.042632878 10.019318 0.024359388 0.22268909 0.97458512 1.4083147 -0.29322043 -0.93040603 0.21992332 -7.6293945e-06 0 0 0 1 0.9547596 -0.29371929 0.046509728 10.019318 0.028662086 0.24656034 0.96870357 1.4083147 -0.29599434 -0.9235459 0.24382442 7.6293945e-06 0 0 0 1 </float_array>
        <technique_common>
          <accessor count="13" offset="0" source="#B_Head_matrix-output-array" stride="16">
            <param name="TRANSFORM" type="float4x4" />
          </accessor>
        </technique_common>
      </source>
      <source id="B_Head_matrix-interpolation">
        <Name_array id="B_Head_matrix-interpolation-array" count="13"> LINEAR LINEAR LINEAR LINEAR LINEAR LINEAR LINEAR LINEAR LINEAR LINEAR LINEAR LINEAR LINEAR </Name_array>
        <technique_common>
          <accessor source="#B_Head_matrix-interpolation-array" count="13" stride="1">
            <param name="INTERPOLATION" type="name"></param>
          </accessor>
        </technique_common>
      </source>
      <source id="B_L_Calf_matrix-input" name="B_L_Calf_matrix-input">
        <float_array id="B_L_Calf_matrix-input-array" count="13"> 0 1 2 3 4 5 6 7 8 9 10 11 12 </float_array>
        <technique_common>
          <accessor count="13" offset="0" source="#B_L_Calf_matrix-input-array" stride="1">
            <param name="TIME" type="float" />
          </accessor>
        </technique_common>
      </source>
      <source id="B_L_Calf_matrix-output" name="B_L_Calf_matrix-output">
        <float_array id="B_L_Calf_matrix-output-array" count="208"> -0.64454412 0.76456749 7.0653732e-07 50.282761 -0.76456767 -0.64454395 6.4791225e-06 1.5258789e-05 5.4091215e-06 3.6358833e-06 1 0 0 0 0 1 0.07505393 0.99717957 9.2943191e-07 50.282745 -0.99717957 0.07505393 7.1082527e-06 0 7.0184469e-06 -1.4603131e-06 0.99999994 7.6293945e-06 0 0 0 1 0.91633987 0.40040165 3.9224801e-07 50.282745 -0.40040162 0.91633999 8.0244536e-06 0 2.8535719e-06 -7.5101848e-06 1 3.8146973e-06 0 0 0 1 0.91633987 0.40040165 3.9184721e-07 50.28273 -0.40040162 0.91633999 7.9677147e-06 1.9073486e-06 2.8312204e-06 -7.4580312e-06 1.0000001 3.8146973e-06 0 0 0 1 -0.83062804 0.55682778 5.3736221e-07 50.282757 -0.55682784 -0.83062792 6.4238261e-06 0 4.0233135e-06 5.0365911e-06 1 0 0 0 0 1 -0.91768146 0.39731771 3.3897004e-07 50.282757 -0.39731762 -0.91768163 6.3171365e-06 0 2.8209763e-06 5.6624413e-06 1 1.5258789e-05 0 0 0 1 -0.94823134 0.31758103 3.3100764e-07 50.282753 -0.31758109 -0.94823122 6.2081599e-06 -1.5258789e-05 2.2854658e-06 5.7816496e-06 1 0 0 0 0 1 -0.95171058 0.30699724 3.2629856e-07 50.282768 -0.30699724 -0.95171058 6.2115787e-06 -1.5258789e-05 2.2174795e-06 5.8114524e-06 1 0 0 0 0 1 -0.93837881 0.34560829 3.7029872e-07 50.282738 -0.3456082 -0.93837905 6.170661e-06 -1.5258789e-05 2.4801118e-06 5.6624413e-06 1 1.5258789e-05 0 0 0 1 -0.91167819 0.41090494 3.9463089e-07 50.282761 -0.41090485 -0.91167843 6.2254244e-06 -1.5258789e-05 2.9178334e-06 5.5134296e-06 1 1.5258789e-05 0 0 0 1 -0.87689471 0.48068321 5.0040177e-07 50.28273 -0.48068315 -0.87689477 6.2558743e-06 0 3.4458935e-06 5.2452092e-06 0.99999988 0 0 0 0 1 -0.84482116 0.53504932 5.0294256e-07 50.282749 -0.53504932 -0.84482116 6.2449785e-06 0 3.7662683e-06 5.0067906e-06 0.99999994 0 0 0 0 1 -0.83062804 0.55682778 5.3736221e-07 50.282757 -0.55682784 -0.83062792 6.4238261e-06 0 4.0233135e-06 5.0365911e-06 1 0 0 0 0 1 </float_array>
        <technique_common>
          <accessor count="13" offset="0" source="#B_L_Calf_matrix-output-array" stride="16">
            <param name="TRANSFORM" type="float4x4" />
          </accessor>
        </technique_common>
      </source>
      <source id="B_L_Calf_matrix-interpolation">
        <Name_array id="B_L_Calf_matrix-interpolation-array" count="13"> LINEAR LINEAR LINEAR LINEAR LINEAR LINEAR LINEAR LINEAR LINEAR LINEAR LINEAR LINEAR LINEAR </Name_array>
        <technique_common>
          <accessor source="#B_L_Calf_matrix-interpolation-array" count="13" stride="1">
            <param name="INTERPOLATION" type="name"></param>
          </accessor>
        </technique_common>
      </source>
      <source id="B_L_Clavicle_matrix-input" name="B_L_Clavicle_matrix-input">
        <float_array id="B_L_Clavicle_matrix-input-array" count="13"> 0 1 2 3 4 5 6 7 8 9 10 11 12 </float_array>
        <technique_common>
          <accessor count="13" offset="0" source="#B_L_Clavicle_matrix-input-array" stride="1">
            <param name="TIME" type="float" />
          </accessor>
        </technique_common>
      </source>
      <source id="B_L_Clavicle_matrix-output" name="B_L_Clavicle_matrix-output">
        <float_array id="B_L_Clavicle_matrix-output-array" count="208"> -0.017590642 -0.00078422576 0.99984497 17.736816 -0.17375696 -0.98478127 -0.0038293672 0.073139191 0.98463154 -0.17379737 0.017186521 5.0180206 0 0 0 1 0.068593152 -0.00078944111 0.99764442 17.736847 -0.12841032 -0.99168855 0.0080441497 0.073143005 0.98934627 -0.12865959 -0.068124533 5.018013 0 0 0 1 0.28517988 -0.0007842629 0.9584735 17.736862 -0.16680065 -0.98478109 0.048823316 0.073150635 0.94384849 -0.17379744 -0.28097075 5.0180206 0 0 0 1 0.76109523 -0.00059749192 0.64864016 17.736847 -0.42935523 -0.75002873 0.50310177 0.073135376 0.48619813 -0.66140527 -0.5710997 5.0180206 0 0 0 1 0.55943859 -0.00065998733 0.82887149 17.736816 -0.46430945 -0.82862663 0.31272131 0.073139191 0.68661851 -0.55980134 -0.46387219 5.0180206 0 0 0 1 0.17172331 -0.00074975204 0.98514515 17.736847 -0.3322019 -0.94147313 0.05719053 0.073143005 0.9274444 -0.33708802 -0.16192211 5.0180206 0 0 0 1 -0.10466601 -0.00078421843 0.99450737 17.736877 -0.17276207 -0.98478138 -0.018958721 0.073144913 0.97938687 -0.17379743 0.10293748 5.018013 0 0 0 1 -0.17872381 -0.00078946352 0.98389912 17.736877 -0.12974826 -0.99124765 -0.02436395 0.073139191 0.97530675 -0.13201359 0.1770571 5.0180206 0 0 0 1 -0.19929861 -0.00079049909 0.97993857 17.736816 -0.11769941 -0.99274105 -0.024738379 0.073139191 0.97284472 -0.12026851 0.19775885 5.0180283 0 0 0 1 -0.18461066 -0.00078954536 0.98281133 17.736847 -0.12630363 -0.99168843 -0.024521478 0.073143005 0.97466195 -0.12865959 0.18297645 5.018013 0 0 0 1 -0.15215683 -0.0007877202 0.98835605 17.736847 -0.14525566 -0.98912346 -0.023150336 0.073143005 0.97762424 -0.1470868 0.15038735 5.018013 0 0 0 1 -0.11953785 -0.00078541058 0.9928295 17.736877 -0.16418406 -0.98621607 -0.020548122 0.073143005 0.97916013 -0.16546306 0.11776103 5.018013 0 0 0 1 -0.10466599 -0.00078410667 0.99450725 17.736816 -0.17276207 -0.98478138 -0.018958608 0.073139191 0.97938675 -0.17379744 0.10293747 5.0180206 0 0 0 1 </float_array>
        <technique_common>
          <accessor count="13" offset="0" source="#B_L_Clavicle_matrix-output-array" stride="16">
            <param name="TRANSFORM" type="float4x4" />
          </accessor>
        </technique_common>
      </source>
      <source id="B_L_Clavicle_matrix-interpolation">
        <Name_array id="B_L_Clavicle_matrix-interpolation-array" count="13"> LINEAR LINEAR LINEAR LINEAR LINEAR LINEAR LINEAR LINEAR LINEAR LINEAR LINEAR LINEAR LINEAR </Name_array>
        <technique_common>
          <accessor source="#B_L_Clavicle_matrix-interpolation-array" count="13" stride="1">
            <param name="INTERPOLATION" type="name"></param>
          </accessor>
        </technique_common>
      </source>
      <source id="B_L_Finger0_matrix-input" name="B_L_Finger0_matrix-input">
        <float_array id="B_L_Finger0_matrix-input-array" count="13"> 0 1 2 3 4 5 6 7 8 9 10 11 12 </float_array>
        <technique_common>
          <accessor count="13" offset="0" source="#B_L_Finger0_matrix-input-array" stride="1">
            <param name="TIME" type="float" />
          </accessor>
        </technique_common>
      </source>
      <source id="B_L_Finger0_matrix-output" name="B_L_Finger0_matrix-output">
        <float_array id="B_L_Finger0_matrix-output-array" count="208"> 0.80900669 0.13246353 0.57267964 1.4603348 0.15583256 0.89108139 -0.42625144 1.9355316 -0.56676686 0.43408221 0.70024884 -2.4376831 0 0 0 1 0.80900651 0.13246375 0.57267946 1.4603271 0.15583239 0.89108109 -0.4262515 1.9355164 -0.5667668 0.43408215 0.70024854 -2.4376526 0 0 0 1 0.80900657 0.13246374 0.57267958 1.4603271 0.15583247 0.89108145 -0.42625153 1.9355469 -0.5667668 0.4340823 0.70024866 -2.437645 0 0 0 1 0.80900657 0.13246384 0.5726794 1.4603271 0.15583237 0.89108121 -0.42625153 1.9355164 -0.56676686 0.43408221 0.70024848 -2.4376545 0 0 0 1 0.80900645 0.13246362 0.57267958 1.4603119 0.15583237 0.89108139 -0.42625135 1.9355316 -0.56676674 0.43408203 0.70024878 -2.4376564 0 0 0 1 0.80900657 0.13246384 0.57267958 1.4603271 0.15583238 0.89108157 -0.42625165 1.9355621 -0.56676686 0.43408233 0.70024872 -2.4376526 0 0 0 1 0.80900669 0.1324638 0.57267952 1.4603271 0.15583242 0.89108127 -0.42625159 1.9355316 -0.56676692 0.43408227 0.70024866 -2.4376755 0 0 0 1 0.80900657 0.13246378 0.57267958 1.4603424 0.15583242 0.89108145 -0.42625156 1.9355621 -0.5667668 0.43408233 0.70024866 -2.437645 0 0 0 1 0.80900669 0.13246384 0.57267946 1.4603271 0.15583242 0.89108133 -0.42625162 1.9355469 -0.56676692 0.4340823 0.70024854 -2.4376526 0 0 0 1 0.80900639 0.13246368 0.57267964 1.4603271 0.15583251 0.89108121 -0.4262515 1.9355164 -0.5667668 0.43408221 0.70024866 -2.4376678 0 0 0 1 0.80900657 0.13246383 0.57267958 1.4602966 0.15583239 0.89108133 -0.42625168 1.9355316 -0.56676686 0.43408227 0.70024872 -2.4376678 0 0 0 1 0.80900657 0.13246371 0.5726797 1.4603119 0.15583254 0.89108127 -0.4262515 1.9355469 -0.56676698 0.43408224 0.7002486 -2.4376526 0 0 0 1 0.80900651 0.13246378 0.57267952 1.4602966 0.15583239 0.89108133 -0.42625156 1.9355316 -0.5667668 0.43408227 0.70024866 -2.4376755 0 0 0 1 </float_array>
        <technique_common>
          <accessor count="13" offset="0" source="#B_L_Finger0_matrix-output-array" stride="16">
            <param name="TRANSFORM" type="float4x4" />
          </accessor>
        </technique_common>
      </source>
      <source id="B_L_Finger0_matrix-interpolation">
        <Name_array id="B_L_Finger0_matrix-interpolation-array" count="13"> LINEAR LINEAR LINEAR LINEAR LINEAR LINEAR LINEAR LINEAR LINEAR LINEAR LINEAR LINEAR LINEAR </Name_array>
        <technique_common>
          <accessor source="#B_L_Finger0_matrix-interpolation-array" count="13" stride="1">
            <param name="INTERPOLATION" type="name"></param>
          </accessor>
        </technique_common>
      </source>
      <source id="B_L_Finger01_matrix-input" name="B_L_Finger01_matrix-input">
        <float_array id="B_L_Finger01_matrix-input-array" count="13"> 0 1 2 3 4 5 6 7 8 9 10 11 12 </float_array>
        <technique_common>
          <accessor count="13" offset="0" source="#B_L_Finger01_matrix-input-array" stride="1">
            <param name="TIME" type="float" />
          </accessor>
        </technique_common>
      </source>
      <source id="B_L_Finger01_matrix-output" name="B_L_Finger01_matrix-output">
        <float_array id="B_L_Finger01_matrix-output-array" count="208"> 0.80299312 -0.59598821 -1.3461219e-08 3.7140045 0.59598821 0.80299312 -9.9910302e-09 -3.0517578e-05 1.6763806e-08 8.8817837e-16 0.9999997 -3.0517578e-05 0 0 0 1 0.80299312 -0.59598821 -2.7968911e-10 3.7140045 0.59598821 0.80299306 -5.5878647e-08 0 3.3527609e-08 4.4703487e-08 0.99999976 -2.2888184e-05 0 0 0 1 0.80299318 -0.59598827 -5.6276861e-08 3.714035 0.59598827 0.80299318 6.9572927e-08 -3.0517578e-05 3.7252939e-09 -8.9406974e-08 0.99999958 -3.0517578e-05 0 0 0 1 0.802993 -0.59598827 8.3012857e-08 3.7140045 0.59598833 0.80299294 -8.6843315e-08 0 -1.4901157e-08 1.1920928e-07 0.99999976 -3.0517578e-05 0 0 0 1 0.80299318 -0.59598833 2.8371508e-08 3.7140045 0.59598827 0.8029933 1.1779064e-08 -1.5258789e-05 -2.9802321e-08 7.4505797e-09 0.99999964 -2.2888184e-05 0 0 0 1 0.80299336 -0.59598815 -2.0473529e-08 3.7140045 0.59598833 0.80299306 7.7589462e-08 3.0517578e-05 -2.9802319e-08 -7.4505813e-08 0.99999964 -1.5258789e-05 0 0 0 1 0.80299318 -0.59598833 2.3931051e-08 3.7140121 0.59598845 0.802993 1.7761831e-08 3.0517578e-05 -2.9802326e-08 1.7763567e-15 0.9999997 -1.5258789e-05 0 0 0 1 0.802993 -0.59598833 -8.6097458e-08 3.7140045 0.59598833 0.802993 6.5996858e-08 3.0517578e-05 2.9802319e-08 -1.0430813e-07 0.99999964 -2.2888184e-05 0 0 0 1 0.802993 -0.59598833 -4.1692893e-08 3.7140121 0.59598833 0.802993 6.1692216e-09 -3.0517578e-05 2.9802326e-08 -2.9802322e-08 0.99999982 -7.6293945e-06 0 0 0 1 0.80299336 -0.59598821 -1.5050141e-08 3.7139969 0.59598821 0.80299336 -2.9727348e-08 0 2.9802321e-08 1.4901161e-08 0.99999964 -2.2888184e-05 0 0 0 1 0.80299306 -0.59598827 6.1692278e-09 3.7140045 0.59598821 0.80299318 4.1692889e-08 3.0517578e-05 -2.9802322e-08 -2.9802322e-08 0.9999997 -2.2888184e-05 0 0 0 1 0.80299324 -0.59598809 -7.7962405e-08 3.7140045 0.59598815 0.80299318 -9.4978368e-08 0 1.1920929e-07 2.9802321e-08 0.99999976 -1.5258789e-05 0 0 0 1 0.80299318 -0.59598827 -1.0731681e-07 3.7140045 0.59598827 0.80299318 -5.4233791e-09 0 8.9406967e-08 -5.9604645e-08 0.9999997 -2.2888184e-05 0 0 0 1 </float_array>
        <technique_common>
          <accessor count="13" offset="0" source="#B_L_Finger01_matrix-output-array" stride="16">
            <param name="TRANSFORM" type="float4x4" />
          </accessor>
        </technique_common>
      </source>
      <source id="B_L_Finger01_matrix-interpolation">
        <Name_array id="B_L_Finger01_matrix-interpolation-array" count="13"> LINEAR LINEAR LINEAR LINEAR LINEAR LINEAR LINEAR LINEAR LINEAR LINEAR LINEAR LINEAR LINEAR </Name_array>
        <technique_common>
          <accessor source="#B_L_Finger01_matrix-interpolation-array" count="13" stride="1">
            <param name="INTERPOLATION" type="name"></param>
          </accessor>
        </technique_common>
      </source>
      <source id="B_L_Finger02_matrix-input" name="B_L_Finger02_matrix-input">
        <float_array id="B_L_Finger02_matrix-input-array" count="13"> 0 1 2 3 4 5 6 7 8 9 10 11 12 </float_array>
        <technique_common>
          <accessor count="13" offset="0" source="#B_L_Finger02_matrix-input-array" stride="1">
            <param name="TIME" type="float" />
          </accessor>
        </technique_common>
      </source>
      <source id="B_L_Finger02_matrix-output" name="B_L_Finger02_matrix-output">
        <float_array id="B_L_Finger02_matrix-output-array" count="208"> 0.55218452 -0.83372194 -1.1786027e-07 5.5299339 0.83372211 0.5521844 2.4441171e-08 3.0517578e-05 4.4703473e-08 -1.1175872e-07 1 2.6702881e-05 0 0 0 1 0.55218482 -0.833722 -5.1872419e-08 5.5299301 0.833722 0.55218482 7.0101891e-08 0 -2.9802315e-08 -8.1956379e-08 1 2.2888184e-05 0 0 0 1 0.55218488 -0.833722 -7.2686305e-08 5.5299377 0.83372211 0.55218482 1.1963331e-07 3.0517578e-05 -5.9604645e-08 -1.2665987e-07 1 3.0517578e-05 0 0 0 1 0.55218458 -0.83372205 -4.1627775e-08 5.5299683 0.83372205 0.55218458 9.9062852e-08 3.8146973e-06 -5.9604652e-08 -8.9406953e-08 1.0000001 2.2888184e-05 0 0 0 1 0.55218476 -0.83372194 -8.5527239e-09 5.5299377 0.83372194 0.55218476 9.5029868e-08 7.6293945e-06 -7.4505806e-08 -5.9604645e-08 0.99999994 2.6702881e-05 0 0 0 1 0.55218482 -0.8337217 -8.2606462e-08 5.5299377 0.833722 0.55218464 -1.6780902e-08 0 5.9604645e-08 -5.9604645e-08 1 1.5258789e-05 0 0 0 1 0.55218494 -0.83372188 -3.3237299e-08 5.5299225 0.83372194 0.55218488 5.775961e-08 1.5258789e-05 -2.9802322e-08 -5.9604641e-08 1 3.0517578e-05 0 0 0 1 0.55218488 -0.83372188 1.645639e-08 5.5299072 0.83372188 0.55218488 2.4846843e-08 -1.5258789e-05 -2.9802321e-08 1.7763571e-15 1.0000001 7.6293945e-06 0 0 0 1 0.5521847 -0.8337217 5.590541e-08 5.5299072 0.83372182 0.55218464 -3.7026876e-08 0 -3.5527137e-15 6.7055232e-08 0.99999988 1.5258789e-05 0 0 0 1 0.55218494 -0.83372188 -5.8084147e-08 5.5299377 0.83372194 0.55218488 7.4216018e-08 1.5258789e-05 -2.9802321e-08 -8.940696e-08 1.0000002 2.2888184e-05 0 0 0 1 0.55218458 -0.83372205 7.421599e-08 5.5299072 0.83372205 0.55218458 5.8084154e-08 0 -8.9406953e-08 2.9802326e-08 1.0000001 7.6293945e-06 0 0 0 1 0.55218506 -0.83372164 1.2098915e-08 5.5299225 0.83372182 0.55218494 9.9225083e-08 0 -8.9406967e-08 -4.470348e-08 0.99999994 1.5258789e-05 0 0 0 1 0.552185 -0.83372188 -3.7270265e-08 5.5299377 0.83372205 0.55218488 2.4684583e-08 0 0 -4.470348e-08 1.0000001 2.2888184e-05 0 0 0 1 </float_array>
        <technique_common>
          <accessor count="13" offset="0" source="#B_L_Finger02_matrix-output-array" stride="16">
            <param name="TRANSFORM" type="float4x4" />
          </accessor>
        </technique_common>
      </source>
      <source id="B_L_Finger02_matrix-interpolation">
        <Name_array id="B_L_Finger02_matrix-interpolation-array" count="13"> LINEAR LINEAR LINEAR LINEAR LINEAR LINEAR LINEAR LINEAR LINEAR LINEAR LINEAR LINEAR LINEAR </Name_array>
        <technique_common>
          <accessor source="#B_L_Finger02_matrix-interpolation-array" count="13" stride="1">
            <param name="INTERPOLATION" type="name"></param>
          </accessor>
        </technique_common>
      </source>
      <source id="B_L_Finger1_matrix-input" name="B_L_Finger1_matrix-input">
        <float_array id="B_L_Finger1_matrix-input-array" count="13"> 0 1 2 3 4 5 6 7 8 9 10 11 12 </float_array>
        <technique_common>
          <accessor count="13" offset="0" source="#B_L_Finger1_matrix-input-array" stride="1">
            <param name="TIME" type="float" />
          </accessor>
        </technique_common>
      </source>
      <source id="B_L_Finger1_matrix-output" name="B_L_Finger1_matrix-output">
