<?xml version="1.0" encoding="UTF-8" standalone="no" ?>
<COLLADA xmlns="http://www.collada.org/2005/11/COLLADASchema" version="1.4.1">
  <asset>
    <contributor>
      <author>Assimp</author>
      <authoring_tool>FBX SDK/FBX Plugins version 2013.1</authoring_tool>
    </contributor>
    <created>2020-08-21T13:47:47</created>
    <modified>2020-08-21T13:47:47</modified>
    <unit name="meter" meter="1" />
    <up_axis>Y_UP</up_axis>
  </asset>
  <library_geometries>
  </library_geometries>
  <library_controllers>
  </library_controllers>
  <library_visual_scenes>
    <visual_scene id="RootNode" name="RootNode">
      <node id="Motion_aAssimpFbxa_Translation"  name="Motion_$AssimpFbx$_Translation" type="NODE">
        <matrix sid="matrix">1 0 0 9.92585e-07 0 1 0 0 0 0 1 -0.17328988 0 0 0 1</matrix>
        <node id="Motion_aAssimpFbxa_PreRotation"  name="Motion_$AssimpFbx$_PreRotation" type="NODE">
          <matrix sid="matrix">1 0 0 0 0 -4.3711388e-08 1 0 0 -1 -4.3711388e-08 0 0 0 0 1</matrix>
          <node id="Motion_aAssimpFbxa_Rotation"  name="Motion_$AssimpFbx$_Rotation" type="NODE">
            <matrix sid="matrix">1.3868001e-06 1 0 0 -1 1.3868001e-06 0 0 0 0 1 0 0 0 0 1</matrix>
            <node id="Motion_aAssimpFbxa_Scaling"  name="Motion_$AssimpFbx$_Scaling" type="NODE">
              <matrix sid="matrix">1 0 0 0 0 1 0 0 0 0 1 0 0 0 0 1</matrix>
              <node id="Motion"  name="Motion" type="NODE">
                <matrix sid="matrix">1 0 0 0 0 1 0 0 0 0 1 0 0 0 0 1</matrix>
                <node id="B_Pelvis"  name="B_Pelvis" type="NODE">
                  <matrix sid="matrix">-4.3711388e-08 0.60876256 0.79335248 0.17329331 0 -0.79335248 0.60876256 2.6999989 1 2.6609857e-08 3.4678539e-08 98.599998 0 0 0 1</matrix>
                  <node id="B_Spine"  name="B_Spine" type="NODE">
                    <matrix sid="matrix">0.99823147 0.047404032 -0.03587313 7.6763 -0.037805337 0.97190607 0.23231289 -1.6268322 0.045877878 -0.23054582 0.97197938 0.0023474693 0 0 0 1</matrix>
                    <node id="B_Spine1"  name="B_Spine1" type="NODE">
                      <matrix sid="matrix">0.99970514 -0.024198724 0.0019994173 12.747772 0.024175962 0.99965024 0.010716197 -0.014275551 -0.0022580363 -0.0106647 0.99994057 0.00015211105 0 0 0 1</matrix>
                      <node id="B_Spine2"  name="B_Spine2" type="NODE">
                        <matrix sid="matrix">0.9988209 -0.048403613 0.0037315548 17.935448 0.048312023 0.99859816 0.021625748 -0.026443958 -0.0047730878 -0.02141997 0.9997592 0.00054812431 0 0 0 1</matrix>
                        <node id="B_L_Clavicle"  name="B_L_Clavicle" type="NODE">
                          <matrix sid="matrix">-0.017590661 -0.00078421831 0.99984497 17.736847 -0.17375694 -0.98478115 -0.0038293824 0.073141098 0.98463148 -0.17379735 0.017186686 5.0180163 0 0 0 1</matrix>
                          <node id="B_L_UpperArm"  name="B_L_UpperArm" type="NODE">
                            <matrix sid="matrix">0.67658824 0.40229207 0.61675721 17.464663 -0.50647581 0.86222738 -0.00679636 2.8610229e-06 -0.53451908 -0.30777428 0.7871241 0 0 0 0 1</matrix>
                            <node id="B_L_Forearm"  name="B_L_Forearm" type="NODE">
                              <matrix sid="matrix">-0.13640097 0.98478979 0.10762788 27.628185 -0.99065369 -0.13559353 -0.014819411 -7.6293945e-06 -3.5762795e-07 -0.10864335 0.99408078 0 0 0 0 1</matrix>
                              <node id="B_L_ForeArmTwist"  name="B_L_ForeArmTwist" type="NODE">
                                <matrix sid="matrix">1 7.6817159e-08 -2.9140227e-07 11.992638 -4.4703462e-08 0.99408078 0.10864363 -3.8146973e-06 2.9802308e-07 -0.10864363 0.99408078 1.5258789e-05 0 0 0 1</matrix>
                                <node id="B_L_Hand"  name="B_L_Hand" type="NODE">
                                  <matrix sid="matrix">0.96626526 -0.095602132 0.23914781 11.992649 -0.24727406 -0.084708601 0.96523571 0 -0.072020724 -0.99180877 -0.10549091 7.6293945e-06 0 0 0 1</matrix>
                                  <node id="B_L_Finger0"  name="B_L_Finger0" type="NODE">
                                    <matrix sid="matrix">0.80900651 0.13246334 0.57267946 1.4603271 0.15583266 0.89108145 -0.42625111 1.9355469 -0.56676674 0.43408212 0.70024866 -2.4376526 0 0 0 1</matrix>
                                    <node id="B_L_Finger01"  name="B_L_Finger01" type="NODE">
                                      <matrix sid="matrix">0.80299312 -0.59598833 -1.0913886e-07 3.7140198 0.59598833 0.80299312 -7.1725282e-08 0 1.3038517e-07 -7.4505806e-09 1 -2.2888184e-05 0 0 0 1</matrix>
                                      <node id="B_L_Finger02"  name="B_L_Finger02" type="NODE">
                                        <matrix sid="matrix">0.5521847 -0.83372182 1.7730706e-09 5.5299292 0.83372182 0.5521847 9.7127476e-08 1.5258789e-05 -8.1956358e-08 -5.2154057e-08 1 2.6702881e-05 0 0 0 1</matrix>
                                      </node>
                                    </node>
                                  </node>
                                  <node id="B_L_Finger1"  name="B_L_Finger1" type="NODE">
                                    <matrix sid="matrix">0.27254894 -0.95552641 0.11263333 11.625465 0.92804092 0.23019102 -0.29283467 3.1205368 0.25388411 0.18434012 0.94950598 -3.0983582 0 0 0 1</matrix>
                                    <node id="B_L_Finger11"  name="B_L_Finger11" type="NODE">
                                      <matrix sid="matrix">-0.25881925 -0.96592575 1.5164761e-07 4.4568253 0.96592575 -0.25881925 9.7802495e-09 0 2.9802326e-08 1.4901165e-07 1 1.9073486e-05 0 0 0 1</matrix>
                                      <node id="B_L_Finger12"  name="B_L_Finger12" type="NODE">
                                        <matrix sid="matrix">0.57357562 -0.81915259 3.0395506e-07 3.3311615 0.81915259 0.57357562 -8.5494555e-08 -1.5258789e-05 -1.0430811e-07 2.9802317e-07 1 -2.2888184e-05 0 0 0 1</matrix>
                                      </node>
                                    </node>
                                  </node>
                                  <node id="B_L_Finger2"  name="B_L_Finger2" type="NODE">
                                    <matrix sid="matrix">0.25808468 -0.96503472 0.045829117 11.814087 0.9609651 0.25152326 -0.11524811 2.4381027 0.099691339 0.073783956 0.99227899 0.83571625 0 0 0 1</matrix>
                                    <node id="B_L_Finger21"  name="B_L_Finger21" type="NODE">
                                      <matrix sid="matrix">-0.62068564 -0.78405952 4.381223e-07 5.1996307 0.78405952 -0.62068564 1.1876946e-07 7.6293945e-06 1.7881389e-07 4.1723246e-07 1 7.6293945e-06 0 0 0 1</matrix>
                                      <node id="B_L_Finger22"  name="B_L_Finger22" type="NODE">
                                        <matrix sid="matrix">0.44828629 -0.89389002 2.6879846e-08 5.1996231 0.89389002 0.44828629 1.8655999e-07 1.5258789e-05 -1.7881398e-07 -5.9604659e-08 1 -1.1444092e-05 0 0 0 1</matrix>
                                      </node>
                                    </node>
                                  </node>
                                  <node id="B_L_Finger3"  name="B_L_Finger3" type="NODE">
                                    <matrix sid="matrix">0.13847008 -0.99036658 0.00029718311 11.814072 0.99036664 0.1384701 5.9347949e-05 1.9342422 -9.9927209e-05 0.00028610232 0.99999994 4.6002388 0 0 0 1</matrix>
                                    <node id="B_L_Finger31"  name="B_L_Finger31" type="NODE">
                                      <matrix sid="matrix">-0.058766745 -0.99827176 -1.0604756e-06 4.4568024 0.99827176 -0.058766745 -1.2565852e-06 7.6293945e-06 1.1920928e-06 -1.1324883e-06 1 0 0 0 0 1</matrix>
                                      <node id="B_L_Finger32"  name="B_L_Finger32" type="NODE">
                                        <matrix sid="matrix">-0.058766745 -0.99827176 -1.8812397e-06 4.4567719 0.99827176 -0.058766745 -1.5138799e-06 -1.5258789e-05 1.400709e-06 -1.9669542e-06 1 3.8146973e-06 0 0 0 1</matrix>
                                      </node>
                                    </node>
                                  </node>
                                  <node id="B_L_Finger4"  name="B_L_Finger4" type="NODE">
                                    <matrix sid="matrix">0.14714432 -0.98122925 -0.12465034 11.857201 0.9836868 0.15835485 -0.085346706 4.052887 0.10348367 -0.11005862 0.98852324 6.5145226 0 0 0 1</matrix>
                                    <node id="B_L_Finger41"  name="B_L_Finger41" type="NODE">
                                      <matrix sid="matrix">-0.18123157 -0.98344046 -2.1605065e-06 3.327652 0.98344046 -0.18123157 -3.8982739e-06 1.5258789e-05 3.4421682e-06 -2.8312199e-06 1 1.1444092e-05 0 0 0 1</matrix>
                                      <node id="B_L_Finger42"  name="B_L_Finger42" type="NODE">
                                        <matrix sid="matrix">0.0019772795 -0.99999803 -2.1970068e-06 3.3276672 0.99999803 0.0019772795 -3.3037215e-06 -3.0517578e-05 3.3080594e-06 -2.1904702e-06 1 -7.6293945e-06 0 0 0 1</matrix>
                                      </node>
                                    </node>
                                  </node>
                                </node>
                              </node>
                            </node>
                          </node>
                        </node>
                        <node id="B_R_Clavicle"  name="B_R_Clavicle" type="NODE">
                          <matrix sid="matrix">-0.10452852 -0.00079657161 -0.9945215 17.736847 0.00023397958 -0.99999964 0.00077636691 0.074661255 -0.99452186 -0.00015154525 0.10452867 -5.0179639 0 0 0 1</matrix>
                          <node id="B_R_UpperArm"  name="B_R_UpperArm" type="NODE">
                            <matrix sid="matrix">0.65678817 0.18435115 -0.73119348 17.464649 -0.58112299 0.74166936 -0.33499634 1.1444092e-05 0.48054683 0.64493501 0.59425038 1.5258789e-05 0 0 0 1</matrix>
                            <node id="B_R_Forearm"  name="B_R_Forearm" type="NODE">
                              <matrix sid="matrix">0.12578548 0.99193633 -0.015499697 27.628178 -0.99205744 0.12577014 -0.0019651258 0 1.1920932e-07 0.015623775 0.99987793 0 0 0 0 1</matrix>
                              <node id="B_R_ForeArmTwist"  name="B_R_ForeArmTwist" type="NODE">
                                <matrix sid="matrix">1 -6.0063002e-08 -2.8867444e-08 11.99263 5.9604652e-08 0.99987793 -0.015623693 -1.1444092e-05 2.9802326e-08 0.015623693 0.99987793 0 0 0 0 1</matrix>
                                <node id="B_R_Hand"  name="B_R_Hand" type="NODE">
                                  <matrix sid="matrix">0.86458057 -0.066815868 -0.49803227 11.992661 -0.49769491 0.022792283 -0.86705267 0 0.069284163 0.99750501 -0.013548149 -1.5258789e-05 0 0 0 1</matrix>
                                  <node id="B_R_Finger0"  name="B_R_Finger0" type="NODE">
                                    <matrix sid="matrix">0.80900663 0.1324634 -0.5726794 1.4603195 0.15583257 0.89108151 0.42625111 1.9355469 0.56676668 -0.43408209 0.70024872 2.4376526 0 0 0 1</matrix>
                                    <node id="B_R_Finger01"  name="B_R_Finger01" type="NODE">
                                      <matrix sid="matrix">0.80299306 -0.59598839 -3.3989892e-07 3.714035 0.59598839 0.80299306 -2.959159e-08 -1.5258789e-05 2.905727e-07 -1.7881395e-07 1 0 0 0 0 1</matrix>
                                      <node id="B_R_Finger02"  name="B_R_Finger02" type="NODE">
                                        <matrix sid="matrix">0.55218476 -0.83372176 1.4069056e-07 5.5299339 0.83372176 0.55218476 -5.7435074e-08 0 -2.9802312e-08 1.4901156e-07 1 3.0517578e-05 0 0 0 1</matrix>
                                      </node>
                                    </node>
                                  </node>
                                  <node id="B_R_Finger1"  name="B_R_Finger1" type="NODE">
                                    <matrix sid="matrix">0.27254868 -0.95552653 -0.11263335 11.625473 0.92804086 0.23019072 0.292835 3.1205521 -0.25388446 -0.18434016 0.94950587 3.0983429 0 0 0 1</matrix>
                                    <node id="B_R_Finger11"  name="B_R_Finger11" type="NODE">
                                      <matrix sid="matrix">-0.25881937 -0.96592575 -1.6412758e-07 4.4568214 0.96592575 -0.25881937 -3.3371975e-08 -1.5258789e-05 -1.0244548e-08 -1.6717237e-07 1 7.6293945e-06 0 0 0 1</matrix>
                                      <node id="B_R_Finger12"  name="B_R_Finger12" type="NODE">
                                        <matrix sid="matrix">0.57357591 -0.81915241 1.8103157e-07 3.331131 0.81915241 0.57357591 7.1813282e-08 7.6293945e-06 -1.6266137e-07 1.0710207e-07 1 -1.1444092e-05 0 0 0 1</matrix>
                                      </node>
                                    </node>
                                  </node>
                                  <node id="B_R_Finger2"  name="B_R_Finger2" type="NODE">
                                    <matrix sid="matrix">0.25808468 -0.96503472 -0.045829155 11.814041 0.9609651 0.25152326 0.11524801 2.438118 -0.099691227 -0.073783964 0.99227899 -0.83572769 0 0 0 1</matrix>
                                    <node id="B_R_Finger21"  name="B_R_Finger21" type="NODE">
                                      <matrix sid="matrix">-0.62068564 -0.78405952 -4.2109104e-08 5.199604 0.78405952 -0.62068564 -4.2837431e-08 0 7.4505802e-09 -5.960462e-08 1 -3.4332275e-05 0 0 0 1</matrix>
                                      <node id="B_R_Finger22"  name="B_R_Finger22" type="NODE">
                                        <matrix sid="matrix">0.44828641 -0.89388996 6.6799899e-09 5.1996078 0.89388996 0.44828641 1.3320002e-08 1.5258789e-05 -1.4901165e-08 0 1 2.6702881e-05 0 0 0 1</matrix>
                                      </node>
                                    </node>
                                  </node>
                                  <node id="B_R_Finger3"  name="B_R_Finger3" type="NODE">
                                    <matrix sid="matrix">0.13846996 -0.99036658 -0.00029832503 11.814072 0.99036664 0.13846998 -5.9444112e-05 1.9342651 0.00010018053 -0.00028721994 0.99999994 -4.6002541 0 0 0 1</matrix>
                                    <node id="B_R_Finger31"  name="B_R_Finger31" type="NODE">
                                      <matrix sid="matrix">-0.058766745 -0.99827176 8.7569276e-09 4.4567947 0.99827176 -0.058766745 -1.4875408e-07 0 1.4901161e-07 0 1 0 0 0 0 1</matrix>
                                      <node id="B_R_Finger32"  name="B_R_Finger32" type="NODE">
                                        <matrix sid="matrix">-0.058766745 -0.99827176 6.7815023e-07 4.4568176 0.99827176 -0.058766745 -1.0934796e-07 1.5258789e-05 1.4901165e-07 6.7055214e-07 1 -7.6293945e-06 0 0 0 1</matrix>
                                      </node>
                                    </node>
                                  </node>
                                  <node id="B_R_Finger4"  name="B_R_Finger4" type="NODE">
                                    <matrix sid="matrix">0.14714432 -0.9812296 0.12464806 11.857224 0.9836868 0.15835464 0.085346833 4.0529175 -0.10348342 0.11005635 0.98852354 -6.5145683 0 0 0 1</matrix>
                                    <node id="B_R_Finger41"  name="B_R_Finger41" type="NODE">
                                      <matrix sid="matrix">-0.18123135 -0.98344052 2.5253917e-07 3.3276825 0.98344052 -0.18123135 8.4959851e-07 1.5258789e-05 -7.8976154e-07 4.023311e-07 1 3.0517578e-05 0 0 0 1</matrix>
                                      <node id="B_R_Finger42"  name="B_R_Finger42" type="NODE">
                                        <matrix sid="matrix">0.0019769219 -0.99999803 3.1410198e-07 3.3277054 0.99999803 0.0019769219 5.9542674e-07 3.0517578e-05 -5.9604656e-07 3.1292427e-07 1 -1.1444092e-05 0 0 0 1</matrix>
                                      </node>
                                    </node>
                                  </node>
                                </node>
                              </node>
                            </node>
                          </node>
                        </node>
                        <node id="B_Neck"  name="B_Neck" type="NODE">
                          <matrix sid="matrix">0.9745459 -0.20556869 -0.089452878 27.039749 0.2092856 0.97725385 0.034271002 1.128232 0.080373123 -0.052119866 0.99540126 0.00061225891 0 0 0 1</matrix>
                          <node id="B_Head"  name="B_Head" type="NODE">
                            <matrix sid="matrix">0.98408651 0.17358994 -0.037950244 10.019302 -0.16961539 0.85404325 -0.49177301 1.4083176 -0.052955694 0.49038413 0.86989599 0 0 0 0 1</matrix>
                          </node>
                        </node>
                      </node>
                    </node>
                  </node>
                  <node id="B_L_Thigh"  name="B_L_Thigh" type="NODE">
                    <matrix sid="matrix">-0.88179433 0.28008503 -0.37946165 0 0.35161984 0.92662656 -0.13314176 1.7642975e-05 0.31432819 -0.25082988 -0.91557747 11.161455 0 0 0 1</matrix>
                    <node id="B_L_Calf"  name="B_L_Calf" type="NODE">
                      <matrix sid="matrix">0.87463236 0.48478684 4.4380067e-07 50.282749 -0.48478684 0.87463236 7.9317988e-06 0 3.4570687e-06 -7.152556e-06 1 3.8146973e-06 0 0 0 1</matrix>
                      <node id="B_L_Foot"  name="B_L_Foot" type="NODE">
                        <matrix sid="matrix">0.90702856 -0.23339799 -0.35046327 39.728127 0.18250981 0.96798891 -0.17230067 -2.1457672e-06 0.37945923 0.092318654 0.92059106 -7.6293945e-06 0 0 0 1</matrix>
                        <node id="B_L_Toe0"  name="B_L_Toe0" type="NODE">
                          <matrix sid="matrix">-4.3711388e-08 -1 -5.6535015e-08 18.214441 1 -4.3711388e-08 -2.4712239e-15 14.545954 0 -5.6535015e-08 1 0.012393951 0 0 0 1</matrix>
                        </node>
                      </node>
                    </node>
                  </node>
                  <node id="B_R_Thigh"  name="B_R_Thigh" type="NODE">
                    <matrix sid="matrix">-0.87342387 0.42952695 0.22942826 0 0.18169127 0.72456974 -0.66482103 -1.2397766e-05 -0.45179531 -0.53898543 -0.7108978 -11.161448 0 0 0 1</matrix>
                    <node id="B_R_Calf"  name="B_R_Calf" type="NODE">
                      <matrix sid="matrix">0.69287902 0.72105384 -5.2744781e-08 50.282745 -0.72105384 0.69287902 -4.7624872e-06 0 -3.3974641e-06 3.3378594e-06 1 1.9073486e-06 0 0 0 1</matrix>
                      <node id="B_R_Foot"  name="B_R_Foot" type="NODE">
                        <matrix sid="matrix">0.91488957 -0.31722465 0.24969107 39.728138 0.33217514 0.94302565 -0.019033939 -3.8146973e-06 -0.22942702 0.10035511 0.96813846 1.9073486e-06 0 0 0 1</matrix>
                        <node id="B_R_Toe0"  name="B_R_Toe0" type="NODE">
                          <matrix sid="matrix">-2.8212997e-07 -1 8.3758374e-07 18.214439 1 -2.8213054e-07 -6.7055203e-07 14.545956 6.7055225e-07 8.3758357e-07 1 -0.012395859 0 0 0 1</matrix>
                        </node>
                      </node>
                    </node>
                  </node>
                </node>
              </node>
            </node>
          </node>
        </node>
      </node>
      <node id="Exporter_aAssimpFbxa_PreRotation"  name="Exporter_$AssimpFbx$_PreRotation" type="NODE">
        <matrix sid="matrix">1 0 0 0 0 -4.3711388e-08 1 0 0 -1 -4.3711388e-08 0 0 0 0 1</matrix>
        <node id="Exporter"  name="Exporter" type="NODE">
          <matrix sid="matrix">1 0 0 0 0 1 0 0 0 0 1 0 0 0 0 1</matrix>
        </node>
      </node>
    </visual_scene>
  </library_visual_scenes>
  <library_animations>
    <animation id="TakeW001AnimId0" name="Take 001">
      <source id="B_Head_matrix-input" name="B_Head_matrix-input">
        <float_array id="B_Head_matrix-input-array" count="39"> 0 1 2 3 4 5 6 7 8 9 10 11 12 13 14 15 16 17 18 19 20 21 22 23 24 25 26 27 28 29 30 31 32 33 34 35 36 37 38 </float_array>
        <technique_common>
          <accessor count="39" offset="0" source="#B_Head_matrix-input-array" stride="1">
            <param name="TIME" type="float" />
          </accessor>
        </technique_common>
      </source>
      <source id="B_Head_matrix-output" name="B_Head_matrix-output">
        <float_array id="B_Head_matrix-output-array" count="624"> 0.98408645 0.17358994 -0.037950248 10.019302 -0.16961539 0.85404319 -0.49177307 1.4083176 -0.052955694 0.49038413 0.86989611 0 0 0 0 1 0.99844247 0.023435459 0.050629508 10.019318 0.0043116198 0.8723681 -0.48883057 1.4083157 -0.055623531 0.48828751 0.87090838 -1.9073486e-06 0 0 0 1 0.98183668 -0.12335893 0.14415106 10.019333 0.17878121 0.85589242 -0.48526865 1.4083123 -0.063515566 0.502226 0.86240077 -3.8146973e-06 0 0 0 1 0.9624331 -0.19774424 0.18606298 10.019318 0.26542869 0.82952893 -0.49135435 1.4083118 -0.057182137 0.52228218 0.85085338 0 0 0 0 1 0.97259414 -0.17940301 0.14790264 10.019302 0.2313251 0.81074822 -0.53775078 1.4083118 -0.023437709 0.55722678 0.83002949 -3.8146973e-06 0 0 0 1 0.99101621 -0.10743752 0.079649709 10.019318 0.13373439 0.7897526 -0.59867024 1.4083118 0.0014160797 0.60394388 0.79702562 -3.8146973e-06 0 0 0 1 0.99945927 -0.014850694 0.029336181 10.019333 0.029686067 0.79117692 -0.61086667 1.4083138 -0.014138311 0.61140728 0.79118997 -3.8146973e-06 0 0 0 1 0.99496359 0.069762506 0.071978673 10.019318 -0.031699125 0.90020531 -0.4343107 1.4083138 -0.095094182 0.42984161 0.89788282 -3.8146973e-06 0 0 0 1 0.95665336 -0.073677644 0.281755 10.019302 -0.15493946 0.69042653 0.70661509 1.4083176 -0.24659286 -0.71964079 0.6490832 7.6293945e-06 0 0 0 1 0.95125264 -0.099417329 0.29194918 10.019302 -0.18000963 0.58967561 0.78732401 1.4083023 -0.25042894 -0.80149806 0.54303437 1.5258789e-05 0 0 0 1 0.94805741 -0.11807434 0.29537299 10.019302 -0.19180271 0.52858424 0.82692826 1.4083252 -0.25376847 -0.84062898 0.47848135 0 0 0 0 1 0.9466266 -0.12937786 0.29522732 10.019302 -0.1929653 0.50618839 0.84055787 1.4083138 -0.25819018 -0.85266346 0.45420593 3.0517578e-05 0 0 0 1 0.94676048 -0.13324806 0.29306889 10.019318 -0.18624048 0.51584983 0.83618999 1.4083099 -0.26260015 -0.84625286 0.46357024 0 0 0 0 1 0.94825542 -0.12965442 0.28982913 10.019318 -0.17489184 0.54857022 0.81760842 1.4083138 -0.26499811 -0.8259908 0.49750927 -7.6293945e-06 0 0 0 1 0.95075315 -0.11861311 0.28635487 10.019318 -0.16292895 0.59467822 0.78728133 1.4083099 -0.26367089 -0.79516602 0.5460667 0 0 0 0 1 0.95373631 -0.10006651 0.28350219 10.019302 -0.15484384 0.64479727 0.748505 1.4083099 -0.25770172 -0.75777501 0.59947193 7.6293945e-06 0 0 0 1 0.95665336 -0.073677681 0.28175494 10.019302 -0.15493943 0.69042653 0.70661515 1.4083176 -0.24659285 -0.71964091 0.6490832 0 0 0 0 1 0.96931159 0.045572493 0.24157405 10.019318 -0.16198535 0.85757649 0.48818317 1.4083328 -0.18492053 -0.51233292 0.83864129 -7.6293945e-06 0 0 0 1 0.97448868 0.20133738 0.099169947 10.019318 -0.20757733 0.97654861 0.057135213 1.4083328 -0.085340805 -0.076263063 0.99342883 2.8610229e-06 0 0 0 1 0.96503562 0.26157916 -0.016806915 10.019318 -0.26016775 0.9480738 -0.18294403 1.4083176 -0.03192015 0.18092009 0.98297966 0 0 0 0 1 0.96280313 0.27013788 0.0059750732 10.019318 -0.26906711 0.96054435 -0.070411146 1.4083328 -0.024760038 0.066184379 0.99750018 7.6293945e-06 0 0 0 1 0.96533328 0.24460886 0.091093644 10.019318 -0.25851026 0.94422114 0.20400769 1.4083023 -0.03611045 -0.22048408 0.97472203 0 0 0 0 1 0.96705323 0.18114354 0.17887226 10.019318 -0.24682933 0.83917409 0.48462573 1.4082947 -0.062318169 -0.51280963 0.85623765 0 0 0 0 1 0.96549994 0.1225282 0.22977483 10.019302 -0.24452877 0.72997499 0.63823342 1.4083099 -0.08952833 -0.67240095 0.73475254 0 0 0 0 1 0.95051336 0.13640146 0.27913955 10.019318 -0.25966612 0.84208757 0.47271749 1.4082947 -0.17058061 -0.52180743 0.83583432 7.6293945e-06 0 0 0 1 0.89910036 -0.19852842 -0.39013523 10.019302 -0.43606734 -0.32829365 -0.83789551 1.4083099 0.038267203 0.92347747 -0.38174054 1.5258789e-05 0 0 0 1 0.90149826 -0.19890733 -0.38436583 10.019302 -0.43099108 -0.33187816 -0.8391093 1.4083252 0.039342362 0.9221136 -0.38491479 -1.5258789e-05 0 0 0 1 0.90343869 -0.19375567 -0.38243616 10.019302 -0.42673481 -0.32071754 -0.84559882 1.4083099 0.041185621 0.92714548 -0.3724308 -1.5258789e-05 0 0 0 1 0.90506971 -0.18387356 -0.38345695 10.01931 -0.42305148 -0.29745519 -0.85589015 1.4083099 0.043314334 0.93686235 -0.34700572 -1.5258789e-05 0 0 0 1 0.90652466 -0.16992809 -0.38644224 10.019318 -0.41972154 -0.264689 -0.86820132 1.4083099 0.045244817 0.9492442 -0.31126949 -1.5258789e-05 0 0 0 1 0.90792638 -0.15254247 -0.39038533 10.01931 -0.41654524 -0.22512001 -0.88080138 1.4083252 0.04647604 0.9623161 -0.26793313 0 0 0 0 1 0.90938878 -0.13235794 -0.39432678 10.019318 -0.41334248 -0.18162905 -0.89227748 1.4083099 0.046478886 0.974419 -0.21988057 1.5258789e-05 0 0 0 1 0.91100955 -0.1100626 -0.39742717 10.019318 -0.40995765 -0.13728014 -0.90171468 1.4083099 0.04468615 0.98439872 -0.17018454 0 0 0 0 1 0.91285563 -0.086388223 -0.39903867 10.019318 -0.40627035 -0.095277809 -0.90877199 1.4083252 0.040487651 0.99169534 -0.12207185 -1.5258789e-05 0 0 0 1 0.91494346 -0.062077992 -0.39877939 10.019318 -0.4022119 -0.05889798 -0.91365033 1.4083176 0.033230323 0.99633211 -0.078856833 0 0 0 0 1 0.93562245 0.037491363 -0.35100555 10.019318 -0.35170433 0.18418942 -0.91781175 1.4083176 0.030241532 0.98217535 0.18551761 -1.5258789e-05 0 0 0 1 0.95554137 0.12509505 -0.26700547 10.019318 -0.29466289 0.43798962 -0.8493166 1.4083099 0.01070033 0.89023381 0.45537806 -1.5258789e-05 0 0 0 1 0.9721992 0.17552543 -0.15498328 10.019318 -0.23335619 0.67162293 -0.70318395 1.4083118 -0.019336337 0.71980119 0.69391102 1.5258789e-05 0 0 0 1 0.98408645 0.17358994 -0.037950248 10.019302 -0.16961539 0.85404319 -0.49177307 1.4083176 -0.052955694 0.49038413 0.86989611 0 0 0 0 1 </float_array>
        <technique_common>
          <accessor count="39" offset="0" source="#B_Head_matrix-output-array" stride="16">
            <param name="TRANSFORM" type="float4x4" />
          </accessor>
        </technique_common>
      </source>
      <source id="B_Head_matrix-interpolation">
        <Name_array id="B_Head_matrix-interpolation-array" count="39"> LINEAR LINEAR LINEAR LINEAR LINEAR LINEAR LINEAR LINEAR LINEAR LINEAR LINEAR LINEAR LINEAR LINEAR LINEAR LINEAR LINEAR LINEAR LINEAR LINEAR LINEAR LINEAR LINEAR LINEAR LINEAR LINEAR LINEAR LINEAR LINEAR LINEAR LINEAR LINEAR LINEAR LINEAR LINEAR LINEAR LINEAR LINEAR LINEAR </Name_array>
        <technique_common>
          <accessor source="#B_Head_matrix-interpolation-array" count="39" stride="1">
            <param name="INTERPOLATION" type="name"></param>
          </accessor>
        </technique_common>
      </source>
      <source id="B_L_Calf_matrix-input" name="B_L_Calf_matrix-input">
        <float_array id="B_L_Calf_matrix-input-array" count="39"> 0 1 2 3 4 5 6 7 8 9 10 11 12 13 14 15 16 17 18 19 20 21 22 23 24 25 26 27 28 29 30 31 32 33 34 35 36 37 38 </float_array>
        <technique_common>
          <accessor count="39" offset="0" source="#B_L_Calf_matrix-input-array" stride="1">
            <param name="TIME" type="float" />
          </accessor>
        </technique_common>
      </source>
      <source id="B_L_Calf_matrix-output" name="B_L_Calf_matrix-output">
        <float_array id="B_L_Calf_matrix-output-array" count="624"> 0.87463248 0.48478699 4.4380113e-07 50.282749 -0.48478693 0.87463254 7.9317988e-06 0 3.4570694e-06 -7.1525583e-06 1 3.8146973e-06 0 0 0 1 0.82917953 0.55898279 5.0023573e-07 50.282749 -0.55898279 0.82917953 8.0462287e-06 3.8146973e-06 4.0829182e-06 -6.9513917e-06 1 0 0 0 0 1 0.93374693 0.35793459 3.2235542e-07 50.282757 -0.35793465 0.93374681 7.9494175e-06 0 2.5443733e-06 -7.538124e-06 1.0000001 1.9073486e-06 0 0 0 1 0.95348829 0.30143085 3.0913696e-07 50.282745 -0.30143085 0.95348829 7.9975998e-06 7.6293945e-06 2.1159649e-06 -7.7188015e-06 1 3.8146973e-06 0 0 0 1 0.76942891 0.63873279 6.0433626e-07 50.282745 -0.63873267 0.76942897 7.8259209e-06 0 4.5336778e-06 -6.4074998e-06 1 3.3378601e-06 0 0 0 1 0.33596632 0.94187403 9.0258794e-07 50.282745 -0.94187397 0.33596635 7.559951e-06 7.6293945e-06 6.8172817e-06 -3.3900137e-06 0.99999994 -9.5367432e-07 0 0 0 1 0.022640174 0.99974382 1.0173164e-06 50.282753 -0.99974394 0.022640171 7.073093e-06 0 7.0482502e-06 -1.1771916e-06 1 5.7220459e-06 0 0 0 1 0.017053487 0.99985498 9.2273115e-07 50.282753 -0.99985474 0.017053491 7.0650131e-06 0 7.0482497e-06 -1.0430805e-06 1.0000001 3.8146973e-06 0 0 0 1 0.72402102 0.68977815 7.4020375e-07 50.282745 -0.68977803 0.72402114 7.7330633e-06 7.6293945e-06 4.7981734e-06 -6.1094765e-06 1.0000001 1.9073486e-06 0 0 0 1 0.7358917 0.67709941 7.9966202e-07 50.282749 -0.67709923 0.73589188 7.6473598e-06 7.6293945e-06 4.5895576e-06 -6.1690807e-06 0.99999994 -1.9073486e-06 0 0 0 1 0.73359299 0.67958927 7.1465183e-07 50.282742 -0.67958945 0.73359281 7.7879895e-06 0 4.7683716e-06 -6.1988826e-06 1 1.9073486e-06 0 0 0 1 0.72316033 0.69068062 7.0577624e-07 50.282753 -0.69068068 0.72316027 7.8154335e-06 0 4.88758e-06 -6.139278e-06 0.99999994 3.8146973e-06 0 0 0 1 0.71087211 0.70332146 6.5321819e-07 50.282753 -0.70332128 0.71087229 7.9061338e-06 0 5.0961976e-06 -6.0796733e-06 1 7.6293945e-06 0 0 0 1 0.70290142 0.71128744 6.7817581e-07 50.282749 -0.71128726 0.7029016 7.7511322e-06 7.6293945e-06 5.0365916e-06 -5.9306622e-06 0.99999988 -1.9073486e-06 0 0 0 1 0.70528913 0.70891994 7.5731259e-07 50.282745 -0.70891976 0.7052893 7.6898796e-06 0 4.9173832e-06 -5.960464e-06 1 5.7220459e-06 0 0 0 1 0.72422981 0.68955892 6.5256017e-07 50.282749 -0.6895588 0.72422993 7.7733539e-06 7.6293945e-06 4.8875809e-06 -6.0796742e-06 1 5.7220459e-06 0 0 0 1 0.76671165 0.64199197 5.6812809e-07 50.282753 -0.64199185 0.76671171 7.9202755e-06 7.6293945e-06 4.6491623e-06 -6.4373021e-06 0.99999988 1.9073486e-06 0 0 0 1 0.80143535 0.59808171 6.0706725e-07 50.282738 -0.59808165 0.80143541 7.839486e-06 -1.5258789e-05 4.2021275e-06 -6.6459174e-06 1 -2.8610229e-06 0 0 0 1 0.72534913 0.68838149 6.8283776e-07 50.282753 -0.68838149 0.72534913 7.8466719e-06 1.5258789e-05 4.9062078e-06 -6.1616292e-06 1.0000001 0 0 0 0 1 0.65215069 0.7580896 7.6631943e-07 50.282749 -0.75808954 0.65215081 7.7747763e-06 7.6293945e-06 5.3942199e-06 -5.6512649e-06 1.0000001 -1.5258789e-05 0 0 0 1 0.67446256 0.7383092 6.502334e-07 50.282745 -0.73830903 0.67446274 7.6781735e-06 1.5258789e-05 5.2303076e-06 -5.6587155e-06 0.99999994 1.5258789e-05 0 0 0 1 0.73004967 0.68339455 7.3858655e-07 50.282753 -0.68339461 0.73004961 7.766489e-06 0 4.768372e-06 -6.1746682e-06 1 -1.5258789e-05 0 0 0 1 0.76227432 0.64725453 5.5771898e-07 50.282745 -0.64725429 0.76227456 7.885772e-06 1.5258789e-05 4.6789646e-06 -6.3721095e-06 1 7.6293945e-06 0 0 0 1 0.7225197 0.69135052 6.6830711e-07 50.282745 -0.69135052 0.7225197 7.811157e-06 0 4.9173832e-06 -6.1057503e-06 0.99999994 7.6293945e-06 0 0 0 1 0.01388806 0.99990356 8.8363112e-07 50.28273 -0.99990356 0.01388806 7.1953259e-06 -1.9073486e-06 7.1823592e-06 -9.8347584e-07 0.99999994 1.5258789e-05 0 0 0 1 -0.4518227 0.8921079 7.5429477e-07 50.282776 -0.89210778 -0.45182276 6.7001838e-06 -7.6293945e-06 6.3180933e-06 2.3543832e-06 1.0000001 -1.5258789e-05 0 0 0 1 -0.46486706 0.88538074 7.9416941e-07 50.282761 -0.88538063 -0.46486712 6.7695323e-06 -3.8146973e-06 6.3627963e-06 2.4437907e-06 1 1.5258789e-05 0 0 0 1 -0.46252882 0.88660467 7.8204641e-07 50.282776 -0.88660461 -0.46252888 6.7181859e-06 -9.5367432e-06 6.3180919e-06 2.4139886e-06 1.0000001 -1.5258789e-05 0 0 0 1 -0.44785643 0.89410597 7.9774588e-07 50.282761 -0.89410597 -0.44785643 6.5834629e-06 3.8146973e-06 6.243587e-06 2.2351755e-06 1.0000001 0 0 0 0 1 -0.42354903 0.9058736 7.8446908e-07 50.282761 -0.9058736 -0.42354903 6.6735993e-06 -3.8146973e-06 6.3776965e-06 2.1159653e-06 1.0000001 0 0 0 0 1 -0.39226344 0.91985321 8.3493342e-07 50.282761 -0.91985333 -0.39226338 6.8203281e-06 -7.6293945e-06 6.6012149e-06 1.9073491e-06 1 -1.5258789e-05 0 0 0 1 -0.3568207 0.93417305 8.3485384e-07 50.282753 -0.93417305 -0.3568207 6.7793908e-06 1.9073486e-06 6.6310163e-06 1.639128e-06 1 3.0517578e-05 0 0 0 1 -0.32033738 0.94730377 7.5989595e-07 50.282784 -0.94730377 -0.32033738 6.8058403e-06 1.9073486e-06 6.6906223e-06 1.460313e-06 0.99999994 -3.0517578e-05 0 0 0 1 -0.28626609 0.95815045 8.6302521e-07 50.282753 -0.95815021 -0.28626615 6.7405572e-06 5.7220459e-06 6.7055207e-06 1.1026852e-06 1 0 0 0 0 1 -0.25835863 0.96604919 8.5733063e-07 50.282761 -0.96604919 -0.25835863 6.8969966e-06 5.7220459e-06 6.8843365e-06 9.5367466e-07 1 0 0 0 0 1 -0.034024477 0.99942136 8.0522193e-07 50.282761 -0.999421 -0.034024488 7.0100086e-06 -1.9073486e-06 7.0333481e-06 -5.6624435e-07 0.99999988 1.5258789e-05 0 0 0 1 0.24033651 0.97068989 9.7080147e-07 50.282761 -0.97068977 0.24033654 7.3632768e-06 0 6.9141383e-06 -2.7120116e-06 1 -1.5258789e-05 0 0 0 1 0.54596591 0.8378076 8.8075825e-07 50.282745 -0.83780766 0.54596585 7.5460266e-06 0 5.8412556e-06 -4.8577785e-06 0.99999994 0 0 0 0 1 0.87463212 0.48478755 4.2496475e-07 50.282742 -0.48478755 0.87463212 7.9592783e-06 0 3.4868719e-06 -7.1674585e-06 0.99999988 0 0 0 0 1 </float_array>
        <technique_common>
          <accessor count="39" offset="0" source="#B_L_Calf_matrix-output-array" stride="16">
            <param name="TRANSFORM" type="float4x4" />
          </accessor>
        </technique_common>
      </source>
      <source id="B_L_Calf_matrix-interpolation">
        <Name_array id="B_L_Calf_matrix-interpolation-array" count="39"> LINEAR LINEAR LINEAR LINEAR LINEAR LINEAR LINEAR LINEAR LINEAR LINEAR LINEAR LINEAR LINEAR LINEAR LINEAR LINEAR LINEAR LINEAR LINEAR LINEAR LINEAR LINEAR LINEAR LINEAR LINEAR LINEAR LINEAR LINEAR LINEAR LINEAR LINEAR LINEAR LINEAR LINEAR LINEAR LINEAR LINEAR LINEAR LINEAR </Name_array>
        <technique_common>
          <accessor source="#B_L_Calf_matrix-interpolation-array" count="39" stride="1">
            <param name="INTERPOLATION" type="name"></param>
          </accessor>
        </technique_common>
      </source>
      <source id="B_L_Clavicle_matrix-input" name="B_L_Clavicle_matrix-input">
        <float_array id="B_L_Clavicle_matrix-input-array" count="39"> 0 1 2 3 4 5 6 7 8 9 10 11 12 13 14 15 16 17 18 19 20 21 22 23 24 25 26 27 28 29 30 31 32 33 34 35 36 37 38 </float_array>
        <technique_common>
          <accessor count="39" offset="0" source="#B_L_Clavicle_matrix-input-array" stride="1">
            <param name="TIME" type="float" />
          </accessor>
        </technique_common>
      </source>
      <source id="B_L_Clavicle_matrix-output" name="B_L_Clavicle_matrix-output">
