<?xml version="1.0" encoding="UTF-8" standalone="no" ?>
<COLLADA xmlns="http://www.collada.org/2005/11/COLLADASchema" version="1.4.1">
  <asset>
    <contributor>
      <author>Assimp</author>
      <authoring_tool>FBX SDK/FBX Plugins version 2013.1</authoring_tool>
    </contributor>
    <created>2020-08-21T10:31:21</created>
    <modified>2020-08-21T10:31:21</modified>
    <unit name="meter" meter="1" />
    <up_axis>Y_UP</up_axis>
  </asset>
  <library_geometries>
  </library_geometries>
  <library_controllers>
  </library_controllers>
  <library_visual_scenes>
    <visual_scene id="RootNode" name="RootNode">
      <node id="Motion_aAssimpFbxa_Translation"  name="Motion_$AssimpFbx$_Translation" type="NODE">
        <matrix sid="matrix">1 0 0 9.92585e-07 0 1 0 0 0 0 1 7.4225378 0 0 0 1</matrix>
        <node id="Motion_aAssimpFbxa_PreRotation"  name="Motion_$AssimpFbx$_PreRotation" type="NODE">
          <matrix sid="matrix">1 0 0 0 0 -4.3711388e-08 1 0 0 -1 -4.3711388e-08 0 0 0 0 1</matrix>
          <node id="Motion_aAssimpFbxa_Rotation"  name="Motion_$AssimpFbx$_Rotation" type="NODE">
            <matrix sid="matrix">1.3868001e-06 1 0 0 -1 1.3868001e-06 0 0 0 0 1 0 0 0 0 1</matrix>
            <node id="Motion_aAssimpFbxa_Scaling"  name="Motion_$AssimpFbx$_Scaling" type="NODE">
              <matrix sid="matrix">1 0 0 0 0 1 0 0 0 0 1 0 0 0 0 1</matrix>
              <node id="Motion"  name="Motion" type="NODE">
                <matrix sid="matrix">1 0 0 0 0 1 0 0 0 0 1 0 0 0 0 1</matrix>
                <node id="B_Pelvis"  name="B_Pelvis" type="NODE">
                  <matrix sid="matrix">-0.02204283 0.48413968 0.87471306 -8.5205927 -0.0026542209 -0.87495089 0.48420444 2.7000098 0.99975348 0.0083515532 0.020571407 105.23444 0 0 0 1</matrix>
                  <node id="B_Spine"  name="B_Spine" type="NODE">
                    <matrix sid="matrix">0.99887598 -0.0079766102 -0.046724103 7.6768723 0.018555826 0.97287083 0.23060386 -1.626843 0.043617081 -0.23121165 0.9719252 0.0023555756 0 0 0 1</matrix>
                    <node id="B_Spine1"  name="B_Spine1" type="NODE">
                      <matrix sid="matrix">0.99601102 0.089201584 0.0022678226 12.746132 -0.089220814 0.99595487 0.010655581 -0.014221668 -0.0013081544 -0.010815413 0.99994069 0.0001540184 0 0 0 1</matrix>
                      <node id="B_Spine2"  name="B_Spine2" type="NODE">
                        <matrix sid="matrix">0.99850613 0.054480307 0.0041713892 17.932724 -0.054557834 0.99827844 0.021531554 -0.026435852 -0.0029911625 -0.02172697 0.9997595 0.00055575371 0 0 0 1</matrix>
                        <node id="B_L_Clavicle"  name="B_L_Clavicle" type="NODE">
                          <matrix sid="matrix">-0.017590661 -0.00078421831 0.99984497 17.736862 -0.17375694 -0.98478115 -0.0038293824 0.073142052 0.98463148 -0.17379735 0.017186686 5.0180159 0 0 0 1</matrix>
                          <node id="B_L_UpperArm"  name="B_L_UpperArm" type="NODE">
                            <matrix sid="matrix">0.36478081 -0.11654955 0.92377007 17.464663 0.24549548 0.96906698 0.025322646 2.8610229e-06 -0.89814639 0.21754417 0.38210943 0 0 0 0 1</matrix>
                            <node id="B_L_Forearm"  name="B_L_Forearm" type="NODE">
                              <matrix sid="matrix">0.96564835 0.25984219 -0.0023099312 27.628174 -0.25985247 0.96561021 -0.0085849483 1.335144e-05 -2.3841856e-07 0.0088902814 0.99996048 -7.6293945e-06 0 0 0 1</matrix>
                              <node id="B_L_ForeArmTwist"  name="B_L_ForeArmTwist" type="NODE">
                                <matrix sid="matrix">1 2.7681581e-08 -2.3867403e-07 11.992645 -2.9802315e-08 0.99996048 -0.0088900635 -7.6293945e-06 2.3841852e-07 0.0088900635 0.99996048 2.2888184e-05 0 0 0 1</matrix>
                                <node id="B_L_Hand"  name="B_L_Hand" type="NODE">
                                  <matrix sid="matrix">0.98766702 -0.11126441 0.11015446 11.992645 -0.10846253 0.021165024 0.99387521 -2.8610229e-06 -0.11291435 -0.99356544 0.0088359797 0 0 0 0 1</matrix>
                                  <node id="B_L_Finger0"  name="B_L_Finger0" type="NODE">
                                    <matrix sid="matrix">0.80900657 0.13246375 0.5726794 1.4603271 0.15583238 0.89108139 -0.42625147 1.9355431 -0.5667668 0.43408218 0.70024854 -2.4376564 0 0 0 1</matrix>
                                    <node id="B_L_Finger01"  name="B_L_Finger01" type="NODE">
                                      <matrix sid="matrix">0.80299318 -0.59598827 -3.7252434e-08 3.7140045 0.59598827 0.80299318 1.8646418e-10 7.6293945e-06 2.9802317e-08 -2.235174e-08 1 -1.9073486e-05 0 0 0 1</matrix>
                                      <node id="B_L_Finger02"  name="B_L_Finger02" type="NODE">
                                        <matrix sid="matrix">0.55218482 -0.83372176 7.4053737e-08 5.5299301 0.83372176 0.55218482 1.1181078e-07 7.6293945e-06 -1.3411042e-07 0 1 1.9073486e-05 0 0 0 1</matrix>
                                      </node>
                                    </node>
                                  </node>
                                  <node id="B_L_Finger1"  name="B_L_Finger1" type="NODE">
                                    <matrix sid="matrix">0.27254871 -0.95552647 0.11263386 11.625458 0.92804098 0.23019068 -0.29283464 3.1205406 0.25388399 0.18434057 0.94950593 -3.0983524 0 0 0 1</matrix>
                                    <node id="B_L_Finger11"  name="B_L_Finger11" type="NODE">
                                      <matrix sid="matrix">-0.25881925 -0.96592575 1.2389417e-07 4.4568329 0.96592575 -0.25881925 -5.9363561e-08 -7.6293945e-06 8.9406988e-08 1.0430814e-07 1 1.7166138e-05 0 0 0 1</matrix>
                                      <node id="B_L_Finger12"  name="B_L_Finger12" type="NODE">
                                        <matrix sid="matrix">0.57357585 -0.81915247 3.808523e-07 3.3311615 0.81915247 0.57357585 -1.5752956e-07 -1.5258789e-05 -8.9406953e-08 4.0233124e-07 1 -2.4795532e-05 0 0 0 1</matrix>
                                      </node>
                                    </node>
                                  </node>
                                  <node id="B_L_Finger2"  name="B_L_Finger2" type="NODE">
                                    <matrix sid="matrix">0.25808516 -0.9650346 0.045829162 11.814072 0.96096492 0.25152367 -0.11524856 2.4381027 0.099691726 0.073784158 0.99227893 0.83572197 0 0 0 1</matrix>
                                    <node id="B_L_Finger21"  name="B_L_Finger21" type="NODE">
                                      <matrix sid="matrix">-0.62068564 -0.78405952 5.403495e-07 5.1996307 0.78405952 -0.62068564 8.5664809e-08 2.2888184e-05 2.6822084e-07 4.7683707e-07 1 9.5367432e-06 0 0 0 1</matrix>
                                      <node id="B_L_Finger22"  name="B_L_Finger22" type="NODE">
                                        <matrix sid="matrix">0.44828629 -0.89389002 1.1005989e-07 5.1996231 0.89389002 0.44828629 8.6500052e-08 1.9073486e-05 -1.2665987e-07 5.9604652e-08 1 -5.7220459e-06 0 0 0 1</matrix>
                                      </node>
                                    </node>
                                  </node>
                                  <node id="B_L_Finger3"  name="B_L_Finger3" type="NODE">
                                    <matrix sid="matrix">0.13847056 -0.99036652 0.00029720334 11.814056 0.99036658 0.13847058 5.9277245e-05 1.9342346 -9.9860117e-05 0.00028613207 0.99999994 4.6002369 0 0 0 1</matrix>
                                    <node id="B_L_Finger31"  name="B_L_Finger31" type="NODE">
                                      <matrix sid="matrix">-0.058766864 -0.99827176 -8.8241438e-07 4.4568024 0.99827176 -0.058766864 -1.1117605e-06 7.6293945e-06 1.0579823e-06 -9.4622396e-07 1 3.8146973e-06 0 0 0 1</matrix>
                                      <node id="B_L_Finger32"  name="B_L_Finger32" type="NODE">
                                        <matrix sid="matrix">-0.058766626 -0.99827176 -1.8742343e-06 4.4567871 0.99827176 -0.058766626 -1.6328825e-06 -2.2888184e-05 1.519918e-06 -1.9669542e-06 1 1.9073486e-06 0 0 0 1</matrix>
                                      </node>
                                    </node>
                                  </node>
                                  <node id="B_L_Finger4"  name="B_L_Finger4" type="NODE">
                                    <matrix sid="matrix">0.14714384 -0.98122936 -0.12465002 11.857185 0.9836868 0.15835439 -0.085347034 4.052887 0.10348389 -0.11005829 0.98852324 6.5145273 0 0 0 1</matrix>
                                    <node id="B_L_Finger41"  name="B_L_Finger41" type="NODE">
                                      <matrix sid="matrix">-0.18123157 -0.98344046 -2.0624589e-06 3.3276596 0.98344046 -0.18123157 -3.8650533e-06 1.5258789e-05 3.4272671e-06 -2.7287751e-06 1 1.335144e-05 0 0 0 1</matrix>
                                      <node id="B_L_Finger42"  name="B_L_Finger42" type="NODE">
                                        <matrix sid="matrix">0.0019771603 -0.99999803 -2.2193067e-06 3.3276596 0.99999803 0.0019771603 -3.2775999e-06 -1.9073486e-05 3.2819814e-06 -2.212822e-06 1 -1.9073486e-05 0 0 0 1</matrix>
                                      </node>
                                    </node>
                                  </node>
                                </node>
                              </node>
                            </node>
                          </node>
                        </node>
                        <node id="B_R_Clavicle"  name="B_R_Clavicle" type="NODE">
                          <matrix sid="matrix">-0.10452852 -0.00079619861 -0.9945215 17.736862 0.00023395466 -0.99999964 0.00077599462 0.074661255 -0.99452186 -0.00015155939 0.10452867 -5.0179625 0 0 0 1</matrix>
                          <node id="B_R_UpperArm"  name="B_R_UpperArm" type="NODE">
                            <matrix sid="matrix">0.37755138 0.22388333 -0.89851612 17.464649 0.14939032 0.94289392 0.29771391 1.335144e-05 0.91385859 -0.24663191 0.3225449 0 0 0 0 1</matrix>
                            <node id="B_R_Forearm"  name="B_R_Forearm" type="NODE">
                              <matrix sid="matrix">0.96564865 0.25984108 0.0023101114 27.628174 -0.25985137 0.9656105 0.0085848533 9.5367432e-06 2.9802329e-08 -0.0088902377 0.99996048 0 0 0 0 1</matrix>
                              <node id="B_R_ForeArmTwist"  name="B_R_ForeArmTwist" type="NODE">
                                <matrix sid="matrix">1 5.9602282e-08 5.2987953e-10 11.992638 -5.9604638e-08 0.99996048 0.0088899042 -1.1444092e-05 0 -0.0088899042 0.99996048 7.6293945e-06 0 0 0 1</matrix>
                                <node id="B_R_Hand"  name="B_R_Hand" type="NODE">
                                  <matrix sid="matrix">0.98766696 -0.11126465 -0.11015502 11.992638 -0.10846309 0.021165118 -0.99387515 1.9073486e-06 0.11291461 0.99356544 0.0088359797 -1.9073486e-05 0 0 0 1</matrix>
                                  <node id="B_R_Finger0"  name="B_R_Finger0" type="NODE">
                                    <matrix sid="matrix">0.80900663 0.13246392 -0.57267934 1.4603195 0.15583231 0.89108133 0.42625162 1.9355507 0.5667668 -0.4340823 0.70024854 2.4376593 0 0 0 1</matrix>
                                    <node id="B_R_Finger01"  name="B_R_Finger01" type="NODE">
                                      <matrix sid="matrix">0.802993 -0.59598851 -3.1603568e-07 3.7140198 0.59598851 0.802993 -1.7425415e-07 -7.6293945e-06 3.576279e-07 -4.8428777e-08 1 0 0 0 0 1</matrix>
                                      <node id="B_R_Finger02"  name="B_R_Finger02" type="NODE">
                                        <matrix sid="matrix">0.55218476 -0.83372176 1.1568146e-07 5.5299377 0.83372176 0.55218476 1.2747943e-08 8.5830688e-06 -7.4505778e-08 8.9406932e-08 1 2.6702881e-05 0 0 0 1</matrix>
                                      </node>
                                    </node>
                                  </node>
                                  <node id="B_R_Finger1"  name="B_R_Finger1" type="NODE">
                                    <matrix sid="matrix">0.27254859 -0.95552653 -0.11263383 11.625465 0.92804098 0.23019052 0.29283494 3.1205559 -0.25388429 -0.18434055 0.94950587 3.0983496 0 0 0 1</matrix>
                                    <node id="B_R_Finger11"  name="B_R_Finger11" type="NODE">
                                      <matrix sid="matrix">-0.25881937 -0.96592575 -1.4548425e-07 4.45681 0.96592575 -0.25881937 5.3578461e-08 7.6293945e-06 -8.9406953e-08 -1.2665984e-07 1 5.7220459e-06 0 0 0 1</matrix>
                                      <node id="B_R_Finger12"  name="B_R_Finger12" type="NODE">
                                        <matrix sid="matrix">0.57357574 -0.81915253 2.3562987e-07 3.3311386 0.81915253 0.57357574 1.8063847e-07 -7.6293945e-06 -2.8312203e-07 8.9406953e-08 1 -1.1444092e-05 0 0 0 1</matrix>
                                      </node>
                                    </node>
                                  </node>
                                  <node id="B_R_Finger2"  name="B_R_Finger2" type="NODE">
                                    <matrix sid="matrix">0.25808468 -0.96503472 -0.045829259 11.814056 0.96096504 0.25152323 0.11524835 2.4381256 -0.099691533 -0.07378415 0.99227893 -0.83572292 0 0 0 1</matrix>
                                    <node id="B_R_Finger21"  name="B_R_Finger21" type="NODE">
                                      <matrix sid="matrix">-0.62068564 -0.78405952 -1.012544e-07 5.1996002 0.78405952 -0.62068564 -4.1355506e-09 -1.5258789e-05 -5.9604634e-08 -8.1956358e-08 1 -3.0517578e-05 0 0 0 1</matrix>
                                      <node id="B_R_Finger22"  name="B_R_Finger22" type="NODE">
                                        <matrix sid="matrix">0.44828629 -0.89389002 -5.6540038e-08 5.1996155 0.89389002 0.44828629 8.6699927e-08 3.8146973e-06 -5.2154082e-08 -8.9406967e-08 1 2.8610229e-05 0 0 0 1</matrix>
                                      </node>
                                    </node>
                                  </node>
                                  <node id="B_R_Finger3"  name="B_R_Finger3" type="NODE">
                                    <matrix sid="matrix">0.13847044 -0.99036652 -0.00029826935 11.814056 0.99036658 0.13847046 -5.936898e-05 1.9342728 0.00010009854 -0.00028717512 0.99999994 -4.6002531 0 0 0 1</matrix>
                                    <node id="B_R_Finger31"  name="B_R_Finger31" type="NODE">
                                      <matrix sid="matrix">-0.058766864 -0.99827176 -1.557482e-07 4.4567871 0.99827176 -0.058766864 -1.4351133e-07 -1.5258789e-05 1.3411046e-07 -1.6391273e-07 1 -1.9073486e-06 0 0 0 1</matrix>
                                      <node id="B_R_Finger32"  name="B_R_Finger32" type="NODE">
                                        <matrix sid="matrix">-0.058766983 -0.9982717 5.7818193e-07 4.4568405 0.9982717 -0.058766983 -1.8613582e-07 7.6293945e-06 2.1979214e-07 5.6624401e-07 1 -9.5367432e-06 0 0 0 1</matrix>
                                      </node>
                                    </node>
                                  </node>
                                  <node id="B_R_Finger4"  name="B_R_Finger4" type="NODE">
                                    <matrix sid="matrix">0.14714396 -0.98122966 0.12464777 11.857224 0.98368686 0.15835427 0.085347056 4.0529175 -0.10348356 0.11005606 0.98852354 -6.5145636 0 0 0 1</matrix>
                                    <node id="B_R_Finger41"  name="B_R_Finger41" type="NODE">
                                      <matrix sid="matrix">-0.18123123 -0.98344052 2.2612959e-07 3.3276749 0.98344052 -0.18123123 7.4624336e-07 3.0517578e-05 -6.9290422e-07 3.5762758e-07 1 2.7656555e-05 0 0 0 1</matrix>
                                      <node id="B_R_Finger42"  name="B_R_Finger42" type="NODE">
                                        <matrix sid="matrix">0.0019769219 -0.99999803 2.6171975e-07 3.327713 0.99999803 0.0019769219 4.8004614e-07 3.4332275e-05 -4.8056262e-07 2.6077024e-07 1 -7.6293945e-06 0 0 0 1</matrix>
                                      </node>
                                    </node>
                                  </node>
                                </node>
                              </node>
                            </node>
                          </node>
                        </node>
                        <node id="B_Neck"  name="B_Neck" type="NODE">
                          <matrix sid="matrix">0.97453725 -0.2163661 -0.058845215 27.039871 0.20928131 0.9719097 -0.10766995 1.1282778 0.080488361 0.092613176 0.99244362 -0.00057840347 0 0 0 1</matrix>
                          <node id="B_Head"  name="B_Head" type="NODE">
                            <matrix sid="matrix">0.99737006 0.063900165 0.034201674 10.019318 -0.034874111 0.83678645 -0.54641765 1.4083138 -0.063535675 0.54378784 0.83681422 9.5367432e-07 0 0 0 1</matrix>
                          </node>
                        </node>
                      </node>
                    </node>
                  </node>
                  <node id="B_L_Thigh"  name="B_L_Thigh" type="NODE">
                    <matrix sid="matrix">-0.99583465 0.064196505 -0.064747155 7.6293945e-06 0.071536846 0.9903993 -0.1182861 1.7166138e-05 0.056531984 -0.1224252 -0.99086636 11.161455 0 0 0 1</matrix>
                    <node id="B_L_Calf"  name="B_L_Calf" type="NODE">
                      <matrix sid="matrix">0.92618972 0.37705779 3.509615e-07 50.282749 -0.37705779 0.92618972 8.0744076e-06 1.1920929e-06 2.7194615e-06 -7.6107667e-06 1 3.8146973e-06 0 0 0 1</matrix>
                      <node id="B_L_Foot"  name="B_L_Foot" type="NODE">
                        <matrix sid="matrix">0.94704068 -0.31745768 -0.048317175 39.72813 0.30913174 0.94204301 -0.13035582 -1.9073486e-06 0.086899303 0.10851589 0.99028927 -3.8146973e-06 0 0 0 1</matrix>
                        <node id="B_L_Toe0"  name="B_L_Toe0" type="NODE">
                          <matrix sid="matrix">-4.3711388e-08 -1 -5.6519635e-08 18.214443 1 -4.3711385e-08 -4.5349058e-08 14.545956 4.5349054e-08 -5.6519639e-08 1 0.020650864 0 0 0 1</matrix>
                        </node>
                      </node>
                    </node>
                  </node>
                  <node id="B_R_Thigh"  name="B_R_Thigh" type="NODE">
                    <matrix sid="matrix">-0.94583255 0.3240819 -0.019281745 7.6293945e-06 0.29097858 0.81988442 -0.49307296 -1.335144e-05 -0.14398721 -0.471975 -0.86977428 -11.161447 0 0 0 1</matrix>
                    <node id="B_R_Calf"  name="B_R_Calf" type="NODE">
                      <matrix sid="matrix">0.86086655 0.50883079 -1.4772945e-07 50.282734 -0.50883079 0.86086655 -4.7744843e-06 3.8146973e-06 -2.3022292e-06 4.1853632e-06 1 1.9073486e-06 0 0 0 1</matrix>
                      <node id="B_R_Foot"  name="B_R_Foot" type="NODE">
                        <matrix sid="matrix">0.97784907 -0.20930959 -0.00079686567 39.728142 0.20520519 0.95941067 -0.19344752 4.2915344e-06 0.041254945 0.18899897 0.98111033 4.2915344e-06 0 0 0 1</matrix>
                        <node id="B_R_Toe0"  name="B_R_Toe0" type="NODE">
                          <matrix sid="matrix">0.00023706356 -1 -7.9390047e-05 18.214437 1 0.00023706869 -6.4577696e-05 14.545954 6.4596512e-05 -7.9374731e-05 1 -0.020652771 0 0 0 1</matrix>
                        </node>
                      </node>
                    </node>
                  </node>
                </node>
              </node>
            </node>
          </node>
        </node>
      </node>
      <node id="Exporter_aAssimpFbxa_PreRotation"  name="Exporter_$AssimpFbx$_PreRotation" type="NODE">
        <matrix sid="matrix">1 0 0 0 0 -4.3711388e-08 1 0 0 -1 -4.3711388e-08 0 0 0 0 1</matrix>
        <node id="Exporter"  name="Exporter" type="NODE">
          <matrix sid="matrix">1 0 0 0 0 1 0 0 0 0 1 0 0 0 0 1</matrix>
        </node>
      </node>
    </visual_scene>
  </library_visual_scenes>
  <library_animations>
    <animation id="TakeW001AnimId0" name="Take 001">
      <source id="B_Head_matrix-input" name="B_Head_matrix-input">
        <float_array id="B_Head_matrix-input-array" count="51"> 0 1 2 3 4 5 6 7 8 9 10 11 12 13 14 15 16 17 18 19 20 21 22 23 24 25 26 27 28 29 30 31 32 33 34 35 36 37 38 39 40 41 42 43 44 45 46 47 48 49 50 </float_array>
        <technique_common>
          <accessor count="51" offset="0" source="#B_Head_matrix-input-array" stride="1">
            <param name="TIME" type="float" />
          </accessor>
        </technique_common>
      </source>
      <source id="B_Head_matrix-output" name="B_Head_matrix-output">
        <float_array id="B_Head_matrix-output-array" count="816"> 0.99737 0.063900165 0.034201678 10.019318 -0.034874108 0.83678645 -0.54641765 1.4083138 -0.063535668 0.54378784 0.83681434 9.5367432e-07 0 0 0 1 0.9974547 0.060204327 0.038203564 10.019302 -0.028852904 0.8307671 -0.55587196 1.4083138 -0.065204158 0.55335498 0.83038944 0 0 0 0 1 0.99741173 0.059013806 0.041070867 10.019302 -0.025257083 0.82241136 -0.5683322 1.4083157 -0.067316592 0.56582415 0.82177329 9.5367432e-07 0 0 0 1 0.9973104 0.059621338 0.042623449 10.019318 -0.023646919 0.81223404 -0.58285201 1.4083157 -0.069370635 0.58027661 0.81145954 0 0 0 0 1 0.99720269 0.061325796 0.042729426 10.019318 -0.02360086 0.80077726 -0.59849727 1.4083157 -0.070920058 0.59581476 0.79998451 9.5367432e-07 0 0 0 1 0.99713099 0.063436426 0.041298788 10.019318 -0.024726836 0.78863674 -0.614362 1.4083157 -0.071542673 0.61157823 0.78794277 9.5367432e-07 0 0 0 1 0.99713308 0.065275192 0.038275834 10.019302 -0.026663382 0.7764771 -0.62958145 1.4083138 -0.070816346 0.62675571 0.77599138 -9.5367432e-07 0 0 0 1 0.99724102 0.066178262 0.033630501 10.019318 -0.029072782 0.76502979 -0.64333826 1.4083138 -0.068303354 0.64058536 0.76484317 0 0 0 0 1 0.99747801 0.065495238 0.027349047 10.019318 -0.031624276 0.75508446 -0.65486431 1.4083157 -0.063541345 0.65234798 0.75525135 0 0 0 0 1 0.99785042 0.06258747 0.019423557 10.019318 -0.033968825 0.74746579 -0.66343111 1.4083138 -0.056040924 0.66134518 0.74798512 0 0 0 0 1 0.99833578 0.05682458 0.0098411357 10.019333 -0.035703111 0.74300349 -0.66833454 1.4083138 -0.045289833 0.66687095 0.74379557 4.7683716e-07 0 0 0 1 0.99913239 0.040373657 -0.010214266 10.019318 -0.036954708 0.74642336 -0.66444445 1.4083138 -0.019201884 0.66424555 0.74726772 0 0 0 0 1 0.9989835 0.01242874 -0.043326739 10.019302 -0.037643451 0.75875527 -0.65028697 1.4083157 0.02479215 0.65125698 0.75845194 -1.9073486e-06 0 0 0 1 0.99664938 -0.017160665 -0.079971582 10.019302 -0.037251715 0.77521336 -0.63060004 1.4083138 0.072816566 0.63146615 0.77197665 -1.9073486e-06 0 0 0 1 0.99315888 -0.039169218 -0.11000659 10.019302 -0.036381584 0.79138041 -0.6102404 1.4083138 0.11095972 0.61006767 0.78454161 0 0 0 0 1 0.99140799 -0.045242321 -0.1227327 10.019318 -0.036897123 0.80345535 -0.59422034 1.4083138 0.12549418 0.59364331 0.79488271 3.8146973e-06 0 0 0 1 0.99307668 -0.031902324 -0.11305134 10.019287 -0.040175542 0.81212997 -0.58209151 1.4083157 0.11038247 0.58260357 0.80522573 -9.5367432e-07 0 0 0 1 0.99615735 -0.0055132415 -0.08740662 10.019302 -0.04552279 0.82000875 -0.57053769 1.4083157 0.074819691 0.5723244 0.81660688 9.5367432e-07 0 0 0 1 0.99825436 0.027238971 -0.052404232 10.019287 -0.051974941 0.82656097 -0.56044227 1.4083138 0.028049424 0.56218755 0.82653391 0 0 0 0 1 0.99809152 0.0598859 -0.015075266 10.019287 -0.058230639 0.83138746 -0.55263364 1.4083138 -0.020561578 0.55245668 0.83328795 -1.9073486e-06 0 0 0 1 0.99612439 0.086249009 0.017232884 10.019302 -0.062756687 0.83425444 -0.54779667 1.4083138 -0.061623514 0.5445922 0.83643401 -3.8146973e-06 0 0 0 1 0.99257481 0.11087836 0.05001419 10.019302 -0.065599658 0.8342157 -0.5475226 1.4083138 -0.10243104 0.54017627 0.8352949 0 0 0 0 1 0.98655468 0.13789473 0.087720476 10.019318 -0.067211218 0.83157766 -0.55132663 1.4083118 -0.14897147 0.53801817 0.82966483 0 0 0 0 1 0.97949803 0.16063349 0.12157622 10.019318 -0.066697262 0.82803667 -0.55669278 1.4083138 -0.19009309 0.53717053 0.82177407 -3.8146973e-06 0 0 0 1 0.97457063 0.17232984 0.14322875 10.019318 -0.063441835 0.82522994 -0.56122243 1.4083138 -0.21491206 0.53786427 0.81517774 0 0 0 0 1 0.97545147 0.1660783 0.14461102 10.019302 -0.056999356 0.82471758 -0.56266505 1.4083157 -0.2127097 0.54060978 0.81393838 -3.8146973e-06 0 0 0 1 0.98154175 0.14228471 0.12779176 10.019318 -0.04664195 0.82611865 -0.56156236 1.4083118 -0.18547289 0.54523647 0.81750655 -1.1444092e-05 0 0 0 1 0.98893881 0.10789908 0.10177327 10.019318 -0.032672171 0.82776958 -0.56011587 1.4083138 -0.14468083 0.55059516 0.82213891 -3.8146973e-06 0 0 0 1 0.99546045 0.065726973 0.068838336 10.019318 -0.016124273 0.82926911 -0.558617 1.4083138 -0.093801714 0.55497116 0.82656419 0 0 0 0 1 0.99933273 0.018768352 0.031338751 10.019302 0.0018816146 0.83032751 -0.55727273 1.4083176 -0.03648052 0.55695987 0.8297379 7.6293945e-06 0 0 0 1 0.99952203 -0.029768566 -0.0083349943 10.019333 0.020106927 0.83083767 -0.55615163 1.4083147 0.023480861 0.5557183 0.83103889 0 0 0 0 1 0.99591923 -0.0765405 -0.047815323 10.019318 0.037205476 0.83091396 -0.55515546 1.4083138 0.082222283 0.55111092 0.83037126 -3.8146973e-06 0 0 0 1 0.98936164 -0.11818919 -0.084821686 10.019302 0.051760502 0.83089381 -0.55401856 1.4083138 0.13595678 0.54373437 0.82817209 0 0 0 0 1 0.98149252 -0.15145698 -0.11718798 10.019302 0.062327906 0.8312794 -0.55234939 1.4083138 0.1810731 0.5348227 0.82533473 0 0 0 0 1 0.97446603 -0.17325476 -0.1428238 10.019302 0.06746801 0.83262801 -0.54970813 1.4083176 0.21415856 0.52603602 0.8230567 3.8146973e-06 0 0 0 1 0.97051257 -0.18065321 -0.15959193 10.019318 0.065757491 0.83537477 -0.54573333 1.4083118 0.23190755 0.51914674 0.82262105 0 0 0 0 1 0.97074586 -0.17219883 -0.16733143 10.019302 0.05591055 0.83985293 -0.53992701 1.4083157 0.23350854 0.51477629 0.82491171 3.8146973e-06 0 0 0 1 0.97430038 -0.1501703 -0.16789137 10.019302 0.038586862 0.84559989 -0.53242069 1.4083157 0.22192268 0.51225919 0.82966316 0 0 0 0 1 0.97979981 -0.11733387 -0.16194084 10.019318 0.015356449 0.85153788 -0.52406794 1.4083138 0.1993897 0.51099479 0.83613873 -3.8146973e-06 0 0 0 1 0.98568398 -0.076519124 -0.15023951 10.019318 -0.012109883 0.85665101 -0.51575452 1.4083157 0.16816786 0.51019031 0.84346056 0 0 0 0 1 0.99053532 -0.030634373 -0.13379654 10.019302 -0.04205009 0.86017793 -0.50825751 1.4083138 0.130659 0.50907314 0.85074836 -5.7220459e-06 0 0 0 1 0.99333423 0.017364509 -0.11395396 10.019318 -0.072667815 0.86173272 -0.50213158 1.4083195 0.089478575 0.50706524 0.85725063 0 0 0 0 1 0.99362862 0.064541332 -0.092393145 10.019318 -0.10222131 0.86134416 -0.49763107 1.4083176 0.047464531 0.50390494 0.86245394 -1.9073486e-06 0 0 0 1 0.99160004 0.10806004 -0.071081743 10.019333 -0.12911744 0.85942769 -0.4946844 1.4083138 0.0076340148 0.49970692 0.86616087 -1.9073486e-06 0 0 0 1 0.98801881 0.14524426 -0.052182034 10.019287 -0.15197292 0.85669631 -0.49292541 1.4083138 -0.026890423 0.49494979 0.8685053 1.9073486e-06 0 0 0 1 0.98408628 0.1735899 -0.037950236 10.019302 -0.16961531 0.85404313 -0.49177304 1.4083138 -0.052955672 0.49038416 0.86989594 9.5367432e-07 0 0 0 1 0.98173368 0.18777272 -0.030668739 10.019318 -0.17841612 0.8525908 -0.49117899 1.4083176 -0.06608212 0.48767871 0.87051874 0 0 0 0 1 0.98163754 0.18844625 -0.029596664 10.019302 -0.17848215 0.85259551 -0.49114668 1.4083138 -0.067320772 0.48741034 0.87057412 0 0 0 0 1 0.98276347 0.18204321 -0.032191489 10.019318 -0.17416701 0.85335022 -0.49138546 1.4083138 -0.061982751 0.48852241 0.87034726 -9.5367432e-07 0 0 0 1 0.9839251 0.17495039 -0.035826169 10.019318 -0.16976264 0.85406071 -0.49169162 1.4083099 -0.055423919 0.48986956 0.87003219 9.5367432e-07 0 0 0 1 0.98408645 0.17358987 -0.037950236 10.019318 -0.16961531 0.85404319 -0.49177313 1.4083138 -0.052955672 0.49038419 0.86989611 1.9073486e-06 0 0 0 1 </float_array>
        <technique_common>
          <accessor count="51" offset="0" source="#B_Head_matrix-output-array" stride="16">
            <param name="TRANSFORM" type="float4x4" />
          </accessor>
        </technique_common>
      </source>
      <source id="B_Head_matrix-interpolation">
        <Name_array id="B_Head_matrix-interpolation-array" count="51"> LINEAR LINEAR LINEAR LINEAR LINEAR LINEAR LINEAR LINEAR LINEAR LINEAR LINEAR LINEAR LINEAR LINEAR LINEAR LINEAR LINEAR LINEAR LINEAR LINEAR LINEAR LINEAR LINEAR LINEAR LINEAR LINEAR LINEAR LINEAR LINEAR LINEAR LINEAR LINEAR LINEAR LINEAR LINEAR LINEAR LINEAR LINEAR LINEAR LINEAR LINEAR LINEAR LINEAR LINEAR LINEAR LINEAR LINEAR LINEAR LINEAR LINEAR LINEAR </Name_array>
        <technique_common>
          <accessor source="#B_Head_matrix-interpolation-array" count="51" stride="1">
            <param name="INTERPOLATION" type="name"></param>
          </accessor>
        </technique_common>
      </source>
      <source id="B_L_Calf_matrix-input" name="B_L_Calf_matrix-input">
        <float_array id="B_L_Calf_matrix-input-array" count="51"> 0 1 2 3 4 5 6 7 8 9 10 11 12 13 14 15 16 17 18 19 20 21 22 23 24 25 26 27 28 29 30 31 32 33 34 35 36 37 38 39 40 41 42 43 44 45 46 47 48 49 50 </float_array>
        <technique_common>
          <accessor count="51" offset="0" source="#B_L_Calf_matrix-input-array" stride="1">
            <param name="TIME" type="float" />
          </accessor>
        </technique_common>
      </source>
      <source id="B_L_Calf_matrix-output" name="B_L_Calf_matrix-output">
        <float_array id="B_L_Calf_matrix-output-array" count="816"> 0.92618984 0.37705785 3.5096147e-07 50.282749 -0.37705785 0.92618984 8.0744076e-06 1.1920929e-06 2.7194617e-06 -7.6107676e-06 0.99999994 3.8146973e-06 0 0 0 1 0.92390901 0.382613 3.3912468e-07 50.282757 -0.38261294 0.92390913 8.0043947e-06 4.7683716e-07 2.7492645e-06 -7.5250855e-06 1.0000001 5.7220459e-06 0 0 0 1 0.89708966 0.44184867 4.0520831e-07 50.282742 -0.44184861 0.89708978 8.0060354e-06 0 3.1739471e-06 -7.3611732e-06 1 3.8146973e-06 0 0 0 1 0.85508269 0.51849186 4.7809226e-07 50.282753 -0.51849169 0.85508299 7.9158381e-06 0 3.6954875e-06 -7.0165856e-06 1 5.7220459e-06 0 0 0 1 0.80711704 0.59039164 5.5174087e-07 50.282745 -0.59039164 0.80711704 7.8213234e-06 0 4.1723247e-06 -6.6384664e-06 1 3.8146973e-06 0 0 0 1 0.76205009 0.64751846 6.4908909e-07 50.282749 -0.64751846 0.76205009 7.851816e-06 0 4.5895576e-06 -6.403774e-06 1 3.8146973e-06 0 0 0 1 0.7283262 0.68523079 6.4913888e-07 50.282745 -0.68523061 0.72832638 7.8390267e-06 1.9073486e-06 4.8987558e-06 -6.15418e-06 1 3.8146973e-06 0 0 0 1 0.71414846 0.69999462 6.5752141e-07 50.282738 -0.69999462 0.71414846 7.7382774e-06 0 4.9471855e-06 -5.9865411e-06 0.99999994 5.7220459e-06 0 0 0 1 0.73035729 0.68306547 6.4377332e-07 50.282753 -0.6830653 0.73035747 7.7782624e-06 0 4.8428765e-06 -6.1206515e-06 1 1.9073486e-06 0 0 0 1 0.77519113 0.6317268 5.9824987e-07 50.282742 -0.6317268 0.77519113 7.8694766e-06 1.9073486e-06 4.5076022e-06 -6.4782798e-06 0.99999994 5.7220459e-06 0 0 0 1 0.83772784 0.54608834 4.9539727e-07 50.282738 -0.54608834 0.83772784 7.8682524e-06 0 3.8817525e-06 -6.8619847e-06 1.0000001 1.9073486e-06 0 0 0 1 0.7224769 0.69139546 6.5637704e-07 50.282738 -0.69139546 0.7224769 7.7765908e-06 1.9073486e-06 4.9024825e-06 -6.0722236e-06 0.99999994 5.7220459e-06 0 0 0 1 0.56683302 0.82383311 8.2140076e-07 50.282749 -0.82383299 0.56683308 7.6916758e-06 -3.8146973e-06 5.8710575e-06 -5.0365925e-06 1.0000002 3.8146973e-06 0 0 0 1 0.29445907 0.95566446 9.4695537e-07 50.282745 -0.95566422 0.29445916 7.4019404e-06 7.6293945e-06 6.79493e-06 -3.0845408e-06 0.99999994 3.8146973e-06 0 0 0 1 -0.02175522 0.99976331 9.5975429e-07 50.282742 -0.99976343 -0.021755219 7.1184586e-06 0 7.1376544e-06 -8.0466361e-07 1 0 0 0 0 1 -0.17206813 0.98508531 1.0289396e-06 50.282753 -0.98508519 -0.17206816 6.9298558e-06 3.8146973e-06 7.0035458e-06 1.7881398e-07 1 0 0 0 0 1 -0.036006812 0.9993518 9.701854e-07 50.282745 -0.99935168 -0.036006816 7.0625993e-06 0 7.0929545e-06 -7.1525523e-07 0.99999988 0 0 0 0 1 0.26709363 0.96367085 8.8718161e-07 50.282745 -0.96367073 0.26709366 7.343373e-06 0 6.8396325e-06 -2.8163195e-06 1 7.6293945e-06 0 0 0 1 0.54531586 0.83823079 8.0911235e-07 50.282745 -0.83823079 0.54531586 7.6371398e-06 3.8146973e-06 5.9604649e-06 -4.8428769e-06 0.99999994 3.8146973e-06 0 0 0 1 0.36406776 0.93137258 8.8289443e-07 50.282753 -0.93137258 0.36406776 7.400738e-06 -1.9073486e-06 6.5714121e-06 -3.5166743e-06 0.99999994 0 0 0 0 1 0.27144951 0.96245295 9.3596464e-07 50.282745 -0.96245295 0.27144951 7.385921e-06 -3.8146973e-06 6.8545341e-06 -2.9057264e-06 1 1.1444092e-05 0 0 0 1 0.25761631 0.96624768 9.3334586e-07 50.282757 -0.96624768 0.25761631 7.373661e-06 0 6.8843365e-06 -2.8014183e-06 1.0000001 0 0 0 0 1 0.25099578 0.96798843 9.7872578e-07 50.282745 -0.96798831 0.25099581 7.3273e-06 0 6.8470849e-06 -2.7865171e-06 0.99999994 7.6293945e-06 0 0 0 1 0.25086126 0.96802324 9.6666054e-07 50.282753 -0.96802324 0.25086126 7.3776491e-06 3.8146973e-06 6.8992372e-06 -2.7865167e-06 1 1.1444092e-05 0 0 0 1 0.25653851 0.96653426 9.1658598e-07 50.282745 -0.96653426 0.25653851 7.3505666e-06 0 6.8694353e-06 -2.7716155e-06 0.99999994 1.1444092e-05 0 0 0 1 0.26739714 0.96358657 8.8445631e-07 50.282753 -0.96358657 0.26739714 7.2894136e-06 -3.8146973e-06 6.7874798e-06 -2.8014185e-06 1 7.6293945e-06 0 0 0 1 0.28282762 0.959171 8.9598689e-07 50.282753 -0.959171 0.28282762 7.3405981e-06 0 6.7874789e-06 -2.9355285e-06 1 7.6293945e-06 0 0 0 1 0.30223173 0.95323467 8.4697893e-07 50.282745 -0.95323455 0.30223176 7.43591e-06 0 6.8321824e-06 -3.0547385e-06 0.99999994 7.6293945e-06 0 0 0 1 0.32500964 0.9457109 8.9801597e-07 50.282749 -0.94571066 0.32500973 7.3360507e-06 3.8146973e-06 6.6459179e-06 -3.2335508e-06 1 3.8146973e-06 0 0 0 1 0.35055217 0.93654364 9.39296e-07 50.282757 -0.93654352 0.3505522 7.3523379e-06 -3.8146973e-06 6.5565105e-06 -3.4570696e-06 1.0000001 0 0 0 0 1 0.3782278 0.92571282 8.6397631e-07 50.282749 -0.92571282 0.3782278 7.4195682e-06 -3.8146973e-06 6.5416093e-06 -3.6060806e-06 1 -3.8146973e-06 0 0 0 1 0.40738469 0.91325694 8.3098712e-07 50.282753 -0.91325682 0.40738472 7.5009998e-06 0 6.5118074e-06 -3.8146977e-06 1 -3.8146973e-06 0 0 0 1 0.43733913 0.89929694 9.0172171e-07 50.282761 -0.89929682 0.43733916 7.4475402e-06 0 6.3031912e-06 -4.068017e-06 1 0 0 0 0 1 0.46737736 0.88405824 7.8984795e-07 50.282753 -0.88405806 0.46737748 7.4968434e-06 0 6.2584877e-06 -4.2021275e-06 1 7.6293945e-06 0 0 0 1 0.49675518 0.86789083 8.6698174e-07 50.282757 -0.86789083 0.49675518 7.6043643e-06 -3.8146973e-06 6.1690807e-06 -4.5299525e-06 1 0 0 0 0 1 0.52469754 0.85128891 8.2930148e-07 50.282761 -0.85128891 0.52469754 7.6003616e-06 0 6.0349698e-06 -4.6938653e-06 1.0000001 3.8146973e-06 0 0 0 1 0.56002104 0.82847852 8.0889197e-07 50.282753 -0.8284784 0.5600211 7.5973635e-06 -3.8146973e-06 5.8412552e-06 -4.9248338e-06 0.99999988 3.8146973e-06 0 0 0 1 0.60808194 0.79387456 8.0713994e-07 50.282753 -0.79387456 0.60808194 7.694598e-06 0 5.6177382e-06 -5.3197141e-06 1 3.8146973e-06 0 0 0 1 0.6627146 0.74887222 7.2531009e-07 50.282749 -0.74887204 0.66271478 7.6460083e-06 0 5.2452087e-06 -5.6102886e-06 0.99999988 7.6293945e-06 0 0 0 1 0.71743482 0.69662589 6.3895374e-07 50.282749 -0.69662601 0.7174347 7.7810691e-06 0 4.9620867e-06 -6.0275202e-06 1.0000001 7.6293945e-06 0 0 0 1 0.7655732 0.64334875 5.9193138e-07 50.282753 -0.64334863 0.76557338 7.745597e-06 -3.8146973e-06 4.529953e-06 -6.3106418e-06 0.99999988 7.6293945e-06 0 0 0 1 0.80072963 0.5990262 5.432625e-07 50.282753 -0.5990262 0.80072963 7.8654975e-06 0 4.2766328e-06 -6.6235662e-06 0.99999994 3.8146973e-06 0 0 0 1 0.81935501 0.57328671 5.867102e-07 50.282764 -0.57328671 0.81935501 7.8825124e-06 0 4.0382147e-06 -6.7949281e-06 1.0000001 0 0 0 0 1 0.83393288 0.55186617 4.3976434e-07 50.282749 -0.55186611 0.83393294 8.0089158e-06 -3.8146973e-06 4.0531154e-06 -6.9215898e-06 1 7.6293945e-06 0 0 0 1 0.8541975 0.51994908 5.0417975e-07 50.282753 -0.51994908 0.8541975 7.9356942e-06 3.8146973e-06 3.695488e-06 -7.0407978e-06 1 1.5258789e-05 0 0 0 1 0.87463474 0.48478279 3.8440658e-07 50.282745 -0.48478279 0.87463474 7.9476622e-06 1.9073486e-06 3.516674e-06 -7.1376548e-06 1 3.8146973e-06 0 0 0 1 0.88652366 0.46268392 4.4793578e-07 50.282753 -0.46268386 0.88652372 7.9435686e-06 1.9073486e-06 3.2782552e-06 -7.2494154e-06 0.99999994 3.8146973e-06 0 0 0 1 0.89072472 0.45454356 4.4910894e-07 50.282753 -0.4545435 0.89072484 8.0267027e-06 0 3.2484527e-06 -7.3537226e-06 1 0 0 0 0 1 0.88879889 0.45829803 3.6770689e-07 50.282753 -0.458298 0.88879895 7.8662206e-06 3.8146973e-06 3.2782555e-06 -7.1600084e-06 1 7.6293945e-06 0 0 0 1 0.8828342 0.46968505 4.1785626e-07 50.282745 -0.46968505 0.8828342 7.9554593e-06 1.9073486e-06 3.3676629e-06 -7.2196131e-06 0.99999988 3.8146973e-06 0 0 0 1 0.87463474 0.48478279 4.6182276e-07 50.282753 -0.48478279 0.87463474 7.9643833e-06 1.9073486e-06 3.4570694e-06 -7.1898103e-06 1 7.6293945e-06 0 0 0 1 </float_array>
        <technique_common>
          <accessor count="51" offset="0" source="#B_L_Calf_matrix-output-array" stride="16">
            <param name="TRANSFORM" type="float4x4" />
          </accessor>
        </technique_common>
      </source>
      <source id="B_L_Calf_matrix-interpolation">
        <Name_array id="B_L_Calf_matrix-interpolation-array" count="51"> LINEAR LINEAR LINEAR LINEAR LINEAR LINEAR LINEAR LINEAR LINEAR LINEAR LINEAR LINEAR LINEAR LINEAR LINEAR LINEAR LINEAR LINEAR LINEAR LINEAR LINEAR LINEAR LINEAR LINEAR LINEAR LINEAR LINEAR LINEAR LINEAR LINEAR LINEAR LINEAR LINEAR LINEAR LINEAR LINEAR LINEAR LINEAR LINEAR LINEAR LINEAR LINEAR LINEAR LINEAR LINEAR LINEAR LINEAR LINEAR LINEAR LINEAR LINEAR </Name_array>
        <technique_common>
          <accessor source="#B_L_Calf_matrix-interpolation-array" count="51" stride="1">
            <param name="INTERPOLATION" type="name"></param>
          </accessor>
        </technique_common>
      </source>
      <source id="B_L_Clavicle_matrix-input" name="B_L_Clavicle_matrix-input">
        <float_array id="B_L_Clavicle_matrix-input-array" count="51"> 0 1 2 3 4 5 6 7 8 9 10 11 12 13 14 15 16 17 18 19 20 21 22 23 24 25 26 27 28 29 30 31 32 33 34 35 36 37 38 39 40 41 42 43 44 45 46 47 48 49 50 </float_array>
        <technique_common>
          <accessor count="51" offset="0" source="#B_L_Clavicle_matrix-input-array" stride="1">
            <param name="TIME" type="float" />
          </accessor>
        </technique_common>
      </source>
      <source id="B_L_Clavicle_matrix-output" name="B_L_Clavicle_matrix-output">
