<?xml version="1.0" encoding="UTF-8" standalone="no" ?>
<COLLADA xmlns="http://www.collada.org/2005/11/COLLADASchema" version="1.4.1">
  <asset>
    <contributor>
      <author>Assimp</author>
      <authoring_tool>FBX SDK/FBX Plugins version 2013.1</authoring_tool>
    </contributor>
    <created>2020-08-21T13:36:49</created>
    <modified>2020-08-21T13:36:49</modified>
    <unit name="meter" meter="1" />
    <up_axis>Y_UP</up_axis>
  </asset>
  <library_geometries>
  </library_geometries>
  <library_controllers>
  </library_controllers>
  <library_visual_scenes>
    <visual_scene id="RootNode" name="RootNode">
      <node id="Motion_aAssimpFbxa_Translation"  name="Motion_$AssimpFbx$_Translation" type="NODE">
        <matrix sid="matrix">1 0 0 9.92585e-07 0 1 0 0 0 0 1 -0.17328988 0 0 0 1</matrix>
        <node id="Motion_aAssimpFbxa_PreRotation"  name="Motion_$AssimpFbx$_PreRotation" type="NODE">
          <matrix sid="matrix">1 0 0 0 0 -4.3711388e-08 1 0 0 -1 -4.3711388e-08 0 0 0 0 1</matrix>
          <node id="Motion_aAssimpFbxa_Rotation"  name="Motion_$AssimpFbx$_Rotation" type="NODE">
            <matrix sid="matrix">1.3868001e-06 1 0 0 -1 1.3868001e-06 0 0 0 0 1 0 0 0 0 1</matrix>
            <node id="Motion_aAssimpFbxa_Scaling"  name="Motion_$AssimpFbx$_Scaling" type="NODE">
              <matrix sid="matrix">1 0 0 0 0 1 0 0 0 0 1 0 0 0 0 1</matrix>
              <node id="Motion"  name="Motion" type="NODE">
                <matrix sid="matrix">1 0 0 0 0 1 0 0 0 0 1 0 0 0 0 1</matrix>
                <node id="B_Pelvis"  name="B_Pelvis" type="NODE">
                  <matrix sid="matrix">-4.3711388e-08 0.60876256 0.79335248 0.17329331 0 -0.79335248 0.60876256 2.6999989 1 2.6609857e-08 3.4678539e-08 100.79866 0 0 0 1</matrix>
                  <node id="B_Spine"  name="B_Spine" type="NODE">
                    <matrix sid="matrix">0.99823147 0.047404028 -0.03587313 7.6762924 -0.037805334 0.97190607 0.23231289 -1.6268322 0.045877878 -0.23054582 0.97197938 0.0023480654 0 0 0 1</matrix>
                    <node id="B_Spine1"  name="B_Spine1" type="NODE">
                      <matrix sid="matrix">0.99970514 -0.024198713 0.0019994134 12.747765 0.024175951 0.99965024 0.010716196 -0.014275074 -0.0022580323 -0.0106647 0.99994057 0.00015163422 0 0 0 1</matrix>
                      <node id="B_Spine2"  name="B_Spine2" type="NODE">
                        <matrix sid="matrix">0.9988209 -0.048403598 0.0037315462 17.935448 0.048312008 0.99859816 0.021625778 -0.026444674 -0.0047730803 -0.02142 0.9997592 0.00054788589 0 0 0 1</matrix>
                        <node id="B_L_Clavicle"  name="B_L_Clavicle" type="NODE">
                          <matrix sid="matrix">-0.017590661 -0.00078421831 0.99984497 17.736862 -0.17375694 -0.98478115 -0.0038293824 0.073141098 0.98463148 -0.17379735 0.017186686 5.0180154 0 0 0 1</matrix>
                          <node id="B_L_UpperArm"  name="B_L_UpperArm" type="NODE">
                            <matrix sid="matrix">0.67658818 0.40229207 0.61675727 17.464664 -0.50647581 0.86222744 -0.0067964196 2.8610229e-06 -0.53451914 -0.30777422 0.7871241 0 0 0 0 1</matrix>
                            <node id="B_L_Forearm"  name="B_L_Forearm" type="NODE">
                              <matrix sid="matrix">-0.13640097 0.98478979 0.10762779 27.62817 -0.99065369 -0.13559355 -0.014819367 -3.8146973e-06 -3.2782563e-07 -0.10864324 0.99408078 -1.5258789e-05 0 0 0 1</matrix>
                              <node id="B_L_ForeArmTwist"  name="B_L_ForeArmTwist" type="NODE">
                                <matrix sid="matrix">1 5.0429115e-08 -3.2426604e-07 11.992641 -1.4901155e-08 0.99408078 0.10864369 -1.5258789e-05 3.2782543e-07 -0.10864369 0.99408078 1.5258789e-05 0 0 0 1</matrix>
                                <node id="B_L_Hand"  name="B_L_Hand" type="NODE">
                                  <matrix sid="matrix">0.96626526 -0.09560217 0.2391479 11.992645 -0.24727416 -0.084708586 0.96523571 7.6293945e-06 -0.072020747 -0.99180877 -0.10549091 -7.6293945e-06 0 0 0 1</matrix>
                                  <node id="B_L_Finger0"  name="B_L_Finger0" type="NODE">
                                    <matrix sid="matrix">0.80900651 0.13246357 0.57267952 1.4603348 0.15583251 0.89108139 -0.42625123 1.9355392 -0.5667668 0.43408212 0.70024854 -2.4376602 0 0 0 1</matrix>
                                    <node id="B_L_Finger01"  name="B_L_Finger01" type="NODE">
                                      <matrix sid="matrix">0.80299318 -0.59598827 1.2058758e-08 3.7140121 0.59598827 0.80299318 2.7507136e-08 -1.5258789e-05 -2.607703e-08 -1.4901163e-08 1 -2.2888184e-05 0 0 0 1</matrix>
                                      <node id="B_L_Finger02"  name="B_L_Finger02" type="NODE">
                                        <matrix sid="matrix">0.5521847 -0.83372182 -9.2086296e-08 5.5299349 0.83372182 0.5521847 4.3116884e-08 0 1.4901156e-08 -1.0058284e-07 1 2.6702881e-05 0 0 0 1</matrix>
                                      </node>
                                    </node>
                                  </node>
                                  <node id="B_L_Finger1"  name="B_L_Finger1" type="NODE">
                                    <matrix sid="matrix">0.27254894 -0.95552641 0.11263379 11.625465 0.92804092 0.23019093 -0.29283464 3.1205444 0.25388396 0.18434054 0.94950593 -3.0983582 0 0 0 1</matrix>
                                    <node id="B_L_Finger11"  name="B_L_Finger11" type="NODE">
                                      <matrix sid="matrix">-0.25881925 -0.96592575 1.6886432e-07 4.4568329 0.96592575 -0.25881925 6.0673919e-08 7.6293945e-06 -1.4901163e-08 1.7881398e-07 1 1.9073486e-05 0 0 0 1</matrix>
                                      <node id="B_L_Finger12"  name="B_L_Finger12" type="NODE">
                                        <matrix sid="matrix">0.57357568 -0.81915259 2.526734e-07 3.3311539 0.81915259 0.57357568 -1.587325e-07 -1.5258789e-05 -1.4901159e-08 2.9802317e-07 1 -2.2888184e-05 0 0 0 1</matrix>
                                      </node>
                                    </node>
                                  </node>
                                  <node id="B_L_Finger2"  name="B_L_Finger2" type="NODE">
                                    <matrix sid="matrix">0.25808468 -0.96503466 0.0458293 11.814079 0.96096504 0.25152317 -0.11524842 2.4381027 0.099691592 0.073784202 0.99227887 0.83571625 0 0 0 1</matrix>
                                    <node id="B_L_Finger21"  name="B_L_Finger21" type="NODE">
                                      <matrix sid="matrix">-0.62068582 -0.78405941 3.2177721e-07 5.1996384 0.78405941 -0.62068582 1.2169289e-07 2.2888184e-05 1.0430809e-07 3.2782549e-07 1 7.6293945e-06 0 0 0 1</matrix>
                                      <node id="B_L_Finger22"  name="B_L_Finger22" type="NODE">
                                        <matrix sid="matrix">0.44828629 -0.89389002 1.1999995e-07 5.199625 0.89389002 0.44828629 3.9840081e-08 0 -8.9406988e-08 8.9406996e-08 1 3.8146973e-06 0 0 0 1</matrix>
                                      </node>
                                    </node>
                                  </node>
                                  <node id="B_L_Finger3"  name="B_L_Finger3" type="NODE">
                                    <matrix sid="matrix">0.13847044 -0.99036652 0.00029712808 11.814064 0.99036658 0.13847046 5.9385591e-05 1.9342499 -9.9956967e-05 0.00028604257 0.99999994 4.6002464 0 0 0 1</matrix>
                                    <node id="B_L_Finger31"  name="B_L_Finger31" type="NODE">
                                      <matrix sid="matrix">-0.058766864 -0.99827176 -1.0044769e-06 4.4568024 0.99827176 -0.058766864 -1.1935811e-06 1.5258789e-05 1.1324883e-06 -1.0728838e-06 1 0 0 0 0 1</matrix>
                                      <node id="B_L_Finger32"  name="B_L_Finger32" type="NODE">
                                        <matrix sid="matrix">-0.058766745 -0.99827176 -1.8829912e-06 4.4567719 0.99827176 -0.058766745 -1.4841288e-06 -1.5258789e-05 1.3709065e-06 -1.9669544e-06 1 3.8146973e-06 0 0 0 1</matrix>
                                      </node>
                                    </node>
                                  </node>
                                  <node id="B_L_Finger4"  name="B_L_Finger4" type="NODE">
                                    <matrix sid="matrix">0.14714384 -0.98122936 -0.12464997 11.857201 0.98368686 0.15835436 -0.085346922 4.052887 0.10348377 -0.11005827 0.9885233 6.5145264 0 0 0 1</matrix>
                                    <node id="B_L_Finger41"  name="B_L_Finger41" type="NODE">
                                      <matrix sid="matrix">-0.18123169 -0.9834404 -2.1288943e-06 3.327652 0.9834404 -0.18123169 -3.7409282e-06 1.5258789e-05 3.2931569e-06 -2.7716153e-06 1 1.9073486e-05 0 0 0 1</matrix>
                                      <node id="B_L_Finger42"  name="B_L_Finger42" type="NODE">
                                        <matrix sid="matrix">0.0019772795 -0.99999803 -2.3013736e-06 3.327652 0.99999803 0.0019772795 -3.3333165e-06 -1.5258789e-05 3.3378606e-06 -2.2947781e-06 1 -2.2888184e-05 0 0 0 1</matrix>
                                      </node>
                                    </node>
                                  </node>
                                </node>
                              </node>
                            </node>
                          </node>
                        </node>
                        <node id="B_R_Clavicle"  name="B_R_Clavicle" type="NODE">
                          <matrix sid="matrix">-0.10452852 -0.00079657673 -0.9945215 17.736847 0.00023397958 -0.99999964 0.00077637204 0.074662209 -0.99452186 -0.00015154471 0.10452867 -5.0179634 0 0 0 1</matrix>
                          <node id="B_R_UpperArm"  name="B_R_UpperArm" type="NODE">
                            <matrix sid="matrix">0.65678835 0.18435103 -0.73119336 17.464649 -0.58112282 0.74166948 -0.33499652 1.1444092e-05 0.48054683 0.64493495 0.59425044 1.5258789e-05 0 0 0 1</matrix>
                            <node id="B_R_Forearm"  name="B_R_Forearm" type="NODE">
                              <matrix sid="matrix">0.1257856 0.99193633 -0.0154998 27.628185 -0.99205744 0.12577026 -0.0019650506 -7.6293945e-06 2.0861627e-07 0.015623867 0.99987793 0 0 0 0 1</matrix>
                              <node id="B_R_ForeArmTwist"  name="B_R_ForeArmTwist" type="NODE">
                                <matrix sid="matrix">1 8.8930427e-08 -3.1195558e-08 11.99263 -8.9406967e-08 0.99987793 -0.01562378 -1.1444092e-05 2.9802322e-08 0.01562378 0.99987793 -7.6293945e-06 0 0 0 1</matrix>
                                <node id="B_R_Hand"  name="B_R_Hand" type="NODE">
                                  <matrix sid="matrix">0.86458033 -0.066815905 -0.49803269 11.992661 -0.49769533 0.022792347 -0.86705244 0 0.069284223 0.99750501 -0.013548149 -1.5258789e-05 0 0 0 1</matrix>
                                  <node id="B_R_Finger0"  name="B_R_Finger0" type="NODE">
                                    <matrix sid="matrix">0.80900663 0.13246375 -0.57267934 1.4603119 0.15583239 0.89108133 0.42625153 1.9355469 0.56676674 -0.43408227 0.70024854 2.4376602 0 0 0 1</matrix>
                                    <node id="B_R_Finger01"  name="B_R_Finger01" type="NODE">
                                      <matrix sid="matrix">0.80299312 -0.59598833 -4.2309819e-07 3.714035 0.59598833 0.80299312 1.9999362e-08 -1.5258789e-05 3.2782555e-07 -2.6822093e-07 1 0 0 0 0 1</matrix>
                                      <node id="B_R_Finger02"  name="B_R_Finger02" type="NODE">
                                        <matrix sid="matrix">0.5521847 -0.83372182 1.9877467e-07 5.5299377 0.83372182 0.5521847 -1.3165103e-07 0 0 2.3841847e-07 1 2.2888184e-05 0 0 0 1</matrix>
                                      </node>
                                    </node>
                                  </node>
                                  <node id="B_R_Finger1"  name="B_R_Finger1" type="NODE">
                                    <matrix sid="matrix">0.27254847 -0.95552653 -0.11263389 11.625458 0.92804098 0.23019038 0.29283491 3.1205521 -0.25388429 -0.18434058 0.94950587 3.0983505 0 0 0 1</matrix>
                                    <node id="B_R_Finger11"  name="B_R_Finger11" type="NODE">
                                      <matrix sid="matrix">-0.25881937 -0.96592575 -9.9363561e-08 4.4568214 0.96592575 -0.25881937 -3.5784094e-08 1.5258789e-05 8.8475636e-09 -1.0523944e-07 1 7.6293945e-06 0 0 0 1</matrix>
                                      <node id="B_R_Finger12"  name="B_R_Finger12" type="NODE">
                                        <matrix sid="matrix">0.57357585 -0.81915247 2.1611908e-07 3.3311462 0.81915247 0.57357585 1.2679465e-07 -7.6293945e-06 -2.2782483e-07 1.0430812e-07 1 -1.1444092e-05 0 0 0 1</matrix>
                                      </node>
                                    </node>
                                  </node>
                                  <node id="B_R_Finger2"  name="B_R_Finger2" type="NODE">
                                    <matrix sid="matrix">0.25808457 -0.96503472 -0.045829333 11.814056 0.96096516 0.25152308 0.11524829 2.4381104 -0.099691473 -0.073784202 0.99227893 -0.83572006 0 0 0 1</matrix>
                                    <node id="B_R_Finger21"  name="B_R_Finger21" type="NODE">
                                      <matrix sid="matrix">-0.62068564 -0.78405952 -6.1095889e-08 5.1996002 0.78405952 -0.62068564 -1.1488338e-07 1.5258789e-05 5.2154068e-08 -1.1920928e-07 1 -3.0517578e-05 0 0 0 1</matrix>
                                      <node id="B_R_Finger22"  name="B_R_Finger22" type="NODE">
                                        <matrix sid="matrix">0.44828618 -0.89389008 -1.9999986e-08 5.1996002 0.89389008 0.44828618 -6.6400174e-09 0 1.4901163e-08 -1.4901161e-08 1 2.6702881e-05 0 0 0 1</matrix>
                                      </node>
                                    </node>
                                  </node>
                                  <node id="B_R_Finger3"  name="B_R_Finger3" type="NODE">
                                    <matrix sid="matrix">0.1384702 -0.99036652 -0.00029824051 11.814056 0.99036658 0.13847022 -5.9485912e-05 1.9342651 0.00010021029 -0.00028713042 0.99999994 -4.6002502 0 0 0 1</matrix>
                                    <node id="B_R_Finger31"  name="B_R_Finger31" type="NODE">
                                      <matrix sid="matrix">-0.058766745 -0.99827176 9.63262e-09 4.4567947 0.99827176 -0.058766745 -1.6362949e-07 1.5258789e-05 1.6391277e-07 0 1 -3.8146973e-06 0 0 0 1</matrix>
                                      <node id="B_R_Finger32"  name="B_R_Finger32" type="NODE">
                                        <matrix sid="matrix">-0.058766864 -0.99827176 6.3352388e-07 4.4568176 0.99827176 -0.058766864 -1.1197493e-07 7.6293945e-06 1.4901161e-07 6.2584854e-07 1 -7.6293945e-06 0 0 0 1</matrix>
                                      </node>
                                    </node>
                                  </node>
                                  <node id="B_R_Finger4"  name="B_R_Finger4" type="NODE">
                                    <matrix sid="matrix">0.14714384 -0.98122966 0.12464785 11.857224 0.98368686 0.15835416 0.085347071 4.0529175 -0.10348359 0.11005615 0.98852354 -6.5145645 0 0 0 1</matrix>
                                    <node id="B_R_Finger41"  name="B_R_Finger41" type="NODE">
                                      <matrix sid="matrix">-0.18123135 -0.98344052 2.6989409e-07 3.3276672 0.98344052 -0.18123135 8.3764462e-07 3.0517578e-05 -7.7486033e-07 4.172322e-07 1 3.0517578e-05 0 0 0 1</matrix>
                                      <node id="B_R_Finger42"  name="B_R_Finger42" type="NODE">
                                        <matrix sid="matrix">0.0019766835 -0.99999803 3.1419023e-07 3.3277283 0.99999803 0.0019766835 6.4013017e-07 3.0517578e-05 -6.4074999e-07 3.129243e-07 1 -7.6293945e-06 0 0 0 1</matrix>
                                      </node>
                                    </node>
                                  </node>
                                </node>
                              </node>
                            </node>
                          </node>
                        </node>
                        <node id="B_Neck"  name="B_Neck" type="NODE">
                          <matrix sid="matrix">0.9745459 -0.20556864 -0.089452863 27.039749 0.20928556 0.97725385 0.034271043 1.1282334 0.080373101 -0.0521199 0.99540126 0.00061249733 0 0 0 1</matrix>
                          <node id="B_Head"  name="B_Head" type="NODE">
                            <matrix sid="matrix">0.98408651 0.17358989 -0.037950233 10.019318 -0.16961534 0.85404325 -0.49177304 1.4083176 -0.052955691 0.49038416 0.86989599 1.9073486e-06 0 0 0 1</matrix>
                          </node>
                        </node>
                      </node>
                    </node>
                  </node>
                  <node id="B_L_Thigh"  name="B_L_Thigh" type="NODE">
                    <matrix sid="matrix">-0.88179487 0.28008282 -0.37946212 0 0.35161787 0.92662722 -0.13314226 1.7642975e-05 0.31432906 -0.25082982 -0.91557723 11.161455 0 0 0 1</matrix>
                    <node id="B_L_Calf"  name="B_L_Calf" type="NODE">
                      <matrix sid="matrix">0.8746354 0.48478135 4.3496152e-07 50.282757 -0.48478135 0.8746354 8.0388936e-06 1.9073486e-06 3.5166731e-06 -7.2419621e-06 1 3.8146973e-06 0 0 0 1</matrix>
                      <node id="B_L_Foot"  name="B_L_Foot" type="NODE">
                        <matrix sid="matrix">0.90702915 -0.23339401 -0.35046446 39.72813 0.18250607 0.96798998 -0.17229918 -6.4373016e-06 0.37945965 0.092318483 0.92059094 -3.8146973e-06 0 0 0 1</matrix>
                        <node id="B_L_Toe0"  name="B_L_Toe0" type="NODE">
                          <matrix sid="matrix">-4.3711388e-08 -1 -5.652916e-08 18.214443 1 -4.3711388e-08 -2.4709681e-15 14.545955 0 -5.652916e-08 1 0.020652771 0 0 0 1</matrix>
                        </node>
                      </node>
                    </node>
                  </node>
                  <node id="B_R_Thigh"  name="B_R_Thigh" type="NODE">
                    <matrix sid="matrix">-0.87342453 0.42952573 0.22942793 0 0.18169011 0.72456956 -0.66482162 -1.2397766e-05 -0.45179448 -0.53898668 -0.71089733 -11.161448 0 0 0 1</matrix>
                    <node id="B_R_Calf"  name="B_R_Calf" type="NODE">
                      <matrix sid="matrix">0.69287807 0.72105479 -2.3876282e-08 50.282749 -0.72105479 0.69287807 -4.9000673e-06 0 -3.5166734e-06 3.412365e-06 1 0 0 0 0 1</matrix>
                      <node id="B_R_Foot"  name="B_R_Foot" type="NODE">
                        <matrix sid="matrix">0.91488838 -0.31722802 0.24969116 39.728134 0.33217838 0.94302446 -0.019032799 0 -0.22942716 0.10035489 0.96813846 5.7220459e-06 0 0 0 1</matrix>
                        <node id="B_R_Toe0"  name="B_R_Toe0" type="NODE">
                          <matrix sid="matrix">4.3312576e-07 -1 4.494029e-07 18.214439 1 4.3312554e-07 -4.7683733e-07 14.545956 4.7683716e-07 4.494031e-07 1 -0.020650864 0 0 0 1</matrix>
                        </node>
                      </node>
                    </node>
                  </node>
                </node>
              </node>
            </node>
          </node>
        </node>
      </node>
      <node id="Exporter_aAssimpFbxa_PreRotation"  name="Exporter_$AssimpFbx$_PreRotation" type="NODE">
        <matrix sid="matrix">1 0 0 0 0 -4.3711388e-08 1 0 0 -1 -4.3711388e-08 0 0 0 0 1</matrix>
        <node id="Exporter"  name="Exporter" type="NODE">
          <matrix sid="matrix">1 0 0 0 0 1 0 0 0 0 1 0 0 0 0 1</matrix>
        </node>
      </node>
    </visual_scene>
  </library_visual_scenes>
  <library_animations>
    <animation id="TakeW001AnimId0" name="Take 001">
      <source id="B_Head_matrix-input" name="B_Head_matrix-input">
        <float_array id="B_Head_matrix-input-array" count="61"> 0 1 2 3 4 5 6 7 8 9 10 11 12 13 14 15 16 17 18 19 20 21 22 23 24 25 26 27 28 29 30 31 32 33 34 35 36 37 38 39 40 41 42 43 44 45 46 47 48 49 50 51 52 53 54 55 56 57 58 59 60 </float_array>
        <technique_common>
          <accessor count="61" offset="0" source="#B_Head_matrix-input-array" stride="1">
            <param name="TIME" type="float" />
          </accessor>
        </technique_common>
      </source>
      <source id="B_Head_matrix-output" name="B_Head_matrix-output">
        <float_array id="B_Head_matrix-output-array" count="976"> 0.98408645 0.17358987 -0.037950233 10.019318 -0.16961531 0.85404319 -0.49177313 1.4083176 -0.052955676 0.49038419 0.86989611 1.9073486e-06 0 0 0 1 0.98228312 0.18615095 -0.021626534 10.019302 -0.17902765 0.89800018 -0.4019267 1.4083138 -0.05539839 0.39867753 0.9154166 0 0 0 0 1 0.97903019 0.20352279 0.0088675516 10.019287 -0.19550775 0.95092392 -0.23983422 1.4083138 -0.057244096 0.23307121 0.97077346 0 0 0 0 1 0.9755922 0.21520114 0.043683123 10.019318 -0.21129063 0.97413212 -0.080141865 1.4083099 -0.059799757 0.06895595 0.99582577 0 0 0 0 1 0.97346789 0.2190498 0.066162184 10.019302 -0.21906202 0.97568452 -0.0071598454 1.4083214 -0.066121794 -0.0075237397 0.99778312 0 0 0 0 1 0.9743824 0.21326669 0.071386963 10.019302 -0.21096873 0.97673815 -0.03840274 1.4083099 -0.077916399 0.022358542 0.99670905 0 0 0 0 1 0.97779459 0.19769756 0.069521777 10.019302 -0.18850859 0.97466916 -0.12035138 1.4083138 -0.091553919 0.10457349 0.99029392 0 0 0 0 1 0.98201543 0.17759606 0.06407164 10.019302 -0.15893507 0.96079344 -0.22719027 1.4083138 -0.1019077 0.21292107 0.97174054 -9.5367432e-07 0 0 0 1 0.98561794 0.15856931 0.058421023 10.019318 -0.13051668 0.93389308 -0.33288005 1.4083138 -0.10734352 0.32046759 0.94115788 -1.9073486e-06 0 0 0 1 0.98759371 0.14713344 0.05486751 10.019302 -0.11164847 0.90361953 -0.41352913 1.4083138 -0.11042333 0.40227294 0.90883613 -1.9073486e-06 0 0 0 1 0.98715276 0.15005092 0.054901049 10.019302 -0.10987867 0.8869819 -0.44854182 1.4083138 -0.11600037 0.43674687 0.89207399 9.5367432e-07 0 0 0 1 0.98250294 0.17364001 0.06736128 10.019302 -0.13089575 0.90105104 -0.4134891 1.4083138 -0.13249424 0.39743677 0.90801406 -9.5367432e-07 0 0 0 1 0.97373229 0.20731254 0.094163164 10.019318 -0.16813356 0.9335283 -0.31663194 1.4083138 -0.15354577 0.29248276 0.94386297 -1.9073486e-06 0 0 0 1 0.96401471 0.23466602 0.12493106 10.019302 -0.20882559 0.95923591 -0.19041757 1.4083157 -0.16452287 0.15747656 0.97372133 0 0 0 0 1 0.95678025 0.24951562 0.14937687 10.019318 -0.2405594 0.96768689 -0.075584553 1.4083138 -0.16340959 0.036383796 0.98588717 0 0 0 0 1 0.95349008 0.25462002 0.16132458 10.019302 -0.25523117 0.96672595 -0.017277919 1.4083138 -0.16035593 -0.024700737 0.98675013 0 0 0 0 1 0.95231187 0.25623679 0.1656647 10.019318 -0.25929216 0.96579343 -0.003288293 1.4083118 -0.16084047 -0.039824087 0.98617661 0 0 0 0 1 0.95126122 0.25754875 0.16961886 10.019318 -0.26272073 0.96483541 0.0083949277 1.4083138 -0.16149215 -0.052548159 0.98547411 -3.8146973e-06 0 0 0 1 0.95032245 0.2586104 0.17322747 10.019333 -0.26557627 0.96392339 0.017909965 1.4083118 -0.1623463 -0.063025348 0.98471898 -3.8146973e-06 0 0 0 1 0.9494819 0.25946599 0.17652614 10.019318 -0.26791185 0.9631086 0.025398539 1.4083157 -0.16342378 -0.07140889 0.98396832 0 0 0 0 1 0.94872797 0.26015162 0.17954549 10.019318 -0.26977491 0.96242428 0.031004891 1.4083157 -0.1647329 -0.077852055 0.98326123 0 0 0 0 1 0.94805062 0.26069644 0.182312 10.019302 -0.27120829 0.96188867 0.034875195 1.4083157 -0.166272 -0.082507953 0.98262215 3.8146973e-06 0 0 0 1 0.94744134 0.26112422 0.18484837 10.019318 -0.27225062 0.96150863 0.03715647 1.4083118 -0.16803084 -0.085528657 0.98206443 0 0 0 0 1 0.94689357 0.26145381 0.1871748 10.019302 -0.27293739 0.96128112 0.037997048 1.4083157 -0.16999313 -0.087066174 0.9815914 0 0 0 0 1 0.94640106 0.26170075 0.18930873 10.019302 -0.2733019 0.96119529 0.037545476 1.4083138 -0.17213702 -0.087271526 0.98119932 3.8146973e-06 0 0 0 1 0.9459585 0.26187778 0.19126628 10.019302 -0.27337602 0.96123523 0.035950731 1.4083138 -0.1744372 -0.0862955 0.9808796 0 0 0 0 1 0.94556105 0.26199532 0.19306225 10.019318 -0.27319062 0.96138132 0.03336234 1.4083138 -0.17686565 -0.084288917 0.98061913 0 0 0 0 1 0.94520408 0.26206255 0.19471116 10.019318 -0.27277717 0.96161151 0.029929893 1.4083099 -0.17939301 -0.081402615 0.9804039 0 0 0 0 1 0.9448837 0.26208749 0.19622754 10.019318 -0.27216718 0.96190405 0.025803301 1.4083176 -0.1819893 -0.077787802 0.98021907 0 0 0 0 1 0.9445948 0.2620776 0.19762592 10.019302 -0.27139354 0.96223658 0.02113259 1.4083118 -0.18462445 -0.073596127 0.98004985 3.8146973e-06 0 0 0 1 0.94433302 0.26204023 0.19892196 10.019318 -0.27049053 0.96258855 0.016067792 1.4083118 -0.18726954 -0.068979844 0.97988373 -3.8146973e-06 0 0 0 1 0.94409341 0.26198307 0.20013195 10.019318 -0.26949427 0.962942 0.010759007 1.4083157 -0.18989679 -0.064091913 0.97970986 0 0 0 0 1 0.94386965 0.26191387 0.20127322 10.019318 -0.26844245 0.96328062 0.0053562182 1.4083138 -0.19247976 -0.059085846 0.97952044 3.8146973e-06 0 0 0 1 0.94365674 0.26184157 0.20236455 10.019318 -0.26737529 0.96359259 9.0692201e-06 1.4083138 -0.1949946 -0.054115832 0.97931039 -3.8146973e-06 0 0 0 1 0.94344705 0.26177499 0.2034252 10.019318 -0.26633415 0.96386719 -0.0051328274 1.4083138 -0.1974185 -0.049336515 0.97907728 -3.8146973e-06 0 0 0 1 0.94323397 0.26172397 0.20447595 10.019333 -0.26536268 0.96409762 -0.0099201575 1.4083138 -0.19973116 -0.044903249 0.97882134 -3.8146973e-06 0 0 0 1 0.94300979 0.26169887 0.2055382 10.019318 -0.26450562 0.96427929 -0.01420392 1.4083138 -0.20191343 -0.04097157 0.9785459 0 0 0 0 1 0.94276732 0.26171061 0.20663434 10.019302 -0.26380956 0.96441001 -0.017835276 1.4083176 -0.20394792 -0.037697587 0.97825581 3.8146973e-06 0 0 0 1 0.94249761 0.26176983 0.20778674 10.019302 -0.26332119 0.96448696 -0.020665674 1.4083157 -0.20581722 -0.035237294 0.97795606 -3.8146973e-06 0 0 0 1 0.94219273 0.26188672 0.20901781 10.019302 -0.26308778 0.96450841 -0.022546401 1.4083157 -0.20750406 -0.033746973 0.97765189 0 0 0 0 1 0.94184494 0.26207083 0.21034984 10.019318 -0.26315638 0.96447122 -0.023328707 1.4083118 -0.20899011 -0.033382889 0.97734779 -3.8146973e-06 0 0 0 1 0.94154334 0.26224947 0.21147522 10.019318 -0.26334706 0.96441537 -0.023477465 1.4083157 -0.21010701 -0.033586327 0.97710121 7.6293945e-06 0 0 0 1 0.94136727 0.26235339 0.21212821 10.019318 -0.26345783 0.96438318 -0.023563987 1.4083118 -0.2107549 -0.033704467 0.97695798 0 0 0 0 1 0.94129622 0.26239538 0.21239202 10.019318 -0.26350266 0.96437013 -0.023598958 1.4083176 -0.21101673 -0.033752237 0.97689968 3.8146973e-06 0 0 0 1 0.94130743 0.26238871 0.21235034 10.019318 -0.26349556 0.96437198 -0.023593448 1.4083118 -0.21097538 -0.03374467 0.97690886 -3.8146973e-06 0 0 0 1 0.94137853 0.2623468 0.21208642 10.019302 -0.26345077 0.96438527 -0.023558469 1.4083176 -0.21071351 -0.033696901 0.97696686 0 0 0 0 1 0.94148719 0.2622827 0.2116836 10.019302 -0.26338241 0.96440524 -0.023505054 1.4083138 -0.21031371 -0.033624027 0.97705567 3.8146973e-06 0 0 0 1 0.9416104 0.26220983 0.2112253 10.019302 -0.26330468 0.96442807 -0.023444368 1.4083138 -0.20985888 -0.033541143 0.97715646 0 0 0 0 1 0.94172609 0.26214144 0.21079451 10.019302 -0.26323175 0.96444923 -0.023387419 1.4083157 -0.20943139 -0.033463258 0.9772507 3.8146973e-06 0 0 0 1 0.94181144 0.26209065 0.21047486 10.019318 -0.26317757 0.96446502 -0.023345189 1.4083157 -0.20911421 -0.033405501 0.97732037 -3.8146973e-06 0 0 0 1 0.94184494 0.26207083 0.21034984 10.019318 -0.26315638 0.96447122 -0.023328707 1.4083118 -0.20899011 -0.033382889 0.97734779 -3.8146973e-06 0 0 0 1 0.94184494 0.26207083 0.21034984 10.019318 -0.26315638 0.96447122 -0.023328707 1.4083118 -0.20899011 -0.033382889 0.97734779 -3.8146973e-06 0 0 0 1 0.94184494 0.26207083 0.21034984 10.019318 -0.26315638 0.96447122 -0.023328707 1.4083118 -0.20899011 -0.033382889 0.97734779 -3.8146973e-06 0 0 0 1 0.94184494 0.26207083 0.21034984 10.019318 -0.26315638 0.96447122 -0.023328707 1.4083118 -0.20899011 -0.033382889 0.97734779 -3.8146973e-06 0 0 0 1 0.94184494 0.26207083 0.21034984 10.019318 -0.26315638 0.96447122 -0.023328707 1.4083118 -0.20899011 -0.033382889 0.97734779 -3.8146973e-06 0 0 0 1 0.94184494 0.26207083 0.21034984 10.019318 -0.26315638 0.96447122 -0.023328707 1.4083118 -0.20899011 -0.033382889 0.97734779 -3.8146973e-06 0 0 0 1 0.94184494 0.26207083 0.21034984 10.019318 -0.26315638 0.96447122 -0.023328707 1.4083118 -0.20899011 -0.033382889 0.97734779 -3.8146973e-06 0 0 0 1 0.94184494 0.26207083 0.21034984 10.019318 -0.26315638 0.96447122 -0.023328707 1.4083118 -0.20899011 -0.033382889 0.97734779 -3.8146973e-06 0 0 0 1 0.94184494 0.26207083 0.21034984 10.019318 -0.26315638 0.96447122 -0.023328707 1.4083118 -0.20899011 -0.033382889 0.97734779 -3.8146973e-06 0 0 0 1 0.94184494 0.26207083 0.21034984 10.019318 -0.26315638 0.96447122 -0.023328707 1.4083118 -0.20899011 -0.033382889 0.97734779 -3.8146973e-06 0 0 0 1 0.94184494 0.26207083 0.21034984 10.019318 -0.26315638 0.96447122 -0.023328707 1.4083118 -0.20899011 -0.033382889 0.97734779 -3.8146973e-06 0 0 0 1 </float_array>
        <technique_common>
          <accessor count="61" offset="0" source="#B_Head_matrix-output-array" stride="16">
            <param name="TRANSFORM" type="float4x4" />
          </accessor>
        </technique_common>
      </source>
      <source id="B_Head_matrix-interpolation">
        <Name_array id="B_Head_matrix-interpolation-array" count="61"> LINEAR LINEAR LINEAR LINEAR LINEAR LINEAR LINEAR LINEAR LINEAR LINEAR LINEAR LINEAR LINEAR LINEAR LINEAR LINEAR LINEAR LINEAR LINEAR LINEAR LINEAR LINEAR LINEAR LINEAR LINEAR LINEAR LINEAR LINEAR LINEAR LINEAR LINEAR LINEAR LINEAR LINEAR LINEAR LINEAR LINEAR LINEAR LINEAR LINEAR LINEAR LINEAR LINEAR LINEAR LINEAR LINEAR LINEAR LINEAR LINEAR LINEAR LINEAR LINEAR LINEAR LINEAR LINEAR LINEAR LINEAR LINEAR LINEAR LINEAR LINEAR </Name_array>
        <technique_common>
          <accessor source="#B_Head_matrix-interpolation-array" count="61" stride="1">
            <param name="INTERPOLATION" type="name"></param>
          </accessor>
        </technique_common>
      </source>
      <source id="B_L_Calf_matrix-input" name="B_L_Calf_matrix-input">
        <float_array id="B_L_Calf_matrix-input-array" count="61"> 0 1 2 3 4 5 6 7 8 9 10 11 12 13 14 15 16 17 18 19 20 21 22 23 24 25 26 27 28 29 30 31 32 33 34 35 36 37 38 39 40 41 42 43 44 45 46 47 48 49 50 51 52 53 54 55 56 57 58 59 60 </float_array>
        <technique_common>
          <accessor count="61" offset="0" source="#B_L_Calf_matrix-input-array" stride="1">
            <param name="TIME" type="float" />
          </accessor>
        </technique_common>
      </source>
      <source id="B_L_Calf_matrix-output" name="B_L_Calf_matrix-output">
