<?xml version="1.0" encoding="UTF-8" standalone="no" ?>
<COLLADA xmlns="http://www.collada.org/2005/11/COLLADASchema" version="1.4.1">
  <asset>
    <contributor>
      <author>Assimp</author>
      <authoring_tool>FBX SDK/FBX Plugins version 2013.1</authoring_tool>
    </contributor>
    <created>2020-08-21T10:31:36</created>
    <modified>2020-08-21T10:31:36</modified>
    <unit name="meter" meter="1" />
    <up_axis>Y_UP</up_axis>
  </asset>
  <library_geometries>
  </library_geometries>
  <library_controllers>
  </library_controllers>
  <library_visual_scenes>
    <visual_scene id="RootNode" name="RootNode">
      <node id="Motion_aAssimpFbxa_Translation"  name="Motion_$AssimpFbx$_Translation" type="NODE">
        <matrix sid="matrix">1 0 0 9.92585e-07 0 1 0 0 0 0 1 -0.17328988 0 0 0 1</matrix>
        <node id="Motion_aAssimpFbxa_PreRotation"  name="Motion_$AssimpFbx$_PreRotation" type="NODE">
          <matrix sid="matrix">1 0 0 0 0 -4.3711388e-08 1 0 0 -1 -4.3711388e-08 0 0 0 0 1</matrix>
          <node id="Motion_aAssimpFbxa_Rotation"  name="Motion_$AssimpFbx$_Rotation" type="NODE">
            <matrix sid="matrix">1.3868001e-06 1 0 0 -1 1.3868001e-06 0 0 0 0 1 0 0 0 0 1</matrix>
            <node id="Motion_aAssimpFbxa_Scaling"  name="Motion_$AssimpFbx$_Scaling" type="NODE">
              <matrix sid="matrix">1 0 0 0 0 1 0 0 0 0 1 0 0 0 0 1</matrix>
              <node id="Motion"  name="Motion" type="NODE">
                <matrix sid="matrix">1 0 0 0 0 1 0 0 0 0 1 0 0 0 0 1</matrix>
                <node id="B_Pelvis"  name="B_Pelvis" type="NODE">
                  <matrix sid="matrix">-4.3711388e-08 0.47715977 0.87881655 -2.3134315 0 -0.87881655 0.47715977 2.700002 1 2.0857316e-08 3.8414292e-08 300.16498 0 0 0 1</matrix>
                  <node id="B_Spine"  name="B_Spine" type="NODE">
                    <matrix sid="matrix">0.98459834 -0.1711117 -0.03587354 7.712616 0.17474744 0.95681453 0.23231293 -1.6224859 -0.0054271352 -0.23500374 0.97197932 0.010120273 0 0 0 1</matrix>
                    <node id="B_Spine1"  name="B_Spine1" type="NODE">
                      <matrix sid="matrix">0.97044426 -0.24131705 0.0019990136 12.750854 0.24128288 0.97039562 0.010716082 -0.013858795 -0.0045258072 -0.0099170329 0.99994057 0.00014209747 0 0 0 1</matrix>
                      <node id="B_Spine2"  name="B_Spine2" type="NODE">
                        <matrix sid="matrix">0.96431035 -0.26474878 0.0036987704 17.941193 0.2646116 0.96411264 0.021620542 -0.025543213 -0.0092900442 -0.019870175 0.99975938 0.00050544739 0 0 0 1</matrix>
                        <node id="B_L_Clavicle"  name="B_L_Clavicle" type="NODE">
                          <matrix sid="matrix">-0.017590661 -0.0007840991 0.99984497 17.736847 -0.17375694 -0.98478115 -0.0038292632 0.073135376 0.98463148 -0.17379735 0.017186707 5.0180178 0 0 0 1</matrix>
                          <node id="B_L_UpperArm"  name="B_L_UpperArm" type="NODE">
                            <matrix sid="matrix">0.53182667 0.33801353 0.77647102 17.464664 -0.51032037 0.85963011 -0.024681658 1.5258789e-05 -0.67582059 -0.38312259 0.62966943 0 0 0 0 1</matrix>
                            <node id="B_L_Forearm"  name="B_L_Forearm" type="NODE">
                              <matrix sid="matrix">0.55757761 0.82652205 0.077255718 27.628174 -0.8301248 0.55515772 0.051890809 1.5258789e-05 -2.0861627e-07 -0.093065038 0.99566001 -3.0517578e-05 0 0 0 1</matrix>
                              <node id="B_L_ForeArmTwist"  name="B_L_ForeArmTwist" type="NODE">
                                <matrix sid="matrix">1 -3.1610284e-08 -3.0227685e-07 11.99263 5.9604631e-08 0.99566001 0.09306547 -1.5258789e-05 2.9802314e-07 -0.09306547 0.99566001 1.5258789e-05 0 0 0 1</matrix>
                                <node id="B_L_Hand"  name="B_L_Hand" type="NODE">
                                  <matrix sid="matrix">0.96226168 -0.26206899 0.073295832 11.992645 -0.09486834 -0.070617817 0.99298197 1.5258789e-05 -0.25505379 -0.96246195 -0.09281487 0 0 0 0 1</matrix>
                                  <node id="B_L_Finger0"  name="B_L_Finger0" type="NODE">
                                    <matrix sid="matrix">0.80900651 0.13246371 0.5726794 1.4603119 0.15583245 0.89108133 -0.42625141 1.9355469 -0.5667668 0.43408224 0.70024848 -2.4376831 0 0 0 1</matrix>
                                    <node id="B_L_Finger01"  name="B_L_Finger01" type="NODE">
                                      <matrix sid="matrix">0.80299318 -0.59598821 -5.4031339e-08 3.7140083 0.59598821 0.80299318 -7.7216555e-08 3.0517578e-05 8.9406953e-08 2.9802322e-08 1 -1.5258789e-05 0 0 0 1</matrix>
                                      <node id="B_L_Finger02"  name="B_L_Finger02" type="NODE">
                                        <matrix sid="matrix">0.55218476 -0.83372176 2.855527e-08 5.5299225 0.83372176 0.55218476 1.2407193e-07 -1.5258789e-05 -1.1920927e-07 -4.4703484e-08 1 -1.5258789e-05 0 0 0 1</matrix>
                                      </node>
                                    </node>
                                  </node>
                                  <node id="B_L_Finger1"  name="B_L_Finger1" type="NODE">
                                    <matrix sid="matrix">0.27254894 -0.95552641 0.11263387 11.625443 0.92804092 0.23019092 -0.29283464 3.1205444 0.25388393 0.18434063 0.94950593 -3.0983582 0 0 0 1</matrix>
                                    <node id="B_L_Finger11"  name="B_L_Finger11" type="NODE">
                                      <matrix sid="matrix">-0.25881925 -0.96592575 1.5164761e-07 4.4568176 0.96592575 -0.25881925 9.7802495e-09 7.6293945e-06 2.9802326e-08 1.4901165e-07 1 0 0 0 0 1</matrix>
                                      <node id="B_L_Finger12"  name="B_L_Finger12" type="NODE">
                                        <matrix sid="matrix">0.57357568 -0.81915259 4.858469e-07 3.3311768 0.81915259 0.57357568 -8.5519744e-08 -1.5258789e-05 -2.0861623e-07 4.4703478e-07 1 -3.0517578e-05 0 0 0 1</matrix>
                                      </node>
                                    </node>
                                  </node>
                                  <node id="B_L_Finger2"  name="B_L_Finger2" type="NODE">
                                    <matrix sid="matrix">0.25808468 -0.96503472 0.045829196 11.814072 0.96096504 0.2515232 -0.11524847 2.4381104 0.099691667 0.07378412 0.99227893 0.83572388 0 0 0 1</matrix>
                                    <node id="B_L_Finger21"  name="B_L_Finger21" type="NODE">
                                      <matrix sid="matrix">-0.62068564 -0.78405952 3.8213852e-07 5.1996307 0.78405952 -0.62068564 3.6440682e-08 3.0517578e-05 2.0861621e-07 3.2223755e-07 1 1.5258789e-05 0 0 0 1</matrix>
                                      <node id="B_L_Finger22"  name="B_L_Finger22" type="NODE">
                                        <matrix sid="matrix">0.44828629 -0.89389002 -5.9960001e-08 5.1996307 0.89389002 0.44828629 1.3399951e-08 1.5258789e-05 1.4901163e-08 -5.9604659e-08 1 -1.5258789e-05 0 0 0 1</matrix>
                                      </node>
                                    </node>
                                  </node>
                                  <node id="B_L_Finger3"  name="B_L_Finger3" type="NODE">
                                    <matrix sid="matrix">0.13847044 -0.99036652 0.00029729083 11.814041 0.99036658 0.13847046 5.9257527e-05 1.9342499 -9.9852674e-05 0.00028622148 0.99999994 4.6002197 0 0 0 1</matrix>
                                    <node id="B_L_Finger31"  name="B_L_Finger31" type="NODE">
                                      <matrix sid="matrix">-0.058766864 -0.99827176 -9.6860788e-07 4.4568024 0.99827176 -0.058766864 -1.0421996e-06 1.5258789e-05 9.8347641e-07 -1.0281806e-06 1 1.5258789e-05 0 0 0 1</matrix>
                                      <node id="B_L_Finger32"  name="B_L_Finger32" type="NODE">
                                        <matrix sid="matrix">-0.058766745 -0.99827176 -2.0247398e-06 4.4567719 0.99827176 -0.058766745 -1.6118887e-06 -1.5258789e-05 1.4901156e-06 -2.115966e-06 1 -1.5258789e-05 0 0 0 1</matrix>
                                      </node>
                                    </node>
                                  </node>
                                  <node id="B_L_Finger4"  name="B_L_Finger4" type="NODE">
                                    <matrix sid="matrix">0.14714384 -0.98122936 -0.12464997 11.857178 0.98368686 0.15835436 -0.085346922 4.0529022 0.10348377 -0.11005827 0.9885233 6.5145264 0 0 0 1</matrix>
                                    <node id="B_L_Finger41"  name="B_L_Finger41" type="NODE">
                                      <matrix sid="matrix">-0.18123157 -0.98344046 -2.1188671e-06 3.3276672 0.98344046 -0.18123157 -3.7542316e-06 -1.5258789e-05 3.3080576e-06 -2.7641649e-06 1 4.5776367e-05 0 0 0 1</matrix>
                                      <node id="B_L_Finger42"  name="B_L_Finger42" type="NODE">
                                        <matrix sid="matrix">0.0019772795 -0.99999803 -2.2713059e-06 3.3276825 0.99999803 0.0019772795 -3.1992654e-06 -1.5258789e-05 3.2037503e-06 -2.2649758e-06 1 -6.1035156e-05 0 0 0 1</matrix>
                                      </node>
                                    </node>
                                  </node>
                                </node>
                              </node>
                            </node>
                          </node>
                        </node>
                        <node id="B_R_Clavicle"  name="B_R_Clavicle" type="NODE">
                          <matrix sid="matrix">-0.10452852 -0.00079617603 -0.9945215 17.736847 0.00023395466 -0.99999964 0.00077597192 0.074661255 -0.99452186 -0.00015156176 0.10452867 -5.0179605 0 0 0 1</matrix>
                          <node id="B_R_UpperArm"  name="B_R_UpperArm" type="NODE">
                            <matrix sid="matrix">0.47946316 0.15651998 -0.86349094 17.464645 -0.71742034 0.63658327 -0.28296608 3.0517578e-05 0.50539404 0.75515777 0.41750884 0 0 0 0 1</matrix>
                            <node id="B_R_Forearm"  name="B_R_Forearm" type="NODE">
                              <matrix sid="matrix">0.72305632 0.69078904 -0.00018490654 27.628174 -0.6907891 0.72305626 -0.00019339264 7.6293945e-06 1.0430817e-07 0.00026756519 0.99999994 1.5258789e-05 0 0 0 1</matrix>
                              <node id="B_R_ForeArmTwist"  name="B_R_ForeArmTwist" type="NODE">
                                <matrix sid="matrix">1 0 0 11.992638 0 0.99999994 -0.0002678335 0 0 0.0002678335 0.99999994 0 0 0 0 1</matrix>
                                <node id="B_R_Hand"  name="B_R_Hand" type="NODE">
                                  <matrix sid="matrix">0.91348934 -0.2160496 -0.34476057 11.992653 -0.33556631 0.079089627 -0.9386906 0 0.23007073 0.97317386 -0.0002514392 -1.5258789e-05 0 0 0 1</matrix>
                                  <node id="B_R_Finger0"  name="B_R_Finger0" type="NODE">
                                    <matrix sid="matrix">0.80900657 0.13246372 -0.5726794 1.4603119 0.15583241 0.89108133 0.42625138 1.9355469 0.5667668 -0.43408221 0.7002486 2.4376526 0 0 0 1</matrix>
                                    <node id="B_R_Finger01"  name="B_R_Finger01" type="NODE">
                                      <matrix sid="matrix">0.80299306 -0.59598833 -2.2697216e-07 3.7140121 0.59598833 0.80299306 -9.4232583e-08 -3.0517578e-05 2.3841861e-07 -5.9604652e-08 1 0 0 0 0 1</matrix>
                                      <node id="B_R_Finger02"  name="B_R_Finger02" type="NODE">
                                        <matrix sid="matrix">0.5521847 -0.83372182 2.5653429e-07 5.5299301 0.83372182 0.5521847 -9.8413736e-08 0 -5.9604638e-08 2.6822079e-07 1 3.0517578e-05 0 0 0 1</matrix>
                                      </node>
                                    </node>
                                  </node>
                                  <node id="B_R_Finger1"  name="B_R_Finger1" type="NODE">
                                    <matrix sid="matrix">0.27254859 -0.95552653 -0.11263386 11.625462 0.92804098 0.23019052 0.29283488 3.1205597 -0.25388423 -0.18434057 0.94950587 3.0983582 0 0 0 1</matrix>
                                    <node id="B_R_Finger11"  name="B_R_Finger11" type="NODE">
                                      <matrix sid="matrix">-0.25881937 -0.96592575 -1.3236404e-07 4.4568329 0.96592575 -0.25881937 -8.1747338e-08 -3.8146973e-06 4.4703484e-08 -1.4901161e-07 1 0 0 0 0 1</matrix>
                                      <node id="B_R_Finger12"  name="B_R_Finger12" type="NODE">
                                        <matrix sid="matrix">0.57357574 -0.81915253 2.368329e-07 3.3311424 0.81915253 0.57357574 5.2459484e-08 1.5258789e-05 -1.7881392e-07 1.6391277e-07 1 0 0 0 0 1</matrix>
                                      </node>
                                    </node>
                                  </node>
                                  <node id="B_R_Finger2"  name="B_R_Finger2" type="NODE">
                                    <matrix sid="matrix">0.25808468 -0.96503472 -0.045829274 11.814045 0.96096504 0.25152323 0.11524834 2.4381256 -0.099691518 -0.073784158 0.99227893 -0.83569336 0 0 0 1</matrix>
                                    <node id="B_R_Finger21"  name="B_R_Finger21" type="NODE">
                                      <matrix sid="matrix">-0.62068564 -0.78405952 -8.3729319e-08 5.1996002 0.78405952 -0.62068564 9.7378638e-09 -1.1444092e-05 -5.9604652e-08 -5.9604623e-08 1 -4.5776367e-05 0 0 0 1</matrix>
                                      <node id="B_R_Finger22"  name="B_R_Finger22" type="NODE">
                                        <matrix sid="matrix">0.44828641 -0.89388996 -1.0652002e-07 5.1996078 0.89388996 0.44828641 8.6759904e-08 0 -2.9802329e-08 -1.3411046e-07 1 3.0517578e-05 0 0 0 1</matrix>
                                      </node>
                                    </node>
                                  </node>
                                  <node id="B_R_Finger3"  name="B_R_Finger3" type="NODE">
                                    <matrix sid="matrix">0.13847044 -0.99036652 -0.00029831636 11.814053 0.99036658 0.13847046 -5.9490303e-05 1.9342804 0.00010022521 -0.00028720489 0.99999994 -4.6002197 0 0 0 1</matrix>
                                    <node id="B_R_Finger31"  name="B_R_Finger31" type="NODE">
                                      <matrix sid="matrix">-0.058766864 -0.99827176 3.5027785e-09 4.4567871 0.99827176 -0.058766864 -5.9501641e-08 0 5.9604652e-08 0 1 3.0517578e-05 0 0 0 1</matrix>
                                      <node id="B_R_Finger32"  name="B_R_Finger32" type="NODE">
                                        <matrix sid="matrix">-0.058766864 -0.99827176 5.4252013e-07 4.45681 0.99827176 -0.058766864 -8.7478298e-08 0 1.1920932e-07 5.3644169e-07 1 -3.0517578e-05 0 0 0 1</matrix>
                                      </node>
                                    </node>
                                  </node>
                                  <node id="B_R_Finger4"  name="B_R_Finger4" type="NODE">
                                    <matrix sid="matrix">0.14714396 -0.98122966 0.12464777 11.857231 0.98368686 0.15835425 0.085347027 4.0529175 -0.10348353 0.11005607 0.98852354 -6.5145569 0 0 0 1</matrix>
                                    <node id="B_R_Finger41"  name="B_R_Finger41" type="NODE">
                                      <matrix sid="matrix">-0.18123123 -0.98344052 2.0357224e-07 3.3276825 0.98344052 -0.18123123 7.0420612e-07 2.6702881e-05 -6.5565121e-07 3.2782535e-07 1 1.5258789e-05 0 0 0 1</matrix>
                                      <node id="B_R_Finger42"  name="B_R_Finger42" type="NODE">
                                        <matrix sid="matrix">0.0019770411 -0.99999803 3.2906206e-07 3.3277283 0.99999803 0.0019770411 6.251995e-07 6.1035156e-05 -6.2584888e-07 3.2782538e-07 1 3.0517578e-05 0 0 0 1</matrix>
                                      </node>
                                    </node>
                                  </node>
                                </node>
                              </node>
                            </node>
                          </node>
                        </node>
                        <node id="B_Neck"  name="B_Neck" type="NODE">
                          <matrix sid="matrix">0.90034938 -0.42587441 -0.089453474 27.041565 0.43011782 0.90212202 0.03427086 1.1288605 0.066102862 -0.069331281 0.9954012 0.00075626373 0 0 0 1</matrix>
                          <node id="B_Head"  name="B_Head" type="NODE">
                            <matrix sid="matrix">0.79553896 0.49339357 -0.3516826 10.019333 -0.5903784 0.76176518 -0.26677167 1.4082947 0.13627614 0.41985306 0.89730275 -3.8146973e-06 0 0 0 1</matrix>
                          </node>
                        </node>
                      </node>
                    </node>
                  </node>
                  <node id="B_L_Thigh"  name="B_L_Thigh" type="NODE">
                    <matrix sid="matrix">-0.72285402 0.59496403 -0.35142529 0.034088135 0.66511375 0.73697388 -0.12038746 0.0042128563 0.18736506 -0.3207604 -0.92844331 11.169181 0 0 0 1</matrix>
                    <node id="B_L_Calf"  name="B_L_Calf" type="NODE">
                      <matrix sid="matrix">-0.27698433 0.96087444 9.249643e-07 50.282745 -0.96087444 -0.27698433 6.867007e-06 0 6.8545319e-06 1.0132787e-06 1 7.6293945e-06 0 0 0 1</matrix>
                      <node id="B_L_Foot"  name="B_L_Foot" type="NODE">
                        <matrix sid="matrix">0.37146771 -0.91130972 -0.17755643 39.728119 0.85936892 0.40986967 -0.30576447 0 0.35142115 -0.039004851 0.9354046 0 0 0 0 1</matrix>
                        <node id="B_L_Toe0"  name="B_L_Toe0" type="NODE">
                          <matrix sid="matrix">-4.3711388e-08 -1 -5.6529242e-08 18.214447 1 -4.3711388e-08 -2.980239e-08 14.545954 2.9802386e-08 -5.6529242e-08 1 0.020652771 0 0 0 1</matrix>
                        </node>
                      </node>
                    </node>
                  </node>
                  <node id="B_R_Thigh"  name="B_R_Thigh" type="NODE">
                    <matrix sid="matrix">-0.56715935 0.82334578 0.020783693 0.034088135 0.61363465 0.43926299 -0.65612543 0.0041821003 -0.54934758 -0.35937405 -0.75436562 -11.15372 0 0 0 1</matrix>
                    <node id="B_R_Calf"  name="B_R_Calf" type="NODE">
                      <matrix sid="matrix">-0.3579419 0.93374389 -1.5199555e-07 50.282745 -0.93374389 -0.3579419 -4.6844034e-06 0 -4.4284384e-06 -1.5348193e-06 1 3.8146973e-06 0 0 0 1</matrix>
                      <node id="B_R_Foot"  name="B_R_Foot" type="NODE">
                        <matrix sid="matrix">0.56578362 -0.82454872 -0.0028607575 39.728119 0.82429183 0.56551301 0.02716491 0 -0.020780999 -0.017727561 0.99962687 3.8146973e-06 0 0 0 1</matrix>
                        <node id="B_R_Toe0"  name="B_R_Toe0" type="NODE">
                          <matrix sid="matrix">-2.8212997e-07 -1 5.0941657e-07 18.214432 1 -2.8213046e-07 -9.2387182e-07 14.545954 9.2387199e-07 5.0941628e-07 1 -0.020650864 0 0 0 1</matrix>
                        </node>
                      </node>
                    </node>
                  </node>
                </node>
              </node>
            </node>
          </node>
        </node>
      </node>
      <node id="Exporter_aAssimpFbxa_PreRotation"  name="Exporter_$AssimpFbx$_PreRotation" type="NODE">
        <matrix sid="matrix">1 0 0 0 0 -4.3711388e-08 1 0 0 -1 -4.3711388e-08 0 0 0 0 1</matrix>
        <node id="Exporter"  name="Exporter" type="NODE">
          <matrix sid="matrix">1 0 0 0 0 1 0 0 0 0 1 0 0 0 0 1</matrix>
        </node>
      </node>
    </visual_scene>
  </library_visual_scenes>
  <library_animations>
    <animation id="TakeW001AnimId0" name="Take 001">
      <source id="B_Head_matrix-input" name="B_Head_matrix-input">
        <float_array id="B_Head_matrix-input-array" count="11"> 0 1 2 3 4 5 6 7 8 9 10 </float_array>
        <technique_common>
          <accessor count="11" offset="0" source="#B_Head_matrix-input-array" stride="1">
            <param name="TIME" type="float" />
          </accessor>
        </technique_common>
      </source>
      <source id="B_Head_matrix-output" name="B_Head_matrix-output">
        <float_array id="B_Head_matrix-output-array" count="176"> 0.97410887 0.1891633 -0.12381107 10.019257 -0.22530021 0.8576687 -0.46221706 1.4083099 0.018754378 0.47814444 0.87808114 7.6293945e-06 0 0 0 1 0.89856756 0.066821925 -0.43371767 10.019348 -0.19991884 0.94215375 -0.26903236 1.4083099 0.39065146 0.32845202 0.85994816 -1.5258789e-05 0 0 0 1 0.74828613 -0.069827683 -0.65969092 10.019302 -0.028436869 0.99015421 -0.13706279 1.4083099 0.66276646 0.12132173 0.73893285 1.5258789e-05 0 0 0 1 0.84226048 -0.26927647 -0.46699849 10.019348 0.035806298 0.89233488 -0.4499515 1.4083176 0.53788036 0.3622548 0.76122034 0 0 0 0 1 0.9112044 0.36021954 -0.19987167 10.019318 -0.40069637 0.88764894 -0.22698522 1.4083252 0.095651343 0.28691775 0.95316815 7.6293945e-06 0 0 0 1 0.6750133 0.72555345 0.13390003 10.019318 -0.70071465 0.68725157 -0.19153155 1.4083252 -0.23098937 0.035460621 0.97230995 7.6293945e-06 0 0 0 1 0.48315841 0.83382273 0.26701602 10.019348 -0.79709452 0.54508716 -0.25984669 1.4083252 -0.36221308 -0.087289862 0.92799914 7.6293945e-06 0 0 0 1 0.40488869 0.86416924 0.29879159 10.019318 -0.80493319 0.49188012 -0.33186769 1.4083176 -0.4337596 -0.10613782 0.89475518 0 0 0 0 1 0.4536061 0.84959632 0.26912302 10.019318 -0.75669336 0.52669168 -0.38731214 1.4083138 -0.47080395 -0.027956421 0.88179451 0 0 0 0 1 0.74798793 0.6534586 0.11621423 10.019333 -0.5624522 0.71703702 -0.41171032 1.4083176 -0.35236546 0.24258937 0.90387464 0 0 0 0 1 0.97410876 0.18916334 -0.12381106 10.019287 -0.22530024 0.85766864 -0.46221694 1.4083176 0.018754365 0.47814435 0.87808096 0 0 0 0 1 </float_array>
        <technique_common>
          <accessor count="11" offset="0" source="#B_Head_matrix-output-array" stride="16">
            <param name="TRANSFORM" type="float4x4" />
          </accessor>
        </technique_common>
      </source>
      <source id="B_Head_matrix-interpolation">
        <Name_array id="B_Head_matrix-interpolation-array" count="11"> LINEAR LINEAR LINEAR LINEAR LINEAR LINEAR LINEAR LINEAR LINEAR LINEAR LINEAR </Name_array>
        <technique_common>
          <accessor source="#B_Head_matrix-interpolation-array" count="11" stride="1">
            <param name="INTERPOLATION" type="name"></param>
          </accessor>
        </technique_common>
      </source>
      <source id="B_L_Calf_matrix-input" name="B_L_Calf_matrix-input">
        <float_array id="B_L_Calf_matrix-input-array" count="11"> 0 1 2 3 4 5 6 7 8 9 10 </float_array>
        <technique_common>
          <accessor count="11" offset="0" source="#B_L_Calf_matrix-input-array" stride="1">
            <param name="TIME" type="float" />
          </accessor>
        </technique_common>
      </source>
      <source id="B_L_Calf_matrix-output" name="B_L_Calf_matrix-output">
        <float_array id="B_L_Calf_matrix-output-array" count="176"> -0.64454418 0.76456738 7.761231e-07 50.282761 -0.76456738 -0.64454418 6.4691876e-06 0 5.4463749e-06 3.5762787e-06 1.0000001 1.5258789e-05 0 0 0 1 -0.72363377 0.69018471 5.7606684e-07 50.28273 -0.69018471 -0.72363377 6.4181959e-06 1.5258789e-05 4.8466027e-06 4.2468309e-06 0.99999994 0 0 0 0 1 -0.81929779 0.57336813 4.9207148e-07 50.282753 -0.57336813 -0.81929779 6.2553754e-06 0 3.9897859e-06 4.8428765e-06 1.0000001 3.8146973e-06 0 0 0 1 -0.80160022 0.59786046 6.5487222e-07 50.282753 -0.5978604 -0.80160034 6.3998104e-06 0 4.3511391e-06 4.7385679e-06 1 0 0 0 0 1 0.081536599 0.9966706 9.0924948e-07 50.282749 -0.99667048 0.081536613 7.1611303e-06 0 7.0631509e-06 -1.4901167e-06 0.99999988 1.5258789e-05 0 0 0 1 0.51282561 0.85849303 9.1432901e-07 50.282749 -0.85849303 0.51282561 7.5932626e-06 1.5258789e-05 6.049871e-06 -4.6789642e-06 1.0000001 0 0 0 0 1 0.3577458 0.93381923 9.5228745e-07 50.282738 -0.93381912 0.35774586 7.386001e-06 -1.5258789e-05 6.5565118e-06 -3.531575e-06 1.0000001 1.5258789e-05 0 0 0 1 0.12712283 0.99188709 8.7233013e-07 50.282738 -0.99188709 0.12712283 7.1425839e-06 0 6.9737434e-06 -1.7732382e-06 1.0000001 0 0 0 0 1 -0.14795211 0.98899466 9.4776533e-07 50.282745 -0.98899478 -0.14795209 6.9396947e-06 0 7.0035458e-06 8.9407209e-08 1 -7.6293945e-06 0 0 0 1 -0.4203743 0.90735137 8.3396844e-07 50.282745 -0.90735137 -0.4203743 6.691811e-06 0 6.4224018e-06 2.0563618e-06 1 0 0 0 0 1 -0.64454418 0.76456738 7.761231e-07 50.282753 -0.76456738 -0.64454418 6.4691876e-06 0 5.4463749e-06 3.5762787e-06 1.0000001 3.8146973e-06 0 0 0 1 </float_array>
        <technique_common>
          <accessor count="11" offset="0" source="#B_L_Calf_matrix-output-array" stride="16">
            <param name="TRANSFORM" type="float4x4" />
          </accessor>
        </technique_common>
      </source>
      <source id="B_L_Calf_matrix-interpolation">
        <Name_array id="B_L_Calf_matrix-interpolation-array" count="11"> LINEAR LINEAR LINEAR LINEAR LINEAR LINEAR LINEAR LINEAR LINEAR LINEAR LINEAR </Name_array>
        <technique_common>
          <accessor source="#B_L_Calf_matrix-interpolation-array" count="11" stride="1">
            <param name="INTERPOLATION" type="name"></param>
          </accessor>
        </technique_common>
      </source>
      <source id="B_L_Clavicle_matrix-input" name="B_L_Clavicle_matrix-input">
        <float_array id="B_L_Clavicle_matrix-input-array" count="11"> 0 1 2 3 4 5 6 7 8 9 10 </float_array>
        <technique_common>
          <accessor count="11" offset="0" source="#B_L_Clavicle_matrix-input-array" stride="1">
            <param name="TIME" type="float" />
          </accessor>
        </technique_common>
      </source>
      <source id="B_L_Clavicle_matrix-output" name="B_L_Clavicle_matrix-output">
        <float_array id="B_L_Clavicle_matrix-output-array" count="176"> -0.017590644 -0.00078422576 0.99984497 17.736816 -0.17375697 -0.98478127 -0.0038293672 0.073139191 0.98463166 -0.17379737 0.017186521 5.0180168 0 0 0 1 -0.10039328 -0.00078333903 0.99494737 17.736847 -0.17284198 -0.98478097 -0.018215615 0.073150635 0.97981966 -0.17379743 0.098729946 5.0180206 0 0 0 1 -0.21464919 -0.00078456115 0.97669107 17.736847 -0.1695807 -0.98478138 -0.038060132 0.073150635 0.9618566 -0.17379753 0.21124938 5.0180054 0 0 0 1 -0.2468771 -0.0007842778 0.96904629 17.736847 -0.16822727 -0.98478085 -0.043655079 0.073135376 0.95433301 -0.17379744 0.24298796 5.018013 0 0 0 1 -0.24787986 -0.00078404695 0.96879035 17.736847 -0.1681819 -0.98478115 -0.043828901 0.073150635 0.95408094 -0.17379731 0.24397556 5.018013 0 0 0 1 -0.24687707 -0.00078441191 0.96904629 17.736832 -0.1682272 -0.98478085 -0.043655198 0.073135376 0.95433289 -0.17379741 0.24298796 5.0180168 0 0 0 1 -0.23783867 -0.00078442669 0.97130424 17.736862 -0.16862662 -0.98478085 -0.042086136 0.073143005 0.95655489 -0.17379749 0.23408678 5.0180244 0 0 0 1 -0.21464916 -0.0007837562 0.97669089 17.736847 -0.16958082 -0.98478103 -0.038059328 0.073150635 0.96185648 -0.17379744 0.2112494 5.0180283 0 0 0 1 -0.16406213 -0.00078442681 0.98644978 17.736847 -0.17131567 -0.98478103 -0.029275596 0.073139191 0.97145998 -0.17379731 0.1614309 5.0180168 0 0 0 1 -0.09107291 -0.00078424055 0.99584401 17.736847 -0.17300497 -0.98478103 -0.016597353 0.073141098 0.98070127 -0.1737975 0.08955121 5.0180206 0 0 0 1 -0.017590644 -0.00078422576 0.99984497 17.736847 -0.17375697 -0.98478127 -0.0038293672 0.073143005 0.98463166 -0.17379737 0.017186521 5.0180054 0 0 0 1 </float_array>
        <technique_common>
          <accessor count="11" offset="0" source="#B_L_Clavicle_matrix-output-array" stride="16">
            <param name="TRANSFORM" type="float4x4" />
          </accessor>
        </technique_common>
      </source>
      <source id="B_L_Clavicle_matrix-interpolation">
        <Name_array id="B_L_Clavicle_matrix-interpolation-array" count="11"> LINEAR LINEAR LINEAR LINEAR LINEAR LINEAR LINEAR LINEAR LINEAR LINEAR LINEAR </Name_array>
        <technique_common>
          <accessor source="#B_L_Clavicle_matrix-interpolation-array" count="11" stride="1">
            <param name="INTERPOLATION" type="name"></param>
          </accessor>
        </technique_common>
      </source>
      <source id="B_L_Finger0_matrix-input" name="B_L_Finger0_matrix-input">
        <float_array id="B_L_Finger0_matrix-input-array" count="11"> 0 1 2 3 4 5 6 7 8 9 10 </float_array>
        <technique_common>
          <accessor count="11" offset="0" source="#B_L_Finger0_matrix-input-array" stride="1">
            <param name="TIME" type="float" />
          </accessor>
        </technique_common>
      </source>
      <source id="B_L_Finger0_matrix-output" name="B_L_Finger0_matrix-output">
        <float_array id="B_L_Finger0_matrix-output-array" count="176"> 0.80900669 0.13246362 0.57267964 1.4603271 0.1558325 0.89108163 -0.42625144 1.9355316 -0.56676686 0.43408224 0.70024884 -2.4376373 0 0 0 1 0.73455966 0.21593229 0.64326918 1.4603233 0.10691971 0.89933676 -0.42398262 1.9355469 -0.67006713 0.38021863 0.63752943 -2.4376526 0 0 0 1 0.60738665 0.31979954 0.72719294 1.460331 0.037923347 0.90267557 -0.4286474 1.9355469 -0.79350048 0.28793234 0.53614527 -2.4376526 0 0 0 1 0.56656444 0.34634402 0.747697 1.4603271 0.018331302 0.90185785 -0.43164414 1.9355316 -0.82381338 0.25826049 0.50461173 -2.4376526 0 0 0 1 0.56525975 0.3471489 0.74831104 1.4603271 0.017721502 0.90181953 -0.4317497 1.9355316 -0.82472241 0.25731188 0.50361043 -2.4376678 0 0 0 1 0.56656444 0.34634411 0.747697 1.4603271 0.018331377 0.90185779 -0.43164429 1.9355469 -0.82381344 0.25826064 0.50461167 -2.4376526 0 0 0 1 0.57822847 0.33903298 0.74209744 1.4603271 0.023826625 0.90216744 -0.43072769 1.9355469 -0.81552672 0.26674068 0.5135811 -2.4376526 0 0 0 1 0.60738665 0.31979969 0.727193 1.4603271 0.037923392 0.90267563 -0.42864764 1.9355316 -0.79350048 0.28793249 0.53614527 -2.4376373 0 0 0 1 0.6671105 0.27559114 0.69210792 1.4603119 0.06860745 0.90237832 -0.42544863 1.9355431 -0.74179286 0.33130491 0.5830785 -2.4376373 0 0 0 1 0.74369818 0.20685288 0.63570839 1.4603271 0.11248515 0.8986479 -0.42400423 1.9355469 -0.65898407 0.38683888 0.64505506 -2.4376678 0 0 0 1 0.80900669 0.13246362 0.57267964 1.4603195 0.1558325 0.89108163 -0.42625144 1.9355469 -0.56676686 0.43408224 0.70024884 -2.4376373 0 0 0 1 </float_array>
        <technique_common>
          <accessor count="11" offset="0" source="#B_L_Finger0_matrix-output-array" stride="16">
            <param name="TRANSFORM" type="float4x4" />
          </accessor>
        </technique_common>
      </source>
      <source id="B_L_Finger0_matrix-interpolation">
        <Name_array id="B_L_Finger0_matrix-interpolation-array" count="11"> LINEAR LINEAR LINEAR LINEAR LINEAR LINEAR LINEAR LINEAR LINEAR LINEAR LINEAR </Name_array>
        <technique_common>
          <accessor source="#B_L_Finger0_matrix-interpolation-array" count="11" stride="1">
            <param name="INTERPOLATION" type="name"></param>
          </accessor>
        </technique_common>
      </source>
      <source id="B_L_Finger01_matrix-input" name="B_L_Finger01_matrix-input">
        <float_array id="B_L_Finger01_matrix-input-array" count="11"> 0 1 2 3 4 5 6 7 8 9 10 </float_array>
        <technique_common>
          <accessor count="11" offset="0" source="#B_L_Finger01_matrix-input-array" stride="1">
            <param name="TIME" type="float" />
          </accessor>
        </technique_common>
      </source>
      <source id="B_L_Finger01_matrix-output" name="B_L_Finger01_matrix-output">
        <float_array id="B_L_Finger01_matrix-output-array" count="176"> 0.80299306 -0.59598821 -3.6457973e-08 3.714035 0.59598821 0.80299312 1.0054626e-08 0 2.3283068e-08 -2.9802326e-08 0.9999997 -2.2888184e-05 0 0 0 1 0.88707995 -0.46161592 -1.429594e-08 3.7140045 0.4616161 0.8870796 5.9752672e-08 0 -1.4901161e-08 -5.9604638e-08 0.99999958 -2.2888184e-05 0 0 0 1 0.96679759 -0.25554371 -9.4054194e-08 3.7139893 0.25554377 0.96679735 5.9654259e-09 1.5258789e-05 8.940696e-08 -2.9802319e-08 0.99999976 -1.5258789e-05 0 0 0 1 0.98103565 -0.19382791 6.1185247e-08 3.7140045 0.19382791 0.98103565 -7.9046615e-08 0 -4.470348e-08 8.9406981e-08 0.99999982 -1.5258789e-05 0 0 0 1 0.98141748 -0.19188537 -3.4967137e-08 3.7140045 0.1918854 0.98141736 2.352988e-08 -1.5258789e-05 2.9802326e-08 -2.9802322e-08 0.99999976 -1.9073486e-05 0 0 0 1 0.98103559 -0.19382772 6.2261862e-09 3.7140198 0.19382775 0.98103547 6.9260913e-09 7.6293945e-06 -7.4505806e-09 -5.587935e-09 0.99999976 -2.6702881e-05 0 0 0 1 0.97742695 -0.21127482 -3.6012164e-08 3.7140198 0.21127488 0.97742665 9.6074395e-08 7.6293945e-06 1.490116e-08 -1.0151417e-07 0.99999964 -1.9073486e-05 0 0 0 1 0.96679759 -0.25554374 -3.7015791e-08 3.7140198 0.2555438 0.96679741 8.1730114e-08 -7.6293945e-06 1.490116e-08 -8.8475637e-08 0.9999997 -2.2888184e-05 0 0 0 1 0.93696666 -0.34941882 -2.7658549e-08 3.7140503 0.34941879 0.93696678 1.5528792e-08 0 2.0489095e-08 -2.421439e-08 0.99999964 -2.2888184e-05 0 0 0 1 0.87867206 -0.47742623 -1.0345906e-07 3.7140198 0.47742638 0.87867177 3.1410903e-09 0 8.9406967e-08 -5.2154068e-08 0.99999982 -2.2888184e-05 0 0 0 1 0.80299306 -0.59598821 -3.6457973e-08 3.7140198 0.59598821 0.80299312 1.0054626e-08 0 2.3283068e-08 -2.9802326e-08 0.9999997 -2.6702881e-05 0 0 0 1 </float_array>
        <technique_common>
          <accessor count="11" offset="0" source="#B_L_Finger01_matrix-output-array" stride="16">
            <param name="TRANSFORM" type="float4x4" />
          </accessor>
        </technique_common>
      </source>
      <source id="B_L_Finger01_matrix-interpolation">
        <Name_array id="B_L_Finger01_matrix-interpolation-array" count="11"> LINEAR LINEAR LINEAR LINEAR LINEAR LINEAR LINEAR LINEAR LINEAR LINEAR LINEAR </Name_array>
        <technique_common>
          <accessor source="#B_L_Finger01_matrix-interpolation-array" count="11" stride="1">
            <param name="INTERPOLATION" type="name"></param>
          </accessor>
        </technique_common>
      </source>
      <source id="B_L_Finger02_matrix-input" name="B_L_Finger02_matrix-input">
        <float_array id="B_L_Finger02_matrix-input-array" count="11"> 0 1 2 3 4 5 6 7 8 9 10 </float_array>
        <technique_common>
          <accessor count="11" offset="0" source="#B_L_Finger02_matrix-input-array" stride="1">
            <param name="TIME" type="float" />
          </accessor>
        </technique_common>
      </source>
      <source id="B_L_Finger02_matrix-output" name="B_L_Finger02_matrix-output">
        <float_array id="B_L_Finger02_matrix-output-array" count="176"> 0.55218494 -0.83372188 -1.460217e-08 5.5299339 0.83372194 0.55218488 4.541733e-08 3.0517578e-05 -2.9802322e-08 -3.7252907e-08 1.0000001 3.0517578e-05 0 0 0 1 0.74409562 -0.6680733 -1.3078896e-07 5.529953 0.66807348 0.74409544 -7.7374871e-08 -3.0517578e-05 1.490116e-07 -2.9802321e-08 1 1.5258789e-05 0 0 0 1 0.92979777 -0.36807114 2.943966e-08 5.5299377 0.36807114 0.92979777 1.0781146e-07 -1.5258789e-05 -6.7055218e-08 -8.9406967e-08 0.99999994 3.0517578e-05 0 0 0 1 0.96230209 -0.27198341 -1.1121008e-07 5.5299454 0.27198339 0.96230221 3.0507408e-08 -3.0517578e-05 9.8720186e-08 -5.9604645e-08 1 1.5258789e-05 0 0 0 1 0.9631598 -0.26893032 -1.2022117e-08 5.5299225 0.26893029 0.96315992 4.3056584e-08 -3.0517578e-05 0 -4.4703484e-08 1 2.2888184e-05 0 0 0 1 0.96230203 -0.27198344 -1.5429817e-08 5.5299683 0.27198347 0.96230191 -2.7588424e-08 7.6293945e-06 2.2351738e-08 2.2351738e-08 1 2.6702881e-05 0 0 0 1 0.95414859 -0.29933423 -3.5963108e-08 5.5299072 0.29933423 0.95414859 -3.4708151e-08 2.8610229e-06 4.4703484e-08 2.2351742e-08 1 2.6702881e-05 0 0 0 1 0.92979801 -0.36807108 3.3338157e-08 5.5299072 0.36807117 0.92979777 3.7236649e-08 3.8146973e-06 -4.4703484e-08 -2.235174e-08 1.0000001 3.0517578e-05 0 0 0 1 0.86037511 -0.50966167 -1.0790125e-08 5.5299377 0.50966173 0.86037505 6.9380498e-08 1.5258789e-05 -2.6077029e-08 -6.5192573e-08 0.99999988 1.9073486e-05 0 0 0 1 0.72462767 -0.6891408 1.1956884e-07 5.5299454 0.68914098 0.72462749 1.445591e-07 0 -1.8626451e-07 -2.2351735e-08 0.99999982 1.9073486e-05 0 0 0 1 0.55218494 -0.83372188 -1.460217e-08 5.5299339 0.83372194 0.55218488 4.541733e-08 3.0517578e-05 -2.9802322e-08 -3.7252907e-08 1.0000001 2.6702881e-05 0 0 0 1 </float_array>
        <technique_common>
          <accessor count="11" offset="0" source="#B_L_Finger02_matrix-output-array" stride="16">
            <param name="TRANSFORM" type="float4x4" />
          </accessor>
        </technique_common>
      </source>
      <source id="B_L_Finger02_matrix-interpolation">
        <Name_array id="B_L_Finger02_matrix-interpolation-array" count="11"> LINEAR LINEAR LINEAR LINEAR LINEAR LINEAR LINEAR LINEAR LINEAR LINEAR LINEAR </Name_array>
        <technique_common>
          <accessor source="#B_L_Finger02_matrix-interpolation-array" count="11" stride="1">
            <param name="INTERPOLATION" type="name"></param>
          </accessor>
        </technique_common>
      </source>
      <source id="B_L_Finger1_matrix-input" name="B_L_Finger1_matrix-input">
        <float_array id="B_L_Finger1_matrix-input-array" count="11"> 0 1 2 3 4 5 6 7 8 9 10 </float_array>
        <technique_common>
          <accessor count="11" offset="0" source="#B_L_Finger1_matrix-input-array" stride="1">
            <param name="TIME" type="float" />
          </accessor>
        </technique_common>
      </source>
      <source id="B_L_Finger1_matrix-output" name="B_L_Finger1_matrix-output">
        <float_array id="B_L_Finger1_matrix-output-array" count="176"> 0.27254906 -0.95552677 0.11263377 11.62545 0.92804128 0.23019102 -0.2928347 3.1205444 0.25388411 0.1843406 0.94950593 -3.0983276 0 0 0 1 0.74200952 -0.63065147 0.22737809 11.62545 0.67030114 0.69243366 -0.2668936 3.1205444 0.010872595 0.35044956 0.93651837 -3.0983276 0 0 0 1 0.9223392 0.13810323 0.36085713 11.625454 -0.010816634 0.94280404 -0.33317226 3.1205597 -0.38622978 0.30339468 0.87107861 -3.0983276 0 0 0 1 0.85084224 0.36152622 0.38126954 11.625443 -0.21825376 0.90326333 -0.36943343 3.1205597 -0.47794667 0.23111612 0.84743857 -3.0983276 0 0 0 1 0.84775913 0.36821052 0.3817403 11.625458 -0.2245321 0.90122461 -0.37064782 3.1205597 -0.48051018 0.22850715 0.8466962 -3.0983582 0 0 0 1 0.85084224 0.36152616 0.38126972 11.625458 -0.21825364 0.90326321 -0.36943355 3.1205597 -0.47794679 0.23111618 0.84743863 -3.0983582 0 0 0 1 0.87632525 0.30041984 0.37656623 11.625443 -0.1610657 0.91945112 -0.35870278 3.1205673 -0.45399576 0.25368842 0.8541252 -3.0983582 0 0 0 1 0.92233926 0.13810326 0.36085722 11.625443 -0.010816664 0.94280404 -0.33317226 3.1205444 -0.38622987 0.30339462 0.87107867 -3.0983429 0 0 0 1 0.92380309 -0.22348505 0.31087387 11.625443 0.31615537 0.90324569 -0.29016066 3.1205521 -0.21594894 0.36633575 0.90507686 -3.0983276 0 0 0 1 0.70026559 -0.6809907 0.21419697 11.625454 0.7126106 0.64890587 -0.26666057 3.1205444 0.042599667 0.33937219 0.93968737 -3.0983582 0 0 0 1 0.27254906 -0.95552677 0.11263377 11.625458 0.92804128 0.23019102 -0.2928347 3.1205444 0.25388411 0.1843406 0.94950593 -3.0983429 0 0 0 1 </float_array>
        <technique_common>
          <accessor count="11" offset="0" source="#B_L_Finger1_matrix-output-array" stride="16">
            <param name="TRANSFORM" type="float4x4" />
          </accessor>
        </technique_common>
      </source>
      <source id="B_L_Finger1_matrix-interpolation">
        <Name_array id="B_L_Finger1_matrix-interpolation-array" count="11"> LINEAR LINEAR LINEAR LINEAR LINEAR LINEAR LINEAR LINEAR LINEAR LINEAR LINEAR </Name_array>
        <technique_common>
