<?xml version="1.0" encoding="UTF-8" standalone="no" ?>
<COLLADA xmlns="http://www.collada.org/2005/11/COLLADASchema" version="1.4.1">
  <asset>
    <contributor>
      <author>Assimp</author>
      <authoring_tool>FBX SDK/FBX Plugins version 2013.1</authoring_tool>
    </contributor>
    <created>2020-08-21T13:48:03</created>
    <modified>2020-08-21T13:48:03</modified>
    <unit name="meter" meter="1" />
    <up_axis>Y_UP</up_axis>
  </asset>
  <library_geometries>
  </library_geometries>
  <library_controllers>
  </library_controllers>
  <library_visual_scenes>
    <visual_scene id="RootNode" name="RootNode">
      <node id="Motion_aAssimpFbxa_Translation"  name="Motion_$AssimpFbx$_Translation" type="NODE">
        <matrix sid="matrix">1 0 0 9.92585e-07 0 1 0 0 0 0 1 -0.17328988 0 0 0 1</matrix>
        <node id="Motion_aAssimpFbxa_PreRotation"  name="Motion_$AssimpFbx$_PreRotation" type="NODE">
          <matrix sid="matrix">1 0 0 0 0 -4.3711388e-08 1 0 0 -1 -4.3711388e-08 0 0 0 0 1</matrix>
          <node id="Motion_aAssimpFbxa_Rotation"  name="Motion_$AssimpFbx$_Rotation" type="NODE">
            <matrix sid="matrix">1.3868001e-06 1 0 0 -1 1.3868001e-06 0 0 0 0 1 0 0 0 0 1</matrix>
            <node id="Motion_aAssimpFbxa_Scaling"  name="Motion_$AssimpFbx$_Scaling" type="NODE">
              <matrix sid="matrix">1 0 0 0 0 1 0 0 0 0 1 0 0 0 0 1</matrix>
              <node id="Motion"  name="Motion" type="NODE">
                <matrix sid="matrix">1 0 0 0 0 1 0 0 0 0 1 0 0 0 0 1</matrix>
                <node id="B_Pelvis"  name="B_Pelvis" type="NODE">
                  <matrix sid="matrix">-4.3711388e-08 0.60876256 0.79335248 0.17329331 0 -0.79335248 0.60876256 2.6999989 1 2.6609857e-08 3.4678539e-08 98.599998 0 0 0 1</matrix>
                  <node id="B_Spine"  name="B_Spine" type="NODE">
                    <matrix sid="matrix">0.99823147 0.047404025 -0.035873119 7.6762924 -0.037805334 0.97190607 0.23231289 -1.6268322 0.045877866 -0.23054582 0.97197938 0.0023477077 0 0 0 1</matrix>
                    <node id="B_Spine1"  name="B_Spine1" type="NODE">
                      <matrix sid="matrix">0.99970514 -0.024198713 0.0019994134 12.747765 0.024175951 0.99965024 0.010716196 -0.014276028 -0.0022580323 -0.0106647 0.99994057 0.00015234947 0 0 0 1</matrix>
                      <node id="B_Spine2"  name="B_Spine2" type="NODE">
                        <matrix sid="matrix">0.9988209 -0.048403598 0.0037315511 17.935463 0.048312008 0.99859816 0.02162578 -0.026443005 -0.0047730855 -0.021420002 0.9997592 0.00054740906 0 0 0 1</matrix>
                        <node id="B_L_Clavicle"  name="B_L_Clavicle" type="NODE">
                          <matrix sid="matrix">-0.01759069 -0.0007847026 0.99984491 17.736832 -0.17375681 -0.98478109 -0.0038298517 0.073141098 0.98463148 -0.17379723 0.017186632 5.0180163 0 0 0 1</matrix>
                          <node id="B_L_UpperArm"  name="B_L_UpperArm" type="NODE">
                            <matrix sid="matrix">0.67658836 0.40229207 0.61675709 17.464661 -0.50647575 0.86222744 -0.0067962408 5.7220459e-06 -0.53451896 -0.30777425 0.78712422 1.5258789e-05 0 0 0 1</matrix>
                            <node id="B_L_Forearm"  name="B_L_Forearm" type="NODE">
                              <matrix sid="matrix">-0.13640097 0.98478979 0.10762809 27.628181 -0.99065369 -0.13559352 -0.014819648 -3.8146973e-06 -5.6624424e-07 -0.10864358 0.99408078 -1.5258789e-05 0 0 0 1</matrix>
                              <node id="B_L_ForeArmTwist"  name="B_L_ForeArmTwist" type="NODE">
                                <matrix sid="matrix">1 5.8766375e-08 -2.6339526e-07 11.992634 -2.9802308e-08 0.99408078 0.10864361 -7.6293945e-06 2.6822076e-07 -0.10864361 0.99408078 1.5258789e-05 0 0 0 1</matrix>
                                <node id="B_L_Hand"  name="B_L_Hand" type="NODE">
                                  <matrix sid="matrix">0.96626526 -0.095601507 0.23914798 11.992649 -0.24727412 -0.084708139 0.96523577 0 -0.07202021 -0.99180883 -0.10549031 7.6293945e-06 0 0 0 1</matrix>
                                  <node id="B_L_Finger0"  name="B_L_Finger0" type="NODE">
                                    <matrix sid="matrix">0.80900651 0.13246378 0.57267952 1.4603195 0.15583254 0.89108127 -0.42625153 1.9355545 -0.56676686 0.43408239 0.70024836 -2.4376526 0 0 0 1</matrix>
                                    <node id="B_L_Finger01"  name="B_L_Finger01" type="NODE">
                                      <matrix sid="matrix">0.80299318 -0.59598827 -2.3440397e-07 3.7140198 0.59598827 0.80299318 -9.047001e-08 -7.6293945e-06 2.4214384e-07 -6.7055218e-08 1 -2.6702881e-05 0 0 0 1</matrix>
                                      <node id="B_L_Finger02"  name="B_L_Finger02" type="NODE">
                                        <matrix sid="matrix">0.55218464 -0.83372188 6.2035987e-08 5.5299301 0.83372188 0.55218464 -1.427764e-08 1.5258789e-05 -2.2351738e-08 5.9604652e-08 1 2.2888184e-05 0 0 0 1</matrix>
                                      </node>
                                    </node>
                                  </node>
                                  <node id="B_L_Finger1"  name="B_L_Finger1" type="NODE">
                                    <matrix sid="matrix">0.27254933 -0.95552629 0.11263368 11.625465 0.92804068 0.2301912 -0.2928353 3.1205368 0.25388455 0.1843407 0.94950575 -3.0983658 0 0 0 1</matrix>
                                    <node id="B_L_Finger11"  name="B_L_Finger11" type="NODE">
                                      <matrix sid="matrix">-0.25881925 -0.96592575 7.0933666e-08 4.4568176 0.96592575 -0.25881925 8.0713917e-08 0 -5.9604652e-08 8.9406974e-08 1 1.9073486e-05 0 0 0 1</matrix>
                                      <node id="B_L_Finger12"  name="B_L_Finger12" type="NODE">
                                        <matrix sid="matrix">0.57357562 -0.81915259 2.966363e-07 3.3311615 0.81915259 0.57357562 -4.3988003e-08 -1.5258789e-05 -1.3411046e-07 2.6822084e-07 1 -2.2888184e-05 0 0 0 1</matrix>
                                      </node>
                                    </node>
                                  </node>
                                  <node id="B_L_Finger2"  name="B_L_Finger2" type="NODE">
                                    <matrix sid="matrix">0.25808534 -0.96503454 0.04582902 11.814087 0.9609648 0.25152382 -0.11524914 2.4381027 0.099692307 0.073784195 0.99227881 0.83571243 0 0 0 1</matrix>
                                    <node id="B_L_Finger21"  name="B_L_Finger21" type="NODE">
                                      <matrix sid="matrix">-0.62068564 -0.78405952 4.4737118e-07 5.1996307 0.78405952 -0.62068564 1.0708601e-07 1.5258789e-05 1.9371505e-07 4.172324e-07 1 1.1444092e-05 0 0 0 1</matrix>
                                      <node id="B_L_Finger22"  name="B_L_Finger22" type="NODE">
                                        <matrix sid="matrix">0.44828629 -0.89389002 6.6719934e-08 5.1996269 0.89389002 0.44828629 6.6560034e-08 1.5258789e-05 -8.9406988e-08 2.9802333e-08 1 7.6293945e-06 0 0 0 1</matrix>
                                      </node>
                                    </node>
                                  </node>
                                  <node id="B_L_Finger3"  name="B_L_Finger3" type="NODE">
                                    <matrix sid="matrix">0.13847102 -0.9903664 0.00029701614 11.814064 0.99036646 0.13847104 5.8799262e-05 1.9342575 -9.9360957e-05 0.00028601286 0.99999994 4.6002388 0 0 0 1</matrix>
                                    <node id="B_L_Finger31"  name="B_L_Finger31" type="NODE">
                                      <matrix sid="matrix">-0.058766864 -0.99827176 -9.4322365e-07 4.4567871 0.99827176 -0.058766864 -1.219829e-06 7.6293945e-06 1.1622905e-06 -1.0132791e-06 1 -1.1444092e-05 0 0 0 1</matrix>
                                      <node id="B_L_Finger32"  name="B_L_Finger32" type="NODE">
                                        <matrix sid="matrix">-0.058766745 -0.99827176 -1.9722438e-06 4.4567719 0.99827176 -0.058766745 -1.489383e-06 -3.0517578e-05 1.3709065e-06 -2.0563614e-06 1 1.5258789e-05 0 0 0 1</matrix>
                                      </node>
                                    </node>
                                  </node>
                                  <node id="B_L_Finger4"  name="B_L_Finger4" type="NODE">
                                    <matrix sid="matrix">0.14714442 -0.98122925 -0.12465024 11.857201 0.98368663 0.15835504 -0.085347533 4.0528946 0.1034845 -0.11005837 0.98852319 6.5145264 0 0 0 1</matrix>
                                    <node id="B_L_Finger41"  name="B_L_Finger41" type="NODE">
                                      <matrix sid="matrix">-0.18123157 -0.98344046 -2.0648763e-06 3.327652 0.98344046 -0.18123157 -3.7594345e-06 1.5258789e-05 3.3229592e-06 -2.7120111e-06 1 1.9073486e-05 0 0 0 1</matrix>
                                      <node id="B_L_Finger42"  name="B_L_Finger42" type="NODE">
                                        <matrix sid="matrix">0.0019772795 -0.99999803 -2.2417692e-06 3.327652 0.99999803 0.0019772795 -3.3334343e-06 -2.2888184e-05 3.3378603e-06 -2.2351735e-06 1 -2.2888184e-05 0 0 0 1</matrix>
                                      </node>
                                    </node>
                                  </node>
                                </node>
                              </node>
                            </node>
                          </node>
                        </node>
                        <node id="B_R_Clavicle"  name="B_R_Clavicle" type="NODE">
                          <matrix sid="matrix">-0.1045284 -0.00079354749 -0.9945215 17.736832 0.00023377997 -0.99999964 0.0007733471 0.074661255 -0.99452186 -0.00015166248 0.10452855 -5.0179629 0 0 0 1</matrix>
                          <node id="B_R_UpperArm"  name="B_R_UpperArm" type="NODE">
                            <matrix sid="matrix">0.65678835 0.184351 -0.73119342 17.464649 -0.58112282 0.74166954 -0.33499646 9.5367432e-06 0.48054689 0.64493495 0.59425044 1.5258789e-05 0 0 0 1</matrix>
                            <node id="B_R_Forearm"  name="B_R_Forearm" type="NODE">
                              <matrix sid="matrix">0.1257856 0.99193633 -0.015499691 27.628185 -0.99205744 0.12577026 -0.0019653973 -7.6293945e-06 -1.4901168e-07 0.015623802 0.99987793 0 0 0 0 1</matrix>
                              <node id="B_R_ForeArmTwist"  name="B_R_ForeArmTwist" type="NODE">
                                <matrix sid="matrix">1 -6.0063002e-08 -2.8867444e-08 11.99263 5.9604652e-08 0.99987793 -0.015623693 -7.6293945e-06 2.9802326e-08 0.015623693 0.99987793 7.6293945e-06 0 0 0 1</matrix>
                                <node id="B_R_Hand"  name="B_R_Hand" type="NODE">
                                  <matrix sid="matrix">0.86458045 -0.066816643 -0.49803236 11.992661 -0.49769497 0.022792466 -0.86705261 -3.8146973e-06 0.069284931 0.99750495 -0.013548385 -2.2888184e-05 0 0 0 1</matrix>
                                  <node id="B_R_Finger0"  name="B_R_Finger0" type="NODE">
                                    <matrix sid="matrix">0.80900639 0.13246301 -0.57267982 1.4603195 0.15583301 0.89108151 0.42625082 1.9355469 0.56676692 -0.43408206 0.70024854 2.4376602 0 0 0 1</matrix>
                                    <node id="B_R_Finger01"  name="B_R_Finger01" type="NODE">
                                      <matrix sid="matrix">0.80299288 -0.59598857 -7.1701686e-07 3.7140198 0.59598857 0.80299288 8.4104579e-07 -1.5258789e-05 7.4505778e-08 -1.1026877e-06 1 0 0 0 0 1</matrix>
                                      <node id="B_R_Finger02"  name="B_R_Finger02" type="NODE">
                                        <matrix sid="matrix">0.55218339 -0.83372271 7.7956372e-07 5.5299225 0.83372271 0.55218339 1.8786703e-06 0 -1.9967522e-06 -3.8743059e-07 1 3.0517578e-05 0 0 0 1</matrix>
                                      </node>
                                    </node>
                                  </node>
                                  <node id="B_R_Finger1"  name="B_R_Finger1" type="NODE">
                                    <matrix sid="matrix">0.27254912 -0.95552635 -0.11263389 11.62545 0.92804074 0.23019096 0.29283515 3.1205444 -0.25388438 -0.1843408 0.94950575 3.0983505 0 0 0 1</matrix>
                                    <node id="B_R_Finger11"  name="B_R_Finger11" type="NODE">
                                      <matrix sid="matrix">-0.25881997 -0.96592557 1.1132781e-07 4.4568138 0.96592557 -0.25881997 6.4063522e-07 0 -5.8999211e-07 2.7334357e-07 1 7.6293945e-06 0 0 0 1</matrix>
                                      <node id="B_R_Finger12"  name="B_R_Finger12" type="NODE">
                                        <matrix sid="matrix">0.57357538 -0.81915277 1.4307976e-06 3.331131 0.81915277 0.57357538 -6.6496568e-07 -7.6293945e-06 -2.7596181e-07 1.5534498e-06 1 0 0 0 0 1</matrix>
                                      </node>
                                    </node>
                                  </node>
                                  <node id="B_R_Finger2"  name="B_R_Finger2" type="NODE">
                                    <matrix sid="matrix">0.25808516 -0.96503454 -0.04582946 11.814018 0.96096492 0.25152361 0.11524856 2.4381104 -0.099691652 -0.073784441 0.99227887 -0.83572388 0 0 0 1</matrix>
                                    <node id="B_R_Finger21"  name="B_R_Finger21" type="NODE">
                                      <matrix sid="matrix">-0.62068528 -0.78405982 1.6284515e-07 5.1996002 0.78405982 -0.62068528 4.4249742e-07 0 -2.4586885e-07 4.0233195e-07 1 -3.6239624e-05 0 0 0 1</matrix>
                                      <node id="B_R_Finger22"  name="B_R_Finger22" type="NODE">
                                        <matrix sid="matrix">0.4482848 -0.8938908 5.8178523e-07 5.199585 0.8938908 0.4482848 -1.1002579e-06 0 7.227049e-07 1.0132813e-06 1 3.4332275e-05 0 0 0 1</matrix>
                                      </node>
                                    </node>
                                  </node>
                                  <node id="B_R_Finger3"  name="B_R_Finger3" type="NODE">
                                    <matrix sid="matrix">0.1384709 -0.99036646 -0.00029830655 11.814018 0.99036652 0.13847092 -5.9310954e-05 1.9342575 0.00010004637 -0.00028721997 0.99999994 -4.6002464 0 0 0 1</matrix>
                                    <node id="B_R_Finger31"  name="B_R_Finger31" type="NODE">
                                      <matrix sid="matrix">-0.058768291 -0.99827164 3.0712931e-07 4.4567871 0.99827164 -0.058768291 1.0764244e-07 1.5258789e-05 -8.9406932e-08 3.1292444e-07 1 0 0 0 0 1</matrix>
                                      <node id="B_R_Finger32"  name="B_R_Finger32" type="NODE">
                                        <matrix sid="matrix">-0.058763649 -0.99827194 1.106066e-06 4.4568176 0.99827194 -0.058763649 -7.8572771e-07 -7.6293945e-06 8.4936636e-07 1.0579824e-06 1 -1.5258789e-05 0 0 0 1</matrix>
                                      </node>
                                    </node>
                                  </node>
                                  <node id="B_R_Finger4"  name="B_R_Finger4" type="NODE">
                                    <matrix sid="matrix">0.14714444 -0.98122954 0.124648 11.857231 0.98368669 0.15835477 0.085347183 4.0529022 -0.10348378 0.11005621 0.98852348 -6.5145607 0 0 0 1</matrix>
                                    <node id="B_R_Finger41"  name="B_R_Finger41" type="NODE">
                                      <matrix sid="matrix">-0.18123251 -0.98344028 3.5047259e-07 3.3276749 0.98344028 -0.18123251 1.1403829e-06 3.0517578e-05 -1.0579814e-06 5.5134331e-07 1 3.0517578e-05 0 0 0 1</matrix>
                                      <node id="B_R_Finger42"  name="B_R_Finger42" type="NODE">
                                        <matrix sid="matrix">0.0019800214 -0.99999803 9.9893737e-07 3.3276978 0.99999803 0.0019800214 2.8114439e-07 3.0517578e-05 -2.8312178e-07 9.9837871e-07 1 0 0 0 0 1</matrix>
                                      </node>
                                    </node>
                                  </node>
                                </node>
                              </node>
                            </node>
                          </node>
                        </node>
                        <node id="B_Neck"  name="B_Neck" type="NODE">
                          <matrix sid="matrix">0.9745459 -0.20556875 -0.089452893 27.039734 0.20928566 0.97725385 0.034271017 1.1282334 0.080373123 -0.052119885 0.99540126 0.00061273575 0 0 0 1</matrix>
                          <node id="B_Head"  name="B_Head" type="NODE">
                            <matrix sid="matrix">0.98408651 0.17358989 -0.03795024 10.019318 -0.16961534 0.85404319 -0.49177316 1.4083176 -0.052955709 0.49038428 0.86989594 1.9073486e-06 0 0 0 1</matrix>
                          </node>
                        </node>
                      </node>
                    </node>
                  </node>
                  <node id="B_L_Thigh"  name="B_L_Thigh" type="NODE">
                    <matrix sid="matrix">-0.88179427 0.28008488 -0.37946194 0 0.35161984 0.92662656 -0.13314189 1.7642975e-05 0.31432846 -0.25083008 -0.91557735 11.161455 0 0 0 1</matrix>
                    <node id="B_L_Calf"  name="B_L_Calf" type="NODE">
                      <matrix sid="matrix">0.87463343 0.4847849 4.43001e-07 50.282753 -0.4847849 0.87463343 7.9918618e-06 0 3.4868706e-06 -7.2047096e-06 1 3.8146973e-06 0 0 0 1</matrix>
                      <node id="B_L_Foot"  name="B_L_Foot" type="NODE">
                        <matrix sid="matrix">0.90702891 -0.23339605 -0.35046384 39.728127 0.18250798 0.96798939 -0.17229997 -5.0067902e-06 0.37945944 0.092318594 0.920591 0 0 0 0 1</matrix>
                        <node id="B_L_Toe0"  name="B_L_Toe0" type="NODE">
                          <matrix sid="matrix">-4.3711388e-08 -1 -5.6529217e-08 18.214441 1 -4.3711388e-08 -2.4709704e-15 14.545954 0 -5.6529217e-08 1 0.020652771 0 0 0 1</matrix>
                        </node>
                      </node>
                    </node>
                  </node>
                  <node id="B_R_Thigh"  name="B_R_Thigh" type="NODE">
                    <matrix sid="matrix">-0.87342393 0.42952695 0.22942808 0 0.18169129 0.72456956 -0.66482115 -1.2397766e-05 -0.45179525 -0.53898561 -0.71089768 -11.161448 0 0 0 1</matrix>
                    <node id="B_R_Calf"  name="B_R_Calf" type="NODE">
                      <matrix sid="matrix">0.69287908 0.72105384 -1.473461e-07 50.282749 -0.72105384 0.69287908 -4.7500635e-06 3.8146973e-06 -3.3229583e-06 3.3974641e-06 1 1.9073486e-06 0 0 0 1</matrix>
                      <node id="B_R_Foot"  name="B_R_Foot" type="NODE">
                        <matrix sid="matrix">0.91488928 -0.3172251 0.24969138 39.728123 0.33217561 0.94302547 -0.01903379 -2.8610229e-06 -0.22942734 0.1003552 0.9681384 5.7220459e-06 0 0 0 1</matrix>
                        <node id="B_R_Toe0"  name="B_R_Toe0" type="NODE">
                          <matrix sid="matrix">-4.3711388e-08 -1 5.8227573e-07 18.214441 1 -4.3711768e-08 -6.5565109e-07 14.545958 6.5565109e-07 5.8227567e-07 1 -0.020654678 0 0 0 1</matrix>
                        </node>
                      </node>
                    </node>
                  </node>
                </node>
              </node>
            </node>
          </node>
        </node>
      </node>
      <node id="Exporter_aAssimpFbxa_PreRotation"  name="Exporter_$AssimpFbx$_PreRotation" type="NODE">
        <matrix sid="matrix">1 0 0 0 0 -4.3711388e-08 1 0 0 -1 -4.3711388e-08 0 0 0 0 1</matrix>
        <node id="Exporter"  name="Exporter" type="NODE">
          <matrix sid="matrix">1 0 0 0 0 1 0 0 0 0 1 0 0 0 0 1</matrix>
        </node>
      </node>
    </visual_scene>
  </library_visual_scenes>
  <library_animations>
    <animation id="TakeW001AnimId0" name="Take 001">
      <source id="B_Head_matrix-input" name="B_Head_matrix-input">
        <float_array id="B_Head_matrix-input-array" count="17"> 0 1 2 3 4 5 6 7 8 9 10 11 12 13 14 15 16 </float_array>
        <technique_common>
          <accessor count="17" offset="0" source="#B_Head_matrix-input-array" stride="1">
            <param name="TIME" type="float" />
          </accessor>
        </technique_common>
      </source>
      <source id="B_Head_matrix-output" name="B_Head_matrix-output">
        <float_array id="B_Head_matrix-output-array" count="272"> 0.98408669 0.1735899 -0.037950244 10.019318 -0.16961534 0.8540433 -0.49177328 1.4083176 -0.052955713 0.49038437 0.86989611 1.9073486e-06 0 0 0 1 0.9120115 0.20679405 -0.35421863 10.019302 -0.39834976 0.65234894 -0.64479309 1.4083138 0.097734779 0.7291618 0.67732626 0 0 0 0 1 0.74428821 0.040295411 -0.66664213 10.019318 -0.64418596 0.30672064 -0.70067632 1.4083061 0.17623882 0.95094675 0.25424615 3.8146973e-06 0 0 0 1 0.74428815 0.040295325 -0.66664159 10.019318 -0.64418554 0.30672044 -0.70067638 1.4083176 0.17623858 0.95094705 0.25424576 0 0 0 0 1 0.72078282 -0.14589055 -0.67763418 10.019318 -0.65985048 0.15499724 -0.73523676 1.4083138 0.21229546 0.97708344 0.015453398 0 0 0 0 1 0.50113666 -0.35191211 -0.790582 10.019302 -0.7282536 0.32198748 -0.60495478 1.4083138 0.46744806 0.87890971 -0.094921604 7.6293945e-06 0 0 0 1 0.85888511 0.26070714 -0.44084963 10.019302 -0.16305573 0.95515227 0.247179 1.4083176 0.48551983 -0.14041533 0.8628754 -1.9073486e-06 0 0 0 1 0.90243125 0.40772465 0.13920644 10.019318 -0.28085265 0.31170323 0.90772349 1.4083214 0.3267104 -0.85825485 0.3958011 0 0 0 0 1 0.88042253 0.45455298 0.13504504 10.019318 -0.34902516 0.42841175 0.83345324 1.4083176 0.32099387 -0.78092521 0.53583401 -3.8146973e-06 0 0 0 1 0.86698133 0.4916451 0.081414737 10.019302 -0.40341318 0.5964883 0.69387299 1.4083176 0.29257613 -0.63441908 0.71548009 -3.8146973e-06 0 0 0 1 0.86154425 0.50765795 -0.0049998439 10.019318 -0.44348368 0.75735456 0.47930777 1.4083214 0.24711126 -0.41072762 0.87763208 -1.9073486e-06 0 0 0 1 0.86262137 0.49550191 -0.10179754 10.019302 -0.46841297 0.85841554 0.20907585 1.4083176 0.19098204 -0.13267004 0.97258651 1.1920929e-06 0 0 0 1 0.86991 0.45777097 -0.18358153 10.019318 -0.47636983 0.87626934 -0.072273105 1.4083138 0.12778237 0.15032376 0.98034406 9.5367432e-07 0 0 0 1 0.88474756 0.40670669 -0.22762081 10.019318 -0.46224776 0.82814604 -0.3170194 1.4083138 0.059569351 0.38569966 0.920699 -3.8146973e-06 0 0 0 1 0.92505592 0.33420822 -0.18048856 10.019318 -0.37978205 0.80625057 -0.45356968 1.4083099 -0.0060677221 0.48812383 0.87275314 -1.9073486e-06 0 0 0 1 0.96783191 0.23692089 -0.084679641 10.019333 -0.24788114 0.84025276 -0.48221436 1.4083138 -0.043094352 0.48769268 0.87195134 0 0 0 0 1 0.98408669 0.1735899 -0.037950259 10.019318 -0.16961536 0.85404319 -0.49177328 1.4083176 -0.052955717 0.49038437 0.86989599 1.9073486e-06 0 0 0 1 </float_array>
        <technique_common>
          <accessor count="17" offset="0" source="#B_Head_matrix-output-array" stride="16">
            <param name="TRANSFORM" type="float4x4" />
          </accessor>
        </technique_common>
      </source>
      <source id="B_Head_matrix-interpolation">
        <Name_array id="B_Head_matrix-interpolation-array" count="17"> LINEAR LINEAR LINEAR LINEAR LINEAR LINEAR LINEAR LINEAR LINEAR LINEAR LINEAR LINEAR LINEAR LINEAR LINEAR LINEAR LINEAR </Name_array>
        <technique_common>
          <accessor source="#B_Head_matrix-interpolation-array" count="17" stride="1">
            <param name="INTERPOLATION" type="name"></param>
          </accessor>
        </technique_common>
      </source>
      <source id="B_L_Calf_matrix-input" name="B_L_Calf_matrix-input">
        <float_array id="B_L_Calf_matrix-input-array" count="17"> 0 1 2 3 4 5 6 7 8 9 10 11 12 13 14 15 16 </float_array>
        <technique_common>
          <accessor count="17" offset="0" source="#B_L_Calf_matrix-input-array" stride="1">
            <param name="TIME" type="float" />
          </accessor>
        </technique_common>
      </source>
      <source id="B_L_Calf_matrix-output" name="B_L_Calf_matrix-output">
        <float_array id="B_L_Calf_matrix-output-array" count="272"> 0.87463373 0.48478499 4.4300083e-07 50.282753 -0.48478505 0.87463361 7.9918627e-06 0 3.4868715e-06 -7.2047114e-06 1.0000001 3.8146973e-06 0 0 0 1 0.85554653 0.51772612 5.3604271e-07 50.282753 -0.51772618 0.85554641 7.9661704e-06 0 3.6656859e-06 -7.0929527e-06 0.99999988 3.8146973e-06 0 0 0 1 0.9384858 0.34531897 3.845185e-07 50.282749 -0.34531897 0.9384858 8.035624e-06 9.5367432e-07 2.4139881e-06 -7.6740998e-06 1.0000001 3.8146973e-06 0 0 0 1 0.84729707 0.53111917 5.672461e-07 50.282738 -0.53111905 0.84729731 7.9189713e-06 2.8610229e-06 3.7252905e-06 -7.0109986e-06 0.99999988 0 0 0 0 1 0.86388135 0.50369561 6.1621358e-07 50.282745 -0.50369561 0.86388135 7.9202691e-06 9.5367432e-07 3.4570694e-06 -7.1525569e-06 1 0 0 0 0 1 0.571863 0.82034934 8.2803899e-07 50.282745 -0.82034934 0.571863 7.6976721e-06 0 5.8412556e-06 -5.0812951e-06 1 0 0 0 0 1 0.12610456 0.99201721 9.8429518e-07 50.282749 -0.99201721 0.12610456 7.2638873e-06 7.6293945e-06 7.0817769e-06 -1.8924475e-06 1 3.8146973e-06 0 0 0 1 0.14565547 0.98933583 9.3378503e-07 50.282772 -0.98933548 0.14565553 7.2127514e-06 0 6.99982e-06 -1.9744039e-06 1 1.9073486e-06 0 0 0 1 0.16003378 0.98711187 9.2992195e-07 50.282749 -0.98711163 0.16003382 7.1834793e-06 -7.6293945e-06 6.9420776e-06 -2.0675366e-06 1 5.7220459e-06 0 0 0 1 0.17524882 0.98452455 9.7616669e-07 50.282761 -0.98452431 0.17524886 7.3181409e-06 7.6293945e-06 7.0338142e-06 -2.2435561e-06 1.0000001 0 0 0 0 1 0.19358942 0.98108304 9.1982702e-07 50.282753 -0.9810828 0.19358946 7.3077504e-06 0 6.991439e-06 -2.3171301e-06 1 3.8146973e-06 0 0 0 1 0.21689555 0.97619522 7.7687412e-07 50.282761 -0.97619498 0.2168956 7.3068713e-06 0 6.9644302e-06 -2.3432083e-06 1.0000001 3.8146973e-06 0 0 0 1 0.24663529 0.96910858 9.3700373e-07 50.282753 -0.96910858 0.24663529 7.2538342e-06 7.6293945e-06 6.7986543e-06 -2.6971102e-06 1 0 0 0 0 1 0.41986248 0.90758806 8.9674995e-07 50.282753 -0.90758801 0.41986254 7.4665595e-06 0 6.4000483e-06 -3.9488082e-06 1 7.6293945e-06 0 0 0 1 0.58034456 0.81437123 7.9819205e-07 50.282745 -0.81437123 0.58034456 7.5585563e-06 0 5.6922436e-06 -5.036592e-06 0.99999994 3.8146973e-06 0 0 0 1 0.76358241 0.64571083 6.7969728e-07 50.282749 -0.64571083 0.76358241 7.8653793e-06 0 4.5597544e-06 -6.4447518e-06 1.0000001 3.8146973e-06 0 0 0 1 0.87463474 0.48478279 3.5755806e-07 50.282745 -0.48478279 0.87463474 8.0221744e-06 1.9073486e-06 3.5762789e-06 -7.1898103e-06 1 7.6293945e-06 0 0 0 1 </float_array>
        <technique_common>
          <accessor count="17" offset="0" source="#B_L_Calf_matrix-output-array" stride="16">
            <param name="TRANSFORM" type="float4x4" />
          </accessor>
        </technique_common>
      </source>
      <source id="B_L_Calf_matrix-interpolation">
        <Name_array id="B_L_Calf_matrix-interpolation-array" count="17"> LINEAR LINEAR LINEAR LINEAR LINEAR LINEAR LINEAR LINEAR LINEAR LINEAR LINEAR LINEAR LINEAR LINEAR LINEAR LINEAR LINEAR </Name_array>
        <technique_common>
          <accessor source="#B_L_Calf_matrix-interpolation-array" count="17" stride="1">
            <param name="INTERPOLATION" type="name"></param>
          </accessor>
        </technique_common>
      </source>
      <source id="B_L_Clavicle_matrix-input" name="B_L_Clavicle_matrix-input">
        <float_array id="B_L_Clavicle_matrix-input-array" count="17"> 0 1 2 3 4 5 6 7 8 9 10 11 12 13 14 15 16 </float_array>
        <technique_common>
          <accessor count="17" offset="0" source="#B_L_Clavicle_matrix-input-array" stride="1">
            <param name="TIME" type="float" />
          </accessor>
        </technique_common>
      </source>
      <source id="B_L_Clavicle_matrix-output" name="B_L_Clavicle_matrix-output">
        <float_array id="B_L_Clavicle_matrix-output-array" count="272"> -0.017590877 -0.00078468013 0.99984497 17.736832 -0.17375678 -0.98478109 -0.0038298666 0.073141098 0.98463124 -0.17379722 0.017186761 5.0180163 0 0 0 1 -0.017590763 -0.00078600657 0.99984485 17.736847 -0.17375708 -0.98478138 -0.0038311474 0.073139191 0.98463166 -0.17379753 0.01718634 5.0180178 0 0 0 1 -0.017590521 -0.0007829367 0.99984485 17.736839 -0.17375682 -0.98478115 -0.0038280704 0.073143005 0.98463148 -0.17379723 0.017186638 5.0180092 0 0 0 1 -0.017590279 -0.00078080612 0.99984479 17.736847 -0.17375608 -0.9847815 -0.003825932 0.073141098 0.98463124 -0.17379655 0.017186876 5.0180149 0 0 0 1 -0.017591109 -0.00078921049 0.99984515 17.736862 -0.17375658 -0.98478162 -0.0038343449 0.073141098 0.98463106 -0.17379725 0.017186107 5.0180225 0 0 0 1 -0.017591236 -0.00078846543 0.99984497 17.736855 -0.17375663 -0.98478174 -0.003833629 0.073139191 0.98463148 -0.17379719 0.017186282 5.0180206 0 0 0 1 -0.017590757 -0.00078325748 0.99984491 17.736847 -0.17375654 -0.98478174 -0.0038284208 0.073139191 0.98463136 -0.17379704 0.017186759 5.0180168 0 0 0 1 -0.017590407 -0.00078186375 0.99984533 17.736847 -0.17375714 -0.98478091 -0.0038270219 0.073135376 0.98463172 -0.17379743 0.017186826 5.0180206 0 0 0 1 -0.017590284 -0.00078070146 0.99984473 17.736847 -0.17375708 -0.98478091 -0.0038258648 0.073143005 0.98463148 -0.17379738 0.017186936 5.0180092 0 0 0 1 -0.01759088 -0.00078408414 0.99984503 17.736847 -0.17375728 -0.98478121 -0.0038292781 0.073139191 0.98463142 -0.17379768 0.017186821 5.0180168 0 0 0 1 -0.017590759 -0.00078457553 0.99984533 17.736847 -0.17375727 -0.98478073 -0.003829726 0.07314682 0.98463142 -0.17379764 0.017186467 5.018013 0 0 0 1 -0.017591003 -0.00078503037 0.99984503 17.736847 -0.17375742 -0.98478121 -0.0038302317 0.073143005 0.98463166 -0.1737978 0.017186701 5.0180168 0 0 0 1 -0.017590757 -0.00078478426 0.99984491 17.736847 -0.17375723 -0.98478067 -0.0038299635 0.073143005 0.98463106 -0.17379764 0.017186761 5.0180168 0 0 0 1 -0.017590517 -0.00078386831 0.99984479 17.736862 -0.17375644 -0.9847815 -0.0038290089 0.073141098 0.98463124 -0.17379694 0.017186578 5.018014 0 0 0 1 -0.017590642 -0.00078388315 0.99984497 17.736862 -0.17375672 -0.98478138 -0.0038290245 0.07313633 0.98463154 -0.17379715 0.01718658 5.0180159 0 0 0 1 -0.017590877 -0.00078468013 0.99984485 17.736847 -0.1737569 -0.98478109 -0.0038298662 0.073141098 0.98463124 -0.17379734 0.017186759 5.0180168 0 0 0 1 -0.017590877 -0.00078456092 0.99984497 17.736832 -0.17375678 -0.98478109 -0.0038297474 0.073141098 0.98463124 -0.17379722 0.017186821 5.0180163 0 0 0 1 </float_array>
        <technique_common>
          <accessor count="17" offset="0" source="#B_L_Clavicle_matrix-output-array" stride="16">
            <param name="TRANSFORM" type="float4x4" />
          </accessor>
        </technique_common>
      </source>
      <source id="B_L_Clavicle_matrix-interpolation">
        <Name_array id="B_L_Clavicle_matrix-interpolation-array" count="17"> LINEAR LINEAR LINEAR LINEAR LINEAR LINEAR LINEAR LINEAR LINEAR LINEAR LINEAR LINEAR LINEAR LINEAR LINEAR LINEAR LINEAR </Name_array>
        <technique_common>
          <accessor source="#B_L_Clavicle_matrix-interpolation-array" count="17" stride="1">
            <param name="INTERPOLATION" type="name"></param>
          </accessor>
        </technique_common>
      </source>
      <source id="B_L_Finger0_matrix-input" name="B_L_Finger0_matrix-input">
        <float_array id="B_L_Finger0_matrix-input-array" count="17"> 0 1 2 3 4 5 6 7 8 9 10 11 12 13 14 15 16 </float_array>
        <technique_common>
          <accessor count="17" offset="0" source="#B_L_Finger0_matrix-input-array" stride="1">
            <param name="TIME" type="float" />
          </accessor>
        </technique_common>
      </source>
      <source id="B_L_Finger0_matrix-output" name="B_L_Finger0_matrix-output">
        <float_array id="B_L_Finger0_matrix-output-array" count="272"> 0.80900669 0.13246383 0.57267946 1.4603195 0.15583256 0.89108181 -0.4262515 1.9355545 -0.56676698 0.43408266 0.70024836 -2.4376526 0 0 0 1 0.80900496 0.13246475 0.57268059 1.4603195 0.15583172 0.89108098 -0.42625302 1.9355545 -0.56676626 0.43408251 0.70024931 -2.4376564 0 0 0 1 0.80900759 0.13246202 0.57267922 1.4603348 0.15583362 0.89108181 -0.42624986 1.9355392 -0.56676698 0.43408185 0.7002486 -2.4376602 0 0 0 1 0.80901098 0.13245758 0.57267767 1.46035 0.15583637 0.89108247 -0.42624483 1.9355621 -0.56676781 0.43408021 0.700248 -2.4376564 0 0 0 1 0.80900526 0.13245864 0.57268137 1.4603271 0.1558354 0.89108276 -0.42624784 1.9355469 -0.56676525 0.43408099 0.70025069 -2.4376564 0 0 0 1 0.80900651 0.13246442 0.57267922 1.4603271 0.15583183 0.89108098 -0.42625198 1.9355469 -0.5667668 0.43408218 0.70024854 -2.4376526 0 0 0 1 0.80900621 0.13245793 0.57268041 1.4603271 0.15583616 0.8910833 -0.42624685 1.9355469 -0.56676537 0.43408144 0.70024979 -2.4376526 0 0 0 1 0.80900604 0.1324676 0.57267934 1.4603157 0.15582976 0.89108008 -0.42625487 1.9355316 -0.56676722 0.43408278 0.70024836 -2.4376602 0 0 0 1 0.80900651 0.1324641 0.57267898 1.4603271 0.1558325 0.89108139 -0.42625165 1.9355469 -0.56676686 0.43408284 0.70024776 -2.4376526 0 0 0 1 0.8090089 0.13246265 0.57267803 1.4603386 0.15583324 0.89108139 -0.42624974 1.9355469 -0.56676769 0.43408188 0.70024759 -2.4376564 0 0 0 1 0.80900669 0.13246977 0.57267809 1.4603195 0.15582894 0.8910802 -0.42625627 1.9355316 -0.56676799 0.43408421 0.70024657 -2.4376526 0 0 0 1 0.80900902 0.13246369 0.57267749 1.4603386 0.15583284 0.89108127 -0.4262504 1.9355316 -0.56676799 0.43408242 0.70024663 -2.4376526 0 0 0 1 0.80900681 0.13246797 0.57267827 1.4603348 0.1558302 0.89108074 -0.42625463 1.9355392 -0.56676793 0.43408385 0.70024657 -2.4376602 0 0 0 1 0.80900508 0.13246138 0.57268161 1.4603157 0.15583323 0.89108139 -0.42625022 1.9355469 -0.56676579 0.43408057 0.70025122 -2.4376602 0 0 0 1 0.80900639 0.1324614 0.57268041 1.4603271 0.15583387 0.89108199 -0.42624983 1.9355545 -0.56676632 0.43408161 0.70024961 -2.4376526 0 0 0 1 0.80900633 0.1324634 0.57268006 1.4603233 0.15583239 0.89108127 -0.42625126 1.9355469 -0.5667668 0.43408167 0.70024931 -2.4376602 0 0 0 1 0.80900633 0.1324638 0.57267964 1.4603271 0.15583257 0.89108151 -0.42625186 1.9355316 -0.56676662 0.43408272 0.7002486 -2.4376678 0 0 0 1 </float_array>
        <technique_common>
          <accessor count="17" offset="0" source="#B_L_Finger0_matrix-output-array" stride="16">
            <param name="TRANSFORM" type="float4x4" />
          </accessor>
        </technique_common>
      </source>
      <source id="B_L_Finger0_matrix-interpolation">
        <Name_array id="B_L_Finger0_matrix-interpolation-array" count="17"> LINEAR LINEAR LINEAR LINEAR LINEAR LINEAR LINEAR LINEAR LINEAR LINEAR LINEAR LINEAR LINEAR LINEAR LINEAR LINEAR LINEAR </Name_array>
        <technique_common>
          <accessor source="#B_L_Finger0_matrix-interpolation-array" count="17" stride="1">
            <param name="INTERPOLATION" type="name"></param>
          </accessor>
        </technique_common>
      </source>
      <source id="B_L_Finger01_matrix-input" name="B_L_Finger01_matrix-input">
        <float_array id="B_L_Finger01_matrix-input-array" count="17"> 0 1 2 3 4 5 6 7 8 9 10 11 12 13 14 15 16 </float_array>
        <technique_common>
          <accessor count="17" offset="0" source="#B_L_Finger01_matrix-input-array" stride="1">
            <param name="TIME" type="float" />
          </accessor>
        </technique_common>
      </source>
      <source id="B_L_Finger01_matrix-output" name="B_L_Finger01_matrix-output">
        <float_array id="B_L_Finger01_matrix-output-array" count="272"> 0.8029933 -0.59598827 -2.344039e-07 3.7140198 0.59598833 0.80299318 -9.0469975e-08 -7.6293945e-06 2.4214387e-07 -6.7055211e-08 0.99999976 -2.6702881e-05 0 0 0 1 0.8029933 -0.59598815 1.2245206e-08 3.7140045 0.59598833 0.80299306 6.4759554e-08 0 -4.8428774e-08 -4.4703491e-08 0.9999997 -2.2888184e-05 0 0 0 1 0.80299336 -0.59598815 -2.060324e-07 3.7140045 0.59598821 0.80299324 -7.8690867e-08 0 2.1234155e-07 -5.9604652e-08 0.99999964 -2.2888184e-05 0 0 0 1 0.80299318 -0.59598821 -8.3758678e-08 3.7140121 0.59598827 0.80299312 -6.2166386e-08 -7.6293945e-06 1.0430811e-07 0 0.99999964 -1.5258789e-05 0 0 0 1 0.80299336 -0.59598827 -1.7761829e-08 3.7140007 0.59598839 0.80299318 2.3931054e-08 0 0 -2.9802321e-08 0.99999976 -3.0517578e-05 0 0 0 1 0.8029933 -0.59598815 -1.2151984e-08 3.7140045 0.59598827 0.80299306 -4.6133334e-08 -7.6293945e-06 3.7252899e-08 2.9802319e-08 0.99999958 -2.2888184e-05 0 0 0 1 0.8029933 -0.59598821 -2.9727358e-08 3.7140045 0.59598833 0.80299312 1.5050144e-08 0 1.4901161e-08 -2.9802322e-08 0.99999976 -2.4795532e-05 0 0 0 1 0.8029933 -0.59598821 3.2710696e-09 3.7140083 0.59598833 0.80299312 5.8098863e-08 1.5258789e-05 -3.7252899e-08 -4.470348e-08 0.99999976 -2.0980835e-05 0 0 0 1 0.80299306 -0.59598821 1.9507587e-08 3.7140007 0.59598815 0.80299318 6.4350665e-08 -1.5258789e-05 -5.4016706e-08 -4.0046871e-08 0.9999997 -2.2888184e-05 0 0 0 1 0.8029933 -0.59598827 -3.8794727e-08 3.7139969 0.59598833 0.80299318 -1.0236755e-08 -1.5258789e-05 3.7252899e-08 -1.490116e-08 0.99999976 -1.7166138e-05 0 0 0 1 0.80299336 -0.59598809 -6.0014088e-08 3.7140045 0.59598821 0.80299318 -8.1656978e-08 0 9.6857562e-08 2.9802326e-08 0.99999952 -2.2888184e-05 0 0 0 1 0.80299318 -0.59598821 -3.7159204e-08 3.7140083 0.59598827 0.80299306 1.8812681e-08 -1.5258789e-05 1.8626451e-08 -3.7252907e-08 0.99999982 -1.6212463e-05 0 0 0 1 0.80299318 -0.59598827 9.3131064e-08 3.7140045 0.59598827 0.80299318 -4.661585e-10 0 -7.4505806e-08 5.5879354e-08 0.9999997 -1.4305115e-05 0 0 0 1 0.80299336 -0.59598827 -4.7116281e-08 3.7140045 0.59598839 0.80299318 1.1348607e-07 0 -2.9802326e-08 -1.1920932e-07 0.99999982 -1.9073486e-05 0 0 0 1 0.8029933 -0.59598815 -4.1692875e-08 3.7140045 0.59598827 0.80299306 6.1692322e-09 1.5258789e-05 2.9802322e-08 -2.9802322e-08 0.99999958 -1.9073486e-05 0 0 0 1 0.80299336 -0.59598809 2.3931053e-08 3.7139969 0.59598821 0.80299312 1.7761822e-08 -1.5258789e-05 -2.9802322e-08 0 0.99999964 -2.2888184e-05 0 0 0 1 0.8029933 -0.59598815 -1.3508034e-07 3.7140121 0.59598827 0.80299306 -4.4586699e-08 -7.6293945e-06 1.3504179e-07 -4.4703476e-08 0.99999976 -2.2888184e-05 0 0 0 1 </float_array>
        <technique_common>
          <accessor count="17" offset="0" source="#B_L_Finger01_matrix-output-array" stride="16">
            <param name="TRANSFORM" type="float4x4" />
          </accessor>
        </technique_common>
      </source>
      <source id="B_L_Finger01_matrix-interpolation">
        <Name_array id="B_L_Finger01_matrix-interpolation-array" count="17"> LINEAR LINEAR LINEAR LINEAR LINEAR LINEAR LINEAR LINEAR LINEAR LINEAR LINEAR LINEAR LINEAR LINEAR LINEAR LINEAR LINEAR </Name_array>
        <technique_common>
          <accessor source="#B_L_Finger01_matrix-interpolation-array" count="17" stride="1">
            <param name="INTERPOLATION" type="name"></param>
          </accessor>
        </technique_common>
      </source>
      <source id="B_L_Finger02_matrix-input" name="B_L_Finger02_matrix-input">
        <float_array id="B_L_Finger02_matrix-input-array" count="17"> 0 1 2 3 4 5 6 7 8 9 10 11 12 13 14 15 16 </float_array>
        <technique_common>
          <accessor count="17" offset="0" source="#B_L_Finger02_matrix-input-array" stride="1">
            <param name="TIME" type="float" />
          </accessor>
        </technique_common>
      </source>
      <source id="B_L_Finger02_matrix-output" name="B_L_Finger02_matrix-output">
