<?xml version="1.0" encoding="UTF-8" standalone="no" ?>
<COLLADA xmlns="http://www.collada.org/2005/11/COLLADASchema" version="1.4.1">
  <asset>
    <contributor>
      <author>Assimp</author>
      <authoring_tool>FBX SDK/FBX Plugins version 2013.1</authoring_tool>
    </contributor>
    <created>2020-08-21T10:31:00</created>
    <modified>2020-08-21T10:31:00</modified>
    <unit name="meter" meter="1" />
    <up_axis>Y_UP</up_axis>
  </asset>
  <library_geometries>
  </library_geometries>
  <library_controllers>
  </library_controllers>
  <library_visual_scenes>
    <visual_scene id="RootNode" name="RootNode">
      <node id="Motion_aAssimpFbxa_Translation"  name="Motion_$AssimpFbx$_Translation" type="NODE">
        <matrix sid="matrix">1 0 0 9.92585e-07 0 1 0 0 0 0 1 -0.17328988 0 0 0 1</matrix>
        <node id="Motion_aAssimpFbxa_PreRotation"  name="Motion_$AssimpFbx$_PreRotation" type="NODE">
          <matrix sid="matrix">1 0 0 0 0 -4.3711388e-08 1 0 0 -1 -4.3711388e-08 0 0 0 0 1</matrix>
          <node id="Motion_aAssimpFbxa_Rotation"  name="Motion_$AssimpFbx$_Rotation" type="NODE">
            <matrix sid="matrix">1.3868001e-06 1 0 0 -1 1.3868001e-06 0 0 0 0 1 0 0 0 0 1</matrix>
            <node id="Motion_aAssimpFbxa_Scaling"  name="Motion_$AssimpFbx$_Scaling" type="NODE">
              <matrix sid="matrix">1 0 0 0 0 1 0 0 0 0 1 0 0 0 0 1</matrix>
              <node id="Motion"  name="Motion" type="NODE">
                <matrix sid="matrix">1 0 0 0 0 1 0 0 0 0 1 0 0 0 0 1</matrix>
                <node id="B_Pelvis"  name="B_Pelvis" type="NODE">
                  <matrix sid="matrix">-4.3711388e-08 0.60876256 0.79335248 0.17329331 0 -0.79335248 0.60876256 2.6999989 1 2.6609857e-08 3.4678539e-08 98.599998 0 0 0 1</matrix>
                  <node id="B_Spine"  name="B_Spine" type="NODE">
                    <matrix sid="matrix">0.99823147 0.047404032 -0.03587313 7.6763 -0.037805337 0.97190607 0.23231289 -1.6268322 0.045877878 -0.23054582 0.97197938 0.0023474693 0 0 0 1</matrix>
                    <node id="B_Spine1"  name="B_Spine1" type="NODE">
                      <matrix sid="matrix">0.99970514 -0.024198724 0.0019994208 12.747772 0.024175962 0.99965024 0.010716197 -0.014275551 -0.0022580398 -0.0106647 0.99994057 0.00015211105 0 0 0 1</matrix>
                      <node id="B_Spine2"  name="B_Spine2" type="NODE">
                        <matrix sid="matrix">0.9988209 -0.04840361 0.003731553 17.935448 0.04831202 0.99859816 0.02162578 -0.02644372 -0.0047730873 -0.021420002 0.9997592 0.00054836273 0 0 0 1</matrix>
                        <node id="B_L_Clavicle"  name="B_L_Clavicle" type="NODE">
                          <matrix sid="matrix">-0.017590752 -0.00078529119 0.99984497 17.736832 -0.17375681 -0.98478115 -0.0038304478 0.073141098 0.98463148 -0.17379725 0.017186591 5.0180168 0 0 0 1</matrix>
                          <node id="B_L_UpperArm"  name="B_L_UpperArm" type="NODE">
                            <matrix sid="matrix">0.6765883 0.40229192 0.61675727 17.464661 -0.50647575 0.86222744 -0.006796211 6.6757202e-06 -0.53451908 -0.30777434 0.7871241 0 0 0 0 1</matrix>
                            <node id="B_L_Forearm"  name="B_L_Forearm" type="NODE">
                              <matrix sid="matrix">-0.13640097 0.98478979 0.10762791 27.62817 -0.99065369 -0.13559352 -0.014819653 -7.6293945e-06 -5.9604662e-07 -0.10864341 0.99408078 0 0 0 0 1</matrix>
                              <node id="B_L_ForeArmTwist"  name="B_L_ForeArmTwist" type="NODE">
                                <matrix sid="matrix">1 7.6817159e-08 -2.9140227e-07 11.992638 -4.4703462e-08 0.99408078 0.10864363 -7.6293945e-06 2.9802308e-07 -0.10864363 0.99408078 1.5258789e-05 0 0 0 1</matrix>
                                <node id="B_L_Hand"  name="B_L_Hand" type="NODE">
                                  <matrix sid="matrix">0.9662652 -0.095601365 0.23914845 11.992649 -0.24727459 -0.084708266 0.96523565 0 -0.072019994 -0.99180889 -0.10549044 7.6293945e-06 0 0 0 1</matrix>
                                  <node id="B_L_Finger0"  name="B_L_Finger0" type="NODE">
                                    <matrix sid="matrix">0.80900651 0.13246295 0.5726797 1.4603271 0.15583304 0.89108151 -0.42625085 1.9355469 -0.56676674 0.43408212 0.70024866 -2.4376526 0 0 0 1</matrix>
                                    <node id="B_L_Finger01"  name="B_L_Finger01" type="NODE">
                                      <matrix sid="matrix">0.80299312 -0.59598833 -1.0913886e-07 3.7140121 0.59598833 0.80299312 -7.1725282e-08 0 1.3038517e-07 -7.4505806e-09 1 -2.2888184e-05 0 0 0 1</matrix>
                                      <node id="B_L_Finger02"  name="B_L_Finger02" type="NODE">
                                        <matrix sid="matrix">0.5521847 -0.83372182 1.7730706e-09 5.5299311 0.83372182 0.5521847 9.7127476e-08 1.5258789e-05 -8.1956358e-08 -5.2154057e-08 1 2.2888184e-05 0 0 0 1</matrix>
                                      </node>
                                    </node>
                                  </node>
                                  <node id="B_L_Finger1"  name="B_L_Finger1" type="NODE">
                                    <matrix sid="matrix">0.27254966 -0.95552635 0.11263259 11.625465 0.92804056 0.23019184 -0.29283512 3.1205444 0.25388458 0.18433973 0.94950598 -3.0983505 0 0 0 1</matrix>
                                    <node id="B_L_Finger11"  name="B_L_Finger11" type="NODE">
                                      <matrix sid="matrix">-0.25881925 -0.96592575 1.5164761e-07 4.4568329 0.96592575 -0.25881925 9.7802495e-09 0 2.9802326e-08 1.4901165e-07 1 1.9073486e-05 0 0 0 1</matrix>
                                      <node id="B_L_Finger12"  name="B_L_Finger12" type="NODE">
                                        <matrix sid="matrix">0.57357562 -0.81915259 3.0395506e-07 3.3311615 0.81915259 0.57357562 -8.5494555e-08 -1.5258789e-05 -1.0430811e-07 2.9802317e-07 1 -1.9073486e-05 0 0 0 1</matrix>
                                      </node>
                                    </node>
                                  </node>
                                  <node id="B_L_Finger2"  name="B_L_Finger2" type="NODE">
                                    <matrix sid="matrix">0.25808546 -0.96503448 0.045828454 11.814087 0.9609648 0.25152406 -0.11524843 2.4381104 0.099691756 0.07378348 0.99227893 0.83572769 0 0 0 1</matrix>
                                    <node id="B_L_Finger21"  name="B_L_Finger21" type="NODE">
                                      <matrix sid="matrix">-0.62068564 -0.78405952 4.381223e-07 5.1996307 0.78405952 -0.62068564 1.1876946e-07 1.5258789e-05 1.7881389e-07 4.1723246e-07 1 7.6293945e-06 0 0 0 1</matrix>
                                      <node id="B_L_Finger22"  name="B_L_Finger22" type="NODE">
                                        <matrix sid="matrix">0.44828629 -0.89389002 2.6879846e-08 5.1996231 0.89389002 0.44828629 1.8655999e-07 1.5258789e-05 -1.7881398e-07 -5.9604659e-08 1 -7.6293945e-06 0 0 0 1</matrix>
                                      </node>
                                    </node>
                                  </node>
                                  <node id="B_L_Finger3"  name="B_L_Finger3" type="NODE">
                                    <matrix sid="matrix">0.1384708 -0.99036646 0.00029655171 11.814064 0.99036652 0.13847081 5.9135145e-05 1.9342575 -9.9629229e-05 0.00028550639 0.99999994 4.6002579 0 0 0 1</matrix>
                                    <node id="B_L_Finger31"  name="B_L_Finger31" type="NODE">
                                      <matrix sid="matrix">-0.058766745 -0.99827176 -1.0604756e-06 4.4568024 0.99827176 -0.058766745 -1.2565852e-06 7.6293945e-06 1.1920928e-06 -1.1324883e-06 1 -3.8146973e-06 0 0 0 1</matrix>
                                      <node id="B_L_Finger32"  name="B_L_Finger32" type="NODE">
                                        <matrix sid="matrix">-0.058766745 -0.99827176 -1.8812397e-06 4.4567719 0.99827176 -0.058766745 -1.5138799e-06 -1.5258789e-05 1.400709e-06 -1.9669542e-06 1 3.8146973e-06 0 0 0 1</matrix>
                                      </node>
                                    </node>
                                  </node>
                                  <node id="B_L_Finger4"  name="B_L_Finger4" type="NODE">
                                    <matrix sid="matrix">0.14714512 -0.98122907 -0.12465111 11.857201 0.98368663 0.15835576 -0.08534687 4.0529022 0.10348405 -0.11005925 0.98852313 6.5145416 0 0 0 1</matrix>
                                    <node id="B_L_Finger41"  name="B_L_Finger41" type="NODE">
                                      <matrix sid="matrix">-0.18123157 -0.98344046 -2.1605065e-06 3.327652 0.98344046 -0.18123157 -3.8982739e-06 7.6293945e-06 3.4421682e-06 -2.8312199e-06 1 1.5258789e-05 0 0 0 1</matrix>
                                      <node id="B_L_Finger42"  name="B_L_Finger42" type="NODE">
                                        <matrix sid="matrix">0.0019772795 -0.99999803 -2.1970068e-06 3.3276672 0.99999803 0.0019772795 -3.3037215e-06 -3.0517578e-05 3.3080594e-06 -2.1904702e-06 1 -1.1444092e-05 0 0 0 1</matrix>
                                      </node>
                                    </node>
                                  </node>
                                </node>
                              </node>
                            </node>
                          </node>
                        </node>
                        <node id="B_R_Clavicle"  name="B_R_Clavicle" type="NODE">
                          <matrix sid="matrix">-0.1045284 -0.00079355494 -0.9945215 17.736832 0.00023377997 -0.99999964 0.00077335455 0.074662209 -0.99452186 -0.0001516617 0.10452855 -5.0179634 0 0 0 1</matrix>
                          <node id="B_R_UpperArm"  name="B_R_UpperArm" type="NODE">
                            <matrix sid="matrix">0.65678817 0.18435121 -0.73119342 17.464642 -0.58112299 0.74166942 -0.33499634 8.5830688e-06 0.48054683 0.64493495 0.59425044 1.5258789e-05 0 0 0 1</matrix>
                            <node id="B_R_Forearm"  name="B_R_Forearm" type="NODE">
                              <matrix sid="matrix">0.12578548 0.99193633 -0.015499697 27.628178 -0.99205744 0.12577014 -0.0019651258 0 1.1920932e-07 0.015623775 0.99987793 7.6293945e-06 0 0 0 1</matrix>
                              <node id="B_R_ForeArmTwist"  name="B_R_ForeArmTwist" type="NODE">
                                <matrix sid="matrix">1 -6.0063002e-08 -2.8867444e-08 11.99263 5.9604652e-08 0.99987793 -0.015623693 -7.6293945e-06 2.9802326e-08 0.015623693 0.99987793 7.6293945e-06 0 0 0 1</matrix>
                                <node id="B_R_Hand"  name="B_R_Hand" type="NODE">
                                  <matrix sid="matrix">0.86458057 -0.066815868 -0.49803227 11.992661 -0.49769491 0.022792283 -0.86705267 -3.8146973e-06 0.069284163 0.99750501 -0.013548149 -2.2888184e-05 0 0 0 1</matrix>
                                  <node id="B_R_Finger0"  name="B_R_Finger0" type="NODE">
                                    <matrix sid="matrix">0.80900663 0.1324634 -0.5726794 1.4603195 0.15583257 0.89108151 0.42625111 1.9355469 0.56676668 -0.43408209 0.70024872 2.4376564 0 0 0 1</matrix>
                                    <node id="B_R_Finger01"  name="B_R_Finger01" type="NODE">
                                      <matrix sid="matrix">0.80299306 -0.59598839 -3.3989892e-07 3.714035 0.59598839 0.80299306 -2.959159e-08 -2.2888184e-05 2.905727e-07 -1.7881395e-07 1 0 0 0 0 1</matrix>
                                      <node id="B_R_Finger02"  name="B_R_Finger02" type="NODE">
                                        <matrix sid="matrix">0.55218476 -0.83372176 1.4069056e-07 5.5299339 0.83372176 0.55218476 -5.7435074e-08 0 -2.9802312e-08 1.4901156e-07 1 3.0517578e-05 0 0 0 1</matrix>
                                      </node>
                                    </node>
                                  </node>
                                  <node id="B_R_Finger1"  name="B_R_Finger1" type="NODE">
                                    <matrix sid="matrix">0.27254868 -0.95552653 -0.11263335 11.625458 0.92804086 0.23019072 0.292835 3.1205521 -0.25388446 -0.18434016 0.94950587 3.0983467 0 0 0 1</matrix>
                                    <node id="B_R_Finger11"  name="B_R_Finger11" type="NODE">
                                      <matrix sid="matrix">-0.25881937 -0.96592575 -1.6412758e-07 4.4568176 0.96592575 -0.25881937 -3.3371975e-08 -1.5258789e-05 -1.0244548e-08 -1.6717237e-07 1 7.6293945e-06 0 0 0 1</matrix>
                                      <node id="B_R_Finger12"  name="B_R_Finger12" type="NODE">
                                        <matrix sid="matrix">0.57357591 -0.81915241 1.8103157e-07 3.331131 0.81915241 0.57357591 7.1813282e-08 7.6293945e-06 -1.6266137e-07 1.0710207e-07 1 -1.1444092e-05 0 0 0 1</matrix>
                                      </node>
                                    </node>
                                  </node>
                                  <node id="B_R_Finger2"  name="B_R_Finger2" type="NODE">
                                    <matrix sid="matrix">0.25808468 -0.96503472 -0.045829155 11.814041 0.9609651 0.25152326 0.11524801 2.438118 -0.099691227 -0.073783964 0.99227899 -0.83572388 0 0 0 1</matrix>
                                    <node id="B_R_Finger21"  name="B_R_Finger21" type="NODE">
                                      <matrix sid="matrix">-0.62068564 -0.78405952 -4.2109104e-08 5.1996002 0.78405952 -0.62068564 -4.2837431e-08 0 7.4505802e-09 -5.960462e-08 1 -3.4332275e-05 0 0 0 1</matrix>
                                      <node id="B_R_Finger22"  name="B_R_Finger22" type="NODE">
                                        <matrix sid="matrix">0.44828641 -0.89388996 6.6799899e-09 5.1996002 0.89388996 0.44828641 1.3320002e-08 1.5258789e-05 -1.4901165e-08 0 1 3.0517578e-05 0 0 0 1</matrix>
                                      </node>
                                    </node>
                                  </node>
                                  <node id="B_R_Finger3"  name="B_R_Finger3" type="NODE">
                                    <matrix sid="matrix">0.13846996 -0.99036658 -0.00029832503 11.814072 0.99036664 0.13846998 -5.9444112e-05 1.9342651 0.00010018053 -0.00028721994 0.99999994 -4.6002502 0 0 0 1</matrix>
                                    <node id="B_R_Finger31"  name="B_R_Finger31" type="NODE">
                                      <matrix sid="matrix">-0.058766745 -0.99827176 8.7569276e-09 4.4567947 0.99827176 -0.058766745 -1.4875408e-07 0 1.4901161e-07 0 1 0 0 0 0 1</matrix>
                                      <node id="B_R_Finger32"  name="B_R_Finger32" type="NODE">
                                        <matrix sid="matrix">-0.058766745 -0.99827176 6.7815023e-07 4.4568176 0.99827176 -0.058766745 -1.0934796e-07 7.6293945e-06 1.4901165e-07 6.7055214e-07 1 -7.6293945e-06 0 0 0 1</matrix>
                                      </node>
                                    </node>
                                  </node>
                                  <node id="B_R_Finger4"  name="B_R_Finger4" type="NODE">
                                    <matrix sid="matrix">0.14714432 -0.9812296 0.12464806 11.857224 0.9836868 0.15835464 0.085346833 4.0529175 -0.10348342 0.11005635 0.98852354 -6.5145645 0 0 0 1</matrix>
                                    <node id="B_R_Finger41"  name="B_R_Finger41" type="NODE">
                                      <matrix sid="matrix">-0.18123135 -0.98344052 2.5253917e-07 3.3276825 0.98344052 -0.18123135 8.4959851e-07 1.5258789e-05 -7.8976154e-07 4.023311e-07 1 3.0517578e-05 0 0 0 1</matrix>
                                      <node id="B_R_Finger42"  name="B_R_Finger42" type="NODE">
                                        <matrix sid="matrix">0.0019769219 -0.99999803 3.1410198e-07 3.3277054 0.99999803 0.0019769219 5.9542674e-07 3.0517578e-05 -5.9604656e-07 3.1292427e-07 1 -1.1444092e-05 0 0 0 1</matrix>
                                      </node>
                                    </node>
                                  </node>
                                </node>
                              </node>
                            </node>
                          </node>
                        </node>
                        <node id="B_Neck"  name="B_Neck" type="NODE">
                          <matrix sid="matrix">0.9745459 -0.20556875 -0.089452885 27.039734 0.20928566 0.97725385 0.034270987 1.1282334 0.080373123 -0.052119855 0.99540126 0.00061249733 0 0 0 1</matrix>
                          <node id="B_Head"  name="B_Head" type="NODE">
                            <matrix sid="matrix">0.98408651 0.1735899 -0.037950229 10.019318 -0.16961534 0.85404319 -0.49177316 1.4083176 -0.052955724 0.49038428 0.86989594 0 0 0 0 1</matrix>
                          </node>
                        </node>
                      </node>
                    </node>
                  </node>
                  <node id="B_L_Thigh"  name="B_L_Thigh" type="NODE">
                    <matrix sid="matrix">-0.88179433 0.28008491 -0.37946177 0 0.35161984 0.92662656 -0.13314196 1.7642975e-05 0.31432825 -0.25083011 -0.91557741 11.161455 0 0 0 1</matrix>
                    <node id="B_L_Calf"  name="B_L_Calf" type="NODE">
                      <matrix sid="matrix">0.87463266 0.48478627 3.4675531e-07 50.282749 -0.48478627 0.87463266 8.0026221e-06 1.9073486e-06 3.5762778e-06 -7.1674567e-06 1 0 0 0 0 1</matrix>
                      <node id="B_L_Foot"  name="B_L_Foot" type="NODE">
                        <matrix sid="matrix">0.90702868 -0.23339739 -0.35046351 39.728134 0.18250918 0.96798909 -0.17230061 -2.3841858e-06 0.37945935 0.092318773 0.920591 0 0 0 0 1</matrix>
                        <node id="B_L_Toe0"  name="B_L_Toe0" type="NODE">
                          <matrix sid="matrix">-4.3711388e-08 -1 -5.6534986e-08 18.214443 1 -4.3711388e-08 -2.4712226e-15 14.545954 0 -5.6534986e-08 1 0.012386322 0 0 0 1</matrix>
                        </node>
                      </node>
                    </node>
                  </node>
                  <node id="B_R_Thigh"  name="B_R_Thigh" type="NODE">
                    <matrix sid="matrix">-0.87342405 0.42952669 0.22942814 0 0.1816911 0.72456974 -0.66482109 -1.2397766e-05 -0.4517951 -0.53898567 -0.71089774 -11.161448 0 0 0 1</matrix>
                    <node id="B_R_Calf"  name="B_R_Calf" type="NODE">
                      <matrix sid="matrix">0.69287932 0.7210536 -1.370197e-07 50.282745 -0.7210536 0.69287932 -4.7608073e-06 3.8146973e-06 -3.3378592e-06 3.3974636e-06 1 1.9073486e-06 0 0 0 1</matrix>
                      <node id="B_R_Foot"  name="B_R_Foot" type="NODE">
                        <matrix sid="matrix">0.91488945 -0.31722474 0.24969141 39.728123 0.33217528 0.94302565 -0.019033901 9.5367432e-07 -0.22942735 0.10035522 0.9681384 3.8146973e-06 0 0 0 1</matrix>
                        <node id="B_R_Toe0"  name="B_R_Toe0" type="NODE">
                          <matrix sid="matrix">-1.6292068e-07 -1 6.5523608e-07 18.214441 1 -1.6292108e-07 -6.109475e-07 14.54595 6.1094761e-07 6.5523597e-07 1 -0.012395859 0 0 0 1</matrix>
                        </node>
                      </node>
                    </node>
                  </node>
                </node>
              </node>
            </node>
          </node>
        </node>
      </node>
      <node id="Exporter_aAssimpFbxa_PreRotation"  name="Exporter_$AssimpFbx$_PreRotation" type="NODE">
        <matrix sid="matrix">1 0 0 0 0 -4.3711388e-08 1 0 0 -1 -4.3711388e-08 0 0 0 0 1</matrix>
        <node id="Exporter"  name="Exporter" type="NODE">
          <matrix sid="matrix">1 0 0 0 0 1 0 0 0 0 1 0 0 0 0 1</matrix>
        </node>
      </node>
    </visual_scene>
  </library_visual_scenes>
  <library_animations>
    <animation id="TakeW001AnimId0" name="Take 001">
      <source id="B_Head_matrix-input" name="B_Head_matrix-input">
        <float_array id="B_Head_matrix-input-array" count="35"> 0 1 2 3 4 5 6 7 8 9 10 11 12 13 14 15 16 17 18 19 20 21 22 23 24 25 26 27 28 29 30 31 32 33 34 </float_array>
        <technique_common>
          <accessor count="35" offset="0" source="#B_Head_matrix-input-array" stride="1">
            <param name="TIME" type="float" />
          </accessor>
        </technique_common>
      </source>
      <source id="B_Head_matrix-output" name="B_Head_matrix-output">
        <float_array id="B_Head_matrix-output-array" count="560"> 0.98408669 0.17358992 -0.03795024 10.019318 -0.16961536 0.8540433 -0.49177334 1.4083176 -0.052955732 0.49038437 0.86989623 0 0 0 0 1 0.98365414 0.12358031 -0.13096727 10.019333 -0.17218521 0.85836917 -0.48327526 1.4083176 0.052694943 0.49792621 0.86561733 0 0 0 0 1 0.97092575 0.06713865 -0.22977309 10.019302 -0.16991843 0.86940187 -0.46396992 1.4083099 0.16861477 0.48952276 0.8555333 1.9073486e-06 0 0 0 1 0.95130599 0.022078874 -0.30745712 10.019302 -0.16369836 0.88134444 -0.44320989 1.4083118 0.26119012 0.47195843 0.84204215 -3.8146973e-06 0 0 0 1 0.94124532 0.0010256912 -0.33772248 10.019302 -0.15558514 0.88887501 -0.43092203 1.4083157 0.29975122 0.45814762 0.8368094 -3.8146973e-06 0 0 0 1 0.95450372 0.0095413188 -0.29804578 10.019302 -0.14854789 0.88186044 -0.44749951 1.4083176 0.25856507 0.4714143 0.8431561 -3.8146973e-06 0 0 0 1 0.97738749 0.039578054 -0.20771851 10.019318 -0.13844815 0.86227328 -0.48715189 1.4083157 0.15982954 0.50489444 0.84825486 9.5367432e-07 0 0 0 1 0.99136174 0.078767218 -0.10487087 10.019302 -0.12219284 0.84520525 -0.52028537 1.4083157 0.047656 0.52860558 0.84752864 0 0 0 0 1 0.99358147 0.1094982 -0.028390706 10.019318 -0.10829793 0.84829849 -0.51832509 1.4083118 -0.032671887 0.5180729 0.85471201 -1.9073486e-06 0 0 0 1 0.99052078 0.13702404 0.0096116969 10.019318 -0.11748359 0.88136566 -0.45759416 1.4083118 -0.071172789 0.45212746 0.88910937 3.8146973e-06 0 0 0 1 0.98533708 0.16813099 0.029021354 10.019302 -0.14663962 0.9214735 -0.35969773 1.4083138 -0.087218754 0.3501676 0.93261772 0 0 0 0 1 0.9817968 0.18649733 0.035968296 10.019318 -0.17016818 0.94782376 -0.26957721 1.4083138 -0.084367067 0.25854918 0.9623071 3.8146973e-06 0 0 0 1 0.98362881 0.17669484 0.035400271 10.019318 -0.16337633 0.95728332 -0.23857085 1.4083138 -0.076042347 0.22888152 0.97047967 3.8146973e-06 0 0 0 1 0.98730481 0.15811034 0.015157284 10.019318 -0.14462833 0.93434268 -0.32570949 1.4083157 -0.065660082 0.3193824 0.94534868 -3.8146973e-06 0 0 0 1 0.98744643 0.15668054 -0.020023629 10.019318 -0.14465493 0.84609175 -0.51303351 1.4083157 -0.063440561 0.50948948 0.85813493 3.8146973e-06 0 0 0 1 0.98334455 0.17580445 -0.046111595 10.019302 -0.15430734 0.67349118 -0.72291011 1.4083138 -0.096035063 0.71798486 0.68940204 3.8146973e-06 0 0 0 1 0.97326666 0.22108719 -0.062234297 10.019318 -0.15713876 0.44334507 -0.88246936 1.4083147 -0.16751149 0.86865741 0.46623409 0 0 0 0 1 0.95658869 0.28074941 -0.078217864 10.019302 -0.1449838 0.22559957 -0.96337146 1.4083171 -0.2528201 0.93289042 0.25651014 -1.9073486e-06 0 0 0 1 0.94111425 0.32549697 -0.091405638 10.019302 -0.12813608 0.093210988 -0.98736703 1.4083104 -0.31286475 0.94093746 0.12943022 5.7220459e-06 0 0 0 1 0.93154246 0.35019651 -0.097932473 10.019318 -0.11632546 0.03182352 -0.99270135 1.4083138 -0.34452385 0.93613571 0.070381768 0 0 0 0 1 0.92317027 0.37005174 -0.1040078 10.019302 -0.10699388 -0.012508864 -0.99418116 1.4083109 -0.36919945 0.92892641 0.028045543 3.8146973e-06 0 0 0 1 0.91675264 0.38434702 -0.1088215 10.019302 -0.10068129 -0.041304819 -0.99406129 1.4083123 -0.38655934 0.9222641 0.00083023327 3.8146973e-06 0 0 0 1 0.91282803 0.39275223 -0.11176034 10.019318 -0.097549394 -0.056027755 -0.993653 1.4083078 -0.39652091 0.91793573 -0.01283098 3.8146973e-06 0 0 0 1 0.91168517 0.39519054 -0.11249348 10.019318 -0.097472474 -0.05795598 -0.99354929 1.4083154 -0.39916101 0.91676915 -0.014317392 3.8146973e-06 0 0 0 1 0.91335213 0.39175108 -0.11098906 10.019318 -0.10011938 -0.048137058 -0.99381071 1.4083095 -0.39466894 0.9188109 -0.004744174 0 0 0 0 1 0.91761875 0.38264406 -0.10751362 10.019302 -0.10503712 -0.027425524 -0.99408972 1.4083123 -0.38333133 0.92348856 0.015025671 3.8146973e-06 0 0 0 1 0.92406815 0.36820379 -0.10258738 10.019302 -0.1117034 0.0034675 -0.99373525 1.4083185 -0.36554155 0.92973864 0.044333801 3.8146973e-06 0 0 0 1 0.93212509 0.3489216 -0.096933052 10.019318 -0.11957698 0.043899242 -0.99185413 1.4083157 -0.34182385 0.93612331 0.082642578 0 0 0 0 1 0.94111425 0.32549697 -0.091405638 10.019302 -0.12813607 0.093211055 -0.98736686 1.4083109 -0.31286472 0.94093758 0.1294302 -3.8146973e-06 0 0 0 1 0.95339847 0.28934205 -0.085511915 10.019302 -0.14044665 0.17476419 -0.97454172 1.4083157 -0.26703158 0.94113672 0.20725702 3.8146973e-06 0 0 0 1 0.96681833 0.24182889 -0.082344189 10.019302 -0.1558287 0.30284655 -0.94021386 1.4083123 -0.20243306 0.92184752 0.33048171 1.9073486e-06 0 0 0 1 0.97630203 0.19972911 -0.083319142 10.019302 -0.16829135 0.45864135 -0.87254024 1.4083138 -0.13605799 0.86588484 0.48138541 2.8610229e-06 0 0 0 1 0.98114556 0.17511162 -0.081783667 10.019318 -0.17413415 0.6173833 -0.76714748 1.4083176 -0.083844513 0.7669251 0.63623595 0 0 0 0 1 0.98323745 0.16920444 -0.067923397 10.019302 -0.1735532 0.75436515 -0.63309759 1.4083157 -0.055883858 0.63427371 0.77108622 0 0 0 0 1 0.98408669 0.17358992 -0.037950248 10.019318 -0.16961536 0.8540433 -0.49177334 1.4083176 -0.052955724 0.49038437 0.86989623 1.9073486e-06 0 0 0 1 </float_array>
        <technique_common>
          <accessor count="35" offset="0" source="#B_Head_matrix-output-array" stride="16">
            <param name="TRANSFORM" type="float4x4" />
          </accessor>
        </technique_common>
      </source>
      <source id="B_Head_matrix-interpolation">
        <Name_array id="B_Head_matrix-interpolation-array" count="35"> LINEAR LINEAR LINEAR LINEAR LINEAR LINEAR LINEAR LINEAR LINEAR LINEAR LINEAR LINEAR LINEAR LINEAR LINEAR LINEAR LINEAR LINEAR LINEAR LINEAR LINEAR LINEAR LINEAR LINEAR LINEAR LINEAR LINEAR LINEAR LINEAR LINEAR LINEAR LINEAR LINEAR LINEAR LINEAR </Name_array>
        <technique_common>
          <accessor source="#B_Head_matrix-interpolation-array" count="35" stride="1">
            <param name="INTERPOLATION" type="name"></param>
          </accessor>
        </technique_common>
      </source>
      <source id="B_L_Calf_matrix-input" name="B_L_Calf_matrix-input">
        <float_array id="B_L_Calf_matrix-input-array" count="35"> 0 1 2 3 4 5 6 7 8 9 10 11 12 13 14 15 16 17 18 19 20 21 22 23 24 25 26 27 28 29 30 31 32 33 34 </float_array>
        <technique_common>
          <accessor count="35" offset="0" source="#B_L_Calf_matrix-input-array" stride="1">
            <param name="TIME" type="float" />
          </accessor>
        </technique_common>
      </source>
      <source id="B_L_Calf_matrix-output" name="B_L_Calf_matrix-output">
        <float_array id="B_L_Calf_matrix-output-array" count="560"> 0.87463272 0.48478636 3.4675557e-07 50.282749 -0.48478636 0.87463272 8.0026248e-06 1.9073486e-06 3.5762789e-06 -7.167459e-06 1.0000001 0 0 0 0 1 0.89731246 0.44139639 4.2544866e-07 50.282749 -0.44139645 0.89731234 7.9880701e-06 -3.8146973e-06 3.144145e-06 -7.3555852e-06 1 7.6293945e-06 0 0 0 1 0.92171556 0.38786742 3.4880307e-07 50.282749 -0.38786748 0.92171544 7.954256e-06 3.8146973e-06 2.7636997e-06 -7.4668492e-06 1.0000001 4.9769878e-06 0 0 0 1 0.93616962 0.35154903 3.3804656e-07 50.282745 -0.35154894 0.93616986 7.9788688e-06 1.1444092e-05 2.4884937e-06 -7.5884163e-06 1 3.8146973e-06 0 0 0 1 0.93250847 0.36114851 4.2179011e-07 50.282761 -0.36114845 0.93250859 7.9383299e-06 -3.8146973e-06 2.4735925e-06 -7.5548892e-06 1 7.6293945e-06 0 0 0 1 0.89028025 0.45541349 4.4615797e-07 50.282757 -0.4554134 0.89028043 7.9397232e-06 3.8146973e-06 3.2186508e-06 -7.2717671e-06 1 0 0 0 0 1 0.79826856 0.6023019 5.2722771e-07 50.282753 -0.6023019 0.79826856 7.9229512e-06 0 4.3511395e-06 -6.6421931e-06 1 0 0 0 0 1 0.68227482 0.73109621 6.7813522e-07 50.282749 -0.73109627 0.68227476 7.7665309e-06 0 5.2154069e-06 -5.7946886e-06 1.0000001 3.8146973e-06 0 0 0 1 0.46546423 0.88506699 8.9838136e-07 50.282742 -0.88506699 0.46546423 7.5436683e-06 0 6.2584872e-06 -4.3064356e-06 1 0 0 0 0 1 0.3493394 0.93699646 9.0018818e-07 50.282753 -0.93699646 0.3493394 7.4602117e-06 0 6.6757193e-06 -3.4496188e-06 1.0000001 7.6293945e-06 0 0 0 1 0.30781701 0.951446 9.30326e-07 50.282761 -0.95144558 0.30781716 7.4113527e-06 0 6.7651285e-06 -3.1664965e-06 1 7.6293945e-06 0 0 0 1 0.33080852 0.94369835 8.7261174e-07 50.282757 -0.94369835 0.33080852 7.4430491e-06 0 6.7353253e-06 -3.2857063e-06 1 0 0 0 0 1 0.41601944 0.909356 8.9480727e-07 50.282745 -0.90935588 0.41601947 7.5538778e-06 0 6.4969063e-06 -3.9562588e-06 1 0 0 0 0 1 0.48093975 0.87675399 7.9765982e-07 50.282753 -0.87675381 0.48093987 7.5078196e-06 7.6293945e-06 6.1988831e-06 -4.3101613e-06 1 7.6293945e-06 0 0 0 1 0.48837358 0.87263495 8.556575e-07 50.282757 -0.87263495 0.48837358 7.5483595e-06 0 6.1690803e-06 -4.4330955e-06 1.0000001 0 0 0 0 1 0.18287747 0.98313612 9.6787608e-07 50.282745 -0.983136 0.18287748 7.2430917e-06 7.6293945e-06 6.9439411e-06 -2.2761528e-06 1 3.8146973e-06 0 0 0 1 0.077993587 0.99695408 9.5349333e-07 50.282753 -0.99695408 0.077993587 7.2041635e-06 0 7.1078539e-06 -1.5124677e-06 1 3.8146973e-06 0 0 0 1 0.99999976 0.00097661477 1.2713315e-07 50.282745 -0.00097661477 0.99999976 8.1135604e-06 0 -1.1920929e-07 -8.1136823e-06 1 7.6293945e-06 0 0 0 1 -0.30815116 0.95133746 9.7814961e-07 50.282761 -0.95133758 -0.30815113 6.8883169e-06 3.8146973e-06 6.8545332e-06 1.1920924e-06 0.99999988 -7.6293945e-06 0 0 0 1 -0.36494449 0.93102932 9.2761684e-07 50.282749 -0.93102944 -0.36494446 6.6946145e-06 7.6293945e-06 6.5714121e-06 1.5795235e-06 1 0 0 0 0 1 -0.40823409 0.91287762 8.5058832e-07 50.282753 -0.91287756 -0.40823415 6.7202513e-06 -9.5367432e-07 6.4820056e-06 1.9669535e-06 1 7.6293945e-06 0 0 0 1 -0.44000202 0.89799684 8.9569789e-07 50.282745 -0.89799672 -0.44000208 6.7047458e-06 9.5367432e-07 6.4149481e-06 2.1457672e-06 1 7.6293945e-06 0 0 0 1 -0.46182406 0.88697183 8.2034353e-07 50.282749 -0.88697183 -0.46182406 6.7380861e-06 -6.6757202e-06 6.3553452e-06 2.3841869e-06 1 0 0 0 0 1 -0.47495914 0.88000834 6.1715042e-07 50.282753 -0.88000846 -0.47495908 6.7279634e-06 -1.9073486e-06 6.2137838e-06 2.6524076e-06 1.0000001 1.5258789e-05 0 0 0 1 -0.48041266 0.87704277 8.2826267e-07 50.282745 -0.87704283 -0.4804126 6.6609668e-06 2.8610229e-06 6.2398622e-06 2.4735916e-06 0.99999994 0 0 0 0 1 -0.47898555 0.87782311 8.3466489e-07 50.282745 -0.87782311 -0.47898555 6.6316798e-06 0 6.2212343e-06 2.4437902e-06 1 0 0 0 0 1 -0.47130984 0.88196796 8.0136488e-07 50.282757 -0.88196784 -0.4713099 6.6847078e-06 9.5367432e-07 6.2733884e-06 2.4437911e-06 1 0 0 0 0 1 -0.45785987 0.88902467 8.416564e-07 50.282749 -0.88902467 -0.45785987 6.5811182e-06 -1.9073486e-06 6.2361364e-06 2.2649763e-06 1 0 0 0 0 1 -0.43894976 0.89851177 7.5783919e-07 50.282753 -0.89851177 -0.43894976 6.7112564e-06 1.9073486e-06 6.3627963e-06 2.2649763e-06 1 -7.6293945e-06 0 0 0 1 -0.34344879 0.93917179 8.832169e-07 50.282753 -0.93917155 -0.34344888 6.8406407e-06 -5.7220459e-06 6.7278752e-06 1.5199181e-06 1 7.6293945e-06 0 0 0 1 -0.17558014 0.98446542 9.7347765e-07 50.282764 -0.98446518 -0.17558019 6.9858497e-06 -1.9073486e-06 7.0482483e-06 2.6822164e-07 1 0 0 0 0 1 0.06241978 0.99805021 9.5895712e-07 50.282753 -0.99805009 0.062419787 7.1070635e-06 -7.6293945e-06 7.0333476e-06 -1.4007093e-06 1 7.6293945e-06 0 0 0 1 0.34101632 0.94005769 8.6894045e-07 50.282753 -0.94005769 0.34101632 7.4800182e-06 -3.8146973e-06 6.7353249e-06 -3.3676622e-06 1.0000001 0 0 0 0 1 0.61526328 0.78832185 7.5674143e-07 50.282753 -0.78832185 0.61526328 7.7735212e-06 -3.8146973e-06 5.6624413e-06 -5.3793178e-06 1 3.8146973e-06 0 0 0 1 0.87463284 0.48478621 4.0249893e-07 50.282745 -0.48478621 0.87463284 7.9802458e-06 1.9073486e-06 3.5166743e-06 -7.1749105e-06 1 3.8146973e-06 0 0 0 1 </float_array>
        <technique_common>
          <accessor count="35" offset="0" source="#B_L_Calf_matrix-output-array" stride="16">
            <param name="TRANSFORM" type="float4x4" />
          </accessor>
        </technique_common>
      </source>
      <source id="B_L_Calf_matrix-interpolation">
        <Name_array id="B_L_Calf_matrix-interpolation-array" count="35"> LINEAR LINEAR LINEAR LINEAR LINEAR LINEAR LINEAR LINEAR LINEAR LINEAR LINEAR LINEAR LINEAR LINEAR LINEAR LINEAR LINEAR LINEAR LINEAR LINEAR LINEAR LINEAR LINEAR LINEAR LINEAR LINEAR LINEAR LINEAR LINEAR LINEAR LINEAR LINEAR LINEAR LINEAR LINEAR </Name_array>
        <technique_common>
          <accessor source="#B_L_Calf_matrix-interpolation-array" count="35" stride="1">
            <param name="INTERPOLATION" type="name"></param>
          </accessor>
        </technique_common>
      </source>
      <source id="B_L_Clavicle_matrix-input" name="B_L_Clavicle_matrix-input">
        <float_array id="B_L_Clavicle_matrix-input-array" count="35"> 0 1 2 3 4 5 6 7 8 9 10 11 12 13 14 15 16 17 18 19 20 21 22 23 24 25 26 27 28 29 30 31 32 33 34 </float_array>
        <technique_common>
          <accessor count="35" offset="0" source="#B_L_Clavicle_matrix-input-array" stride="1">
            <param name="TIME" type="float" />
          </accessor>
        </technique_common>
      </source>
      <source id="B_L_Clavicle_matrix-output" name="B_L_Clavicle_matrix-output">
        <float_array id="B_L_Clavicle_matrix-output-array" count="560"> -0.017591 -0.00078527624 0.99984509 17.736832 -0.17375679 -0.98478121 -0.0038304632 0.073141098 0.98463148 -0.17379722 0.017186763 5.0180168 0 0 0 1 -0.01759064 -0.00078421831 0.99984497 17.736847 -0.17375679 -0.98478115 -0.0038293749 0.073141098 0.98463136 -0.17379723 0.017186642 5.0180154 0 0 0 1 -0.017590767 -0.00078562635 0.99984515 17.736832 -0.17375746 -0.98478103 -0.003830791 0.073140621 0.98463178 -0.17379783 0.017186465 5.0180168 0 0 0 1 -0.01759016 -0.00077916693 0.99984467 17.736847 -0.17375672 -0.98478138 -0.0038242997 0.073140979 0.98463124 -0.17379712 0.017186994 5.0180149 0 0 0 1 -0.017590644 -0.00078430731 0.99984479 17.736832 -0.17375743 -0.98478049 -0.0038294937 0.073139191 0.98463142 -0.17379776 0.017186759 5.0180168 0 0 0 1 -0.0175904 -0.00078221411 0.99984527 17.736847 -0.1737566 -0.98478127 -0.0038273567 0.073141098 0.98463136 -0.17379701 0.017186765 5.0180187 0 0 0 1 -0.01759064 -0.0007847097 0.99984473 17.736832 -0.17375705 -0.98478067 -0.0038298657 0.073141098 0.98463142 -0.1737974 0.017186578 5.018014 0 0 0 1 -0.017590879 -0.00078396488 0.99984485 17.73687 -0.17375703 -0.98478115 -0.0038291509 0.073143005 0.98463142 -0.17379746 0.017186819 5.0180159 0 0 0 1 -0.01759064 -0.00078445673 0.99984497 17.736862 -0.17375679 -0.98478115 -0.0038296133 0.073139191 0.98463136 -0.17379723 0.017186642 5.0180149 0 0 0 1 -0.017590761 -0.00078506023 0.99984473 17.736847 -0.17375693 -0.98478115 -0.0038302159 0.073135376 0.98463148 -0.17379737 0.017186578 5.0180187 0 0 0 1 -0.017590648 -0.00078029878 0.99984491 17.736862 -0.1737576 -0.98478037 -0.0038255155 0.073143005 0.98463166 -0.17379777 0.017187297 5.018013 0 0 0 1 -0.017590772 -0.00078171457 0.99984503 17.736832 -0.17375787 -0.98478061 -0.0038269316 0.073139191 0.9846319 -0.17379807 0.01718718 5.0180168 0 0 0 1 -0.017590169 -0.00077865238 0.99984491 17.736855 -0.17375775 -0.98478061 -0.0038238391 0.073139191 0.98463154 -0.17379795 0.017187238 5.0180092 0 0 0 1 -0.017590405 -0.00078199792 0.99984497 17.736855 -0.17375699 -0.98478109 -0.0038271395 0.073143005 0.98463166 -0.17379732 0.017186699 5.018013 0 0 0 1 -0.01759064 -0.00078376383 0.99984497 17.73687 -0.17375694 -0.98478127 -0.0038289053 0.073143005 0.98463148 -0.17379737 0.01718658 5.0180168 0 0 0 1 -0.017591357 -0.00078926969 0.99984497 17.736847 -0.17375723 -0.98478115 -0.003834456 0.073143005 0.98463142 -0.17379773 0.017186342 5.018013 0 0 0 1 -0.017590523 -0.00078340608 0.99984521 17.736862 -0.17375684 -0.98478103 -0.0038285637 0.073139191 0.98463148 -0.17379723 0.017186705 5.0180149 0 0 0 1 -0.017590165 -0.00077890599 0.99984479 17.736847 -0.17375746 -0.98478109 -0.0038240692 0.073143005 0.98463142 -0.17379777 0.017187055 5.0180149 0 0 0 1 -0.017590519 -0.00078351813 0.99984473 17.736847 -0.1737569 -0.98478138 -0.0038286736 0.073141098 0.98463124 -0.1737974 0.017186698 5.018013 0 0 0 1 -0.017590759 -0.00078565645 0.99984497 17.736862 -0.17375667 -0.9847815 -0.0038307977 0.073141098 0.98463148 -0.17379718 0.017186401 5.0180168 0 0 0 1 -0.017591115 -0.00078644598 0.99984479 17.736862 -0.17375723 -0.98478121 -0.003831639 0.073143005 0.98463124 -0.17379771 0.017186578 5.0180168 0 0 0 1 -0.017591108 -0.00078694534 0.99984485 17.736847 -0.17375669 -0.98478138 -0.0038321312 0.073141098 0.98463088 -0.17379728 0.01718658 5.0180168 0 0 0 1 -0.017591355 -0.00078941911 0.99984449 17.736855 -0.17375697 -0.98478138 -0.0038346187 0.073139191 0.98463124 -0.17379756 0.017186517 5.0180206 0 0 0 1 -0.017590638 -0.00078412116 0.99984521 17.736847 -0.17375664 -0.98478079 -0.0038292715 0.073141098 0.98463124 -0.17379706 0.017186705 5.0180092 0 0 0 1 -0.017590998 -0.00078491884 0.99984461 17.736855 -0.17375703 -0.98478162 -0.0038300885 0.073143005 0.98463148 -0.17379753 0.017186575 5.018013 0 0 0 1 -0.017590879 -0.00078385312 0.99984485 17.736855 -0.17375703 -0.98478085 -0.0038290545 0.073141098 0.98463124 -0.17379743 0.017186999 5.0180092 0 0 0 1 -0.0175904 -0.0007814017 0.99984515 17.736839 -0.17375672 -0.98478091 -0.0038265367 0.073143005 0.98463136 -0.17379707 0.017186822 5.018013 0 0 0 1 -0.017590644 -0.00078362983 0.99984503 17.736847 -0.1737573 -0.98478127 -0.0038287863 0.073143005 0.98463154 -0.17379771 0.017186642 5.0180054 0 0 0 1 -0.017590757 -0.00078313786 0.99984449 17.736862 -0.173757 -0.98478091 -0.0038283379 0.073141098 0.98463112 -0.17379744 0.017187053 5.0180092 0 0 0 1 -0.017590525 -0.00078326452 0.99984509 17.736862 -0.17375684 -0.98478103 -0.0038284217 0.073143005 0.9846316 -0.17379722 0.017186763 5.0180168 0 0 0 1 -0.017591003 -0.00078587991 0.99984473 17.736855 -0.17375733 -0.98478138 -0.003831065 0.073139191 0.98463166 -0.17379774 0.017186636 5.0180168 0 0 0 1 -0.017590998 -0.00078540313 0.99984455 17.736855 -0.173757 -0.9847815 -0.0038305952 0.073137283 0.98463136 -0.1737975 0.017186694 5.0180168 0 0 0 1 -0.017590877 -0.00078658789 0.99984485 17.736839 -0.17375676 -0.98478162 -0.003831736 0.073140144 0.98463136 -0.17379731 0.01718634 5.0180111 0 0 0 1 -0.017590763 -0.00078528392 0.99984473 17.736862 -0.17375691 -0.98478127 -0.0038304548 0.073140144 0.98463148 -0.17379738 0.017186699 5.0180168 0 0 0 1 -0.01759088 -0.00078468758 0.99984497 17.736832 -0.17375681 -0.98478109 -0.0038298666 0.073142052 0.98463148 -0.17379722 0.017186761 5.0180168 0 0 0 1 </float_array>
        <technique_common>
          <accessor count="35" offset="0" source="#B_L_Clavicle_matrix-output-array" stride="16">
            <param name="TRANSFORM" type="float4x4" />
          </accessor>
        </technique_common>
      </source>
      <source id="B_L_Clavicle_matrix-interpolation">
        <Name_array id="B_L_Clavicle_matrix-interpolation-array" count="35"> LINEAR LINEAR LINEAR LINEAR LINEAR LINEAR LINEAR LINEAR LINEAR LINEAR LINEAR LINEAR LINEAR LINEAR LINEAR LINEAR LINEAR LINEAR LINEAR LINEAR LINEAR LINEAR LINEAR LINEAR LINEAR LINEAR LINEAR LINEAR LINEAR LINEAR LINEAR LINEAR LINEAR LINEAR LINEAR </Name_array>
        <technique_common>
          <accessor source="#B_L_Clavicle_matrix-interpolation-array" count="35" stride="1">
            <param name="INTERPOLATION" type="name"></param>
          </accessor>
        </technique_common>
      </source>
      <source id="B_L_Finger0_matrix-input" name="B_L_Finger0_matrix-input">
