<?xml version="1.0" encoding="UTF-8" standalone="no" ?>
<COLLADA xmlns="http://www.collada.org/2005/11/COLLADASchema" version="1.4.1">
  <asset>
    <contributor>
      <author>Assimp</author>
      <authoring_tool>FBX SDK/FBX Plugins version 2013.1</authoring_tool>
    </contributor>
    <created>2020-08-21T10:30:58</created>
    <modified>2020-08-21T10:30:58</modified>
    <unit name="meter" meter="1" />
    <up_axis>Y_UP</up_axis>
  </asset>
  <library_geometries>
  </library_geometries>
  <library_controllers>
  </library_controllers>
  <library_visual_scenes>
    <visual_scene id="RootNode" name="RootNode">
      <node id="Motion_aAssimpFbxa_Translation"  name="Motion_$AssimpFbx$_Translation" type="NODE">
        <matrix sid="matrix">1 0 0 9.92585e-07 0 1 0 0 0 0 1 -0.17328988 0 0 0 1</matrix>
        <node id="Motion_aAssimpFbxa_PreRotation"  name="Motion_$AssimpFbx$_PreRotation" type="NODE">
          <matrix sid="matrix">1 0 0 0 0 -4.3711388e-08 1 0 0 -1 -4.3711388e-08 0 0 0 0 1</matrix>
          <node id="Motion_aAssimpFbxa_Rotation"  name="Motion_$AssimpFbx$_Rotation" type="NODE">
            <matrix sid="matrix">1.3868001e-06 1 0 0 -1 1.3868001e-06 0 0 0 0 1 0 0 0 0 1</matrix>
            <node id="Motion_aAssimpFbxa_Scaling"  name="Motion_$AssimpFbx$_Scaling" type="NODE">
              <matrix sid="matrix">1 0 0 0 0 1 0 0 0 0 1 0 0 0 0 1</matrix>
              <node id="Motion"  name="Motion" type="NODE">
                <matrix sid="matrix">1 0 0 0 0 1 0 0 0 0 1 0 0 0 0 1</matrix>
                <node id="B_Pelvis"  name="B_Pelvis" type="NODE">
                  <matrix sid="matrix">-4.3711388e-08 0.60876256 0.79335248 0.17328635 0 -0.79335248 0.60876256 -2.785001 1 2.6609857e-08 3.4678539e-08 57.208752 0 0 0 1</matrix>
                  <node id="B_Spine"  name="B_Spine" type="NODE">
                    <matrix sid="matrix">0.99823147 0.047404021 -0.0358731 7.6763 -0.037805334 0.97190607 0.23231287 -1.6268332 0.045877848 -0.2305458 0.97197938 0.0023458004 0 0 0 1</matrix>
                    <node id="B_Spine1"  name="B_Spine1" type="NODE">
                      <matrix sid="matrix">0.99970514 -0.024198748 0.0019994134 12.747772 0.024175987 0.99965024 0.010716194 -0.014275074 -0.0022580326 -0.010664697 0.99994057 0.00015211105 0 0 0 1</matrix>
                      <node id="B_Spine2"  name="B_Spine2" type="NODE">
                        <matrix sid="matrix">0.9988209 -0.048403613 0.0037315544 17.93544 0.048312023 0.99859816 0.021625716 -0.02644372 -0.0047730859 -0.021419939 0.9997592 0.00054836273 0 0 0 1</matrix>
                        <node id="B_L_Clavicle"  name="B_L_Clavicle" type="NODE">
                          <matrix sid="matrix">-0.017590661 -0.00078421831 0.99984497 17.736847 -0.17375694 -0.98478115 -0.0038293824 0.07314086 0.98463148 -0.17379735 0.017186686 5.0180168 0 0 0 1</matrix>
                          <node id="B_L_UpperArm"  name="B_L_UpperArm" type="NODE">
                            <matrix sid="matrix">0.67658794 0.4022921 0.61675739 17.464659 -0.50647587 0.86222726 -0.0067964494 5.8412552e-06 -0.53451926 -0.30777436 0.78712386 0 0 0 0 1</matrix>
                            <node id="B_L_Forearm"  name="B_L_Forearm" type="NODE">
                              <matrix sid="matrix">-0.13640097 0.98478979 0.10762776 27.628178 -0.99065369 -0.13559353 -0.014819452 -7.6293945e-06 -4.1723257e-07 -0.10864323 0.99408078 -2.2888184e-05 0 0 0 1</matrix>
                              <node id="B_L_ForeArmTwist"  name="B_L_ForeArmTwist" type="NODE">
                                <matrix sid="matrix">1 3.2378278e-08 -2.9625903e-07 11.992641 0 0.99408078 0.10864352 -1.1444092e-05 2.9802308e-07 -0.10864352 0.99408078 3.0517578e-05 0 0 0 1</matrix>
                                <node id="B_L_Hand"  name="B_L_Hand" type="NODE">
                                  <matrix sid="matrix">0.96626526 -0.095602028 0.23914784 11.992649 -0.24727406 -0.084708385 0.96523577 -7.6293945e-06 -0.072020665 -0.99180883 -0.10549067 7.6293945e-06 0 0 0 1</matrix>
                                  <node id="B_L_Finger0"  name="B_L_Finger0" type="NODE">
                                    <matrix sid="matrix">0.80900657 0.1324631 0.57267958 1.4603233 0.15583284 0.89108151 -0.42625096 1.9355392 -0.56676668 0.43408209 0.70024872 -2.4376602 0 0 0 1</matrix>
                                    <node id="B_L_Finger01"  name="B_L_Finger01" type="NODE">
                                      <matrix sid="matrix">0.80299318 -0.59598827 -8.4929091e-08 3.7140045 0.59598827 0.80299318 7.6142562e-08 7.6293945e-06 2.2817405e-08 -1.1175869e-07 1 -2.2888184e-05 0 0 0 1</matrix>
                                      <node id="B_L_Finger02"  name="B_L_Finger02" type="NODE">
                                        <matrix sid="matrix">0.55218476 -0.83372176 2.6017338e-08 5.529932 0.83372176 0.55218476 -6.1914257e-08 1.5258789e-05 3.7252889e-08 5.587933e-08 1 2.6702881e-05 0 0 0 1</matrix>
                                      </node>
                                    </node>
                                  </node>
                                  <node id="B_L_Finger1"  name="B_L_Finger1" type="NODE">
                                    <matrix sid="matrix">0.27254903 -0.95552647 0.1126332 11.625458 0.92804092 0.23019116 -0.2928347 3.1205368 0.25388411 0.18434002 0.94950604 -3.0983505 0 0 0 1</matrix>
                                    <node id="B_L_Finger11"  name="B_L_Finger11" type="NODE">
                                      <matrix sid="matrix">-0.25881925 -0.96592575 9.4073911e-08 4.4568329 0.96592575 -0.25881925 -5.6465925e-09 0 2.9802329e-08 8.9406967e-08 1 1.9073486e-05 0 0 0 1</matrix>
                                      <node id="B_L_Finger12"  name="B_L_Finger12" type="NODE">
                                        <matrix sid="matrix">0.57357574 -0.81915253 2.7831416e-07 3.3311539 0.81915253 0.57357574 -1.2211356e-07 -1.5258789e-05 -5.9604638e-08 2.9802314e-07 1 -2.2888184e-05 0 0 0 1</matrix>
                                      </node>
                                    </node>
                                  </node>
                                  <node id="B_L_Finger2"  name="B_L_Finger2" type="NODE">
                                    <matrix sid="matrix">0.2580848 -0.96503466 0.045829043 11.814072 0.96096504 0.25152338 -0.11524805 2.4381027 0.099691294 0.073783882 0.99227899 0.83572388 0 0 0 1</matrix>
                                    <node id="B_L_Finger21"  name="B_L_Finger21" type="NODE">
                                      <matrix sid="matrix">-0.62068564 -0.78405952 5.0822263e-07 5.1996307 0.78405952 -0.62068564 1.7426305e-07 2.2888184e-05 1.7881389e-07 5.0663937e-07 1 7.6293945e-06 0 0 0 1</matrix>
                                      <node id="B_L_Finger22"  name="B_L_Finger22" type="NODE">
                                        <matrix sid="matrix">0.44828618 -0.89389008 -1.3120179e-08 5.1996231 0.89389008 0.44828618 1.7327996e-07 1.5258789e-05 -1.4901164e-07 -8.9407003e-08 1 -3.8146973e-06 0 0 0 1</matrix>
                                      </node>
                                    </node>
                                  </node>
                                  <node id="B_L_Finger3"  name="B_L_Finger3" type="NODE">
                                    <matrix sid="matrix">0.13847008 -0.99036658 0.00029717074 11.814064 0.99036664 0.1384701 5.9259415e-05 1.9342422 -9.9837809e-05 0.00028610232 0.99999994 4.600235 0 0 0 1</matrix>
                                    <node id="B_L_Finger31"  name="B_L_Finger31" type="NODE">
                                      <matrix sid="matrix">-0.058766745 -0.99827176 -1.0324762e-06 4.4568024 0.99827176 -0.058766745 -1.2250831e-06 1.5258789e-05 1.1622906e-06 -1.102686e-06 1 0 0 0 0 1</matrix>
                                      <node id="B_L_Finger32"  name="B_L_Finger32" type="NODE">
                                        <matrix sid="matrix">-0.058766745 -0.99827176 -1.9372385e-06 4.4567719 0.99827176 -0.058766745 -1.5768841e-06 -2.2888184e-05 1.4603136e-06 -2.0265588e-06 1 1.1444092e-05 0 0 0 1</matrix>
                                      </node>
                                    </node>
                                  </node>
                                  <node id="B_L_Finger4"  name="B_L_Finger4" type="NODE">
                                    <matrix sid="matrix">0.14714432 -0.98122925 -0.12465035 11.857185 0.9836868 0.15835485 -0.085346676 4.0528946 0.10348364 -0.11005863 0.98852324 6.5145264 0 0 0 1</matrix>
                                    <node id="B_L_Finger41"  name="B_L_Finger41" type="NODE">
                                      <matrix sid="matrix">-0.18123157 -0.98344046 -2.0702767e-06 3.327652 0.98344046 -0.18123157 -3.7301252e-06 1.5258789e-05 3.2931564e-06 -2.7120102e-06 1 1.1444092e-05 0 0 0 1</matrix>
                                      <node id="B_L_Finger42"  name="B_L_Finger42" type="NODE">
                                        <matrix sid="matrix">0.0019772795 -0.99999803 -2.3309992e-06 3.3276596 0.99999803 0.0019772795 -3.2438513e-06 -2.2888184e-05 3.248454e-06 -2.3245807e-06 1 -1.5258789e-05 0 0 0 1</matrix>
                                      </node>
                                    </node>
                                  </node>
                                </node>
                              </node>
                            </node>
                          </node>
                        </node>
                        <node id="B_R_Clavicle"  name="B_R_Clavicle" type="NODE">
                          <matrix sid="matrix">-0.10452852 -0.0007963269 -0.9945215 17.736839 0.00023395466 -0.99999964 0.0007761236 0.07466197 -0.99452186 -0.0001515459 0.10452867 -5.0179644 0 0 0 1</matrix>
                          <node id="B_R_UpperArm"  name="B_R_UpperArm" type="NODE">
                            <matrix sid="matrix">0.65678817 0.18435127 -0.73119354 17.464649 -0.58112305 0.74166942 -0.33499631 1.2397766e-05 0.48054683 0.64493495 0.59425044 7.6293945e-06 0 0 0 1</matrix>
                            <node id="B_R_Forearm"  name="B_R_Forearm" type="NODE">
                              <matrix sid="matrix">0.1257856 0.99193633 -0.015499674 27.628181 -0.99205744 0.12577026 -0.0019650946 0 1.4901165e-07 0.015623747 0.99987793 0 0 0 0 1</matrix>
                              <node id="B_R_ForeArmTwist"  name="B_R_ForeArmTwist" type="NODE">
                                <matrix sid="matrix">1 5.9597376e-08 -9.3124652e-10 11.992638 -5.9604652e-08 0.99987793 -0.015623722 -7.6293945e-06 0 0.015623722 0.99987793 0 0 0 0 1</matrix>
                                <node id="B_R_Hand"  name="B_R_Hand" type="NODE">
                                  <matrix sid="matrix">0.86458033 -0.066815875 -0.49803263 11.992645 -0.49769527 0.022792328 -0.86705244 -3.8146973e-06 0.069284193 0.99750501 -0.013548149 -1.5258789e-05 0 0 0 1</matrix>
                                  <node id="B_R_Finger0"  name="B_R_Finger0" type="NODE">
                                    <matrix sid="matrix">0.80900663 0.13246338 -0.57267946 1.4603119 0.15583263 0.89108145 0.42625114 1.9355392 0.56676668 -0.43408215 0.70024866 2.437664 0 0 0 1</matrix>
                                    <node id="B_R_Finger01"  name="B_R_Finger01" type="NODE">
                                      <matrix sid="matrix">0.80299306 -0.59598833 -3.0400236e-07 3.714016 0.59598833 0.80299306 -2.9488092e-09 -1.5258789e-05 2.4586924e-07 -1.7881399e-07 1 1.5258789e-05 0 0 0 1</matrix>
                                      <node id="B_R_Finger02"  name="B_R_Finger02" type="NODE">
                                        <matrix sid="matrix">0.55218488 -0.8337217 1.3262461e-07 5.5299397 0.8337217 0.55218488 -1.2358514e-07 0 2.9802312e-08 1.7881385e-07 1 1.5258789e-05 0 0 0 1</matrix>
                                      </node>
                                    </node>
                                  </node>
                                  <node id="B_R_Finger1"  name="B_R_Finger1" type="NODE">
                                    <matrix sid="matrix">0.27254856 -0.95552659 -0.11263341 11.625458 0.92804092 0.23019059 0.29283503 3.1205444 -0.25388449 -0.18434018 0.94950587 3.0983505 0 0 0 1</matrix>
                                    <node id="B_R_Finger11"  name="B_R_Finger11" type="NODE">
                                      <matrix sid="matrix">-0.25881949 -0.96592569 -1.7095006e-07 4.4568138 0.96592569 -0.25881949 2.8848746e-09 0 -4.7031783e-08 -1.6437839e-07 1 3.8146973e-06 0 0 0 1</matrix>
                                      <node id="B_R_Finger12"  name="B_R_Finger12" type="NODE">
                                        <matrix sid="matrix">0.57357591 -0.81915241 1.3614192e-07 3.3311386 0.81915241 0.57357591 8.3206764e-08 0 -1.4624675e-07 6.3795582e-08 1 -7.6293945e-06 0 0 0 1</matrix>
                                      </node>
                                    </node>
                                  </node>
                                  <node id="B_R_Finger2"  name="B_R_Finger2" type="NODE">
                                    <matrix sid="matrix">0.25808457 -0.96503478 -0.045829207 11.814049 0.96096516 0.25152314 0.11524804 2.438118 -0.099691249 -0.073784009 0.99227899 -0.83572006 0 0 0 1</matrix>
                                    <node id="B_R_Finger21"  name="B_R_Finger21" type="NODE">
                                      <matrix sid="matrix">-0.62068564 -0.78405952 -1.0953057e-07 5.1996002 0.78405952 -0.62068564 -2.9692345e-08 -7.6293945e-06 -4.4703484e-08 -1.043081e-07 1 -2.6702881e-05 0 0 0 1</matrix>
                                      <node id="B_R_Finger22"  name="B_R_Finger22" type="NODE">
                                        <matrix sid="matrix">0.44828629 -0.89389002 -6.3299979e-08 5.1996078 0.89389002 0.44828629 6.7399455e-09 7.6293945e-06 2.2351744e-08 -5.9604645e-08 1 2.2888184e-05 0 0 0 1</matrix>
                                      </node>
                                    </node>
                                  </node>
                                  <node id="B_R_Finger3"  name="B_R_Finger3" type="NODE">
                                    <matrix sid="matrix">0.13846996 -0.99036658 -0.00029833766 11.814056 0.99036664 0.13846998 -5.9427308e-05 1.9342575 0.00010016563 -0.00028723478 0.99999994 -4.6002541 0 0 0 1</matrix>
                                    <node id="B_R_Finger31"  name="B_R_Finger31" type="NODE">
                                      <matrix sid="matrix">-0.058766745 -0.99827176 -8.7455536e-09 4.4567909 0.99827176 -0.058766745 -1.0500354e-07 -7.6293945e-06 1.0430811e-07 -1.4901155e-08 1 -5.7220459e-06 0 0 0 1</matrix>
                                      <node id="B_R_Finger32"  name="B_R_Finger32" type="NODE">
                                        <matrix sid="matrix">-0.058766864 -0.99827176 6.9477699e-07 4.4568253 0.99827176 -0.058766864 -1.3822297e-07 7.6293945e-06 1.7881393e-07 6.8545324e-07 1 -1.7166138e-05 0 0 0 1</matrix>
                                      </node>
                                    </node>
                                  </node>
                                  <node id="B_R_Finger4"  name="B_R_Finger4" type="NODE">
                                    <matrix sid="matrix">0.14714432 -0.9812296 0.12464807 11.857231 0.9836868 0.15835464 0.085346878 4.0529099 -0.10348348 0.11005636 0.98852354 -6.5145626 0 0 0 1</matrix>
                                    <node id="B_R_Finger41"  name="B_R_Finger41" type="NODE">
                                      <matrix sid="matrix">-0.18123123 -0.98344052 2.4443756e-07 3.3276711 0.98344052 -0.18123123 8.9356183e-07 2.2888184e-05 -8.3446514e-07 4.023311e-07 1 3.0517578e-05 0 0 0 1</matrix>
                                      <node id="B_R_Finger42"  name="B_R_Finger42" type="NODE">
                                        <matrix sid="matrix">0.0019766835 -0.99999803 2.9928907e-07 3.3276978 0.99999803 0.0019766835 6.4015967e-07 3.8146973e-05 -6.4075005e-07 2.9802311e-07 1 -3.8146973e-06 0 0 0 1</matrix>
                                      </node>
                                    </node>
                                  </node>
                                </node>
                              </node>
                            </node>
                          </node>
                        </node>
                        <node id="B_Neck"  name="B_Neck" type="NODE">
                          <matrix sid="matrix">0.9745459 -0.20556872 -0.089452803 27.039764 0.20928563 0.97725385 0.034271047 1.128232 0.080373034 -0.052119896 0.99540126 0.00061202049 0 0 0 1</matrix>
                          <node id="B_Head"  name="B_Head" type="NODE">
                            <matrix sid="matrix">0.98408651 0.17358996 -0.037950378 10.01931 -0.16961548 0.85404325 -0.49177298 1.4083157 -0.052955586 0.49038413 0.86989599 9.5367432e-07 0 0 0 1</matrix>
                          </node>
                        </node>
                      </node>
                    </node>
                  </node>
                  <node id="B_L_Thigh"  name="B_L_Thigh" type="NODE">
                    <matrix sid="matrix">-0.22772294 0.77479357 -0.58977723 0 0.71230412 0.54552114 0.44162148 1.6450882e-05 0.66390145 -0.31953344 -0.67611629 11.161453 0 0 0 1</matrix>
                    <node id="B_L_Calf"  name="B_L_Calf" type="NODE">
                      <matrix sid="matrix">-0.34017977 0.94036043 8.9772357e-07 50.282749 -0.94036043 -0.34017977 6.7743508e-06 -3.8146973e-06 6.6757189e-06 1.4603136e-06 1 3.8146973e-06 0 0 0 1</matrix>
                      <node id="B_L_Foot"  name="B_L_Foot" type="NODE">
                        <matrix sid="matrix">0.6511209 -0.64614183 -0.39817381 39.728123 0.4777129 0.75656646 -0.4465397 -5.7220459e-06 0.58977288 0.10053856 0.80128652 -3.8146973e-06 0 0 0 1</matrix>
                        <node id="B_L_Toe0"  name="B_L_Toe0" type="NODE">
                          <matrix sid="matrix">-4.3711388e-08 -1 -5.6529224e-08 18.214441 1 -4.3711388e-08 -2.4709709e-15 14.545952 0 -5.6529224e-08 1 0.012393951 0 0 0 1</matrix>
                        </node>
                      </node>
                    </node>
                  </node>
                  <node id="B_R_Thigh"  name="B_R_Thigh" type="NODE">
                    <matrix sid="matrix">-0.58111405 0.40153974 0.70786464 0 0.53527653 0.84376675 -0.03920123 -1.3113022e-05 -0.61301345 0.35612294 -0.70525956 -11.161449 0 0 0 1</matrix>
                    <node id="B_R_Calf"  name="B_R_Calf" type="NODE">
                      <matrix sid="matrix">-0.4598754 0.88798344 -1.5688977e-07 50.282745 -0.88798344 -0.4598754 -4.7096946e-06 3.8146973e-06 -4.2542806e-06 -2.0265572e-06 1 0 0 0 0 1</matrix>
                      <node id="B_R_Foot"  name="B_R_Foot" type="NODE">
                        <matrix sid="matrix">0.55014306 -0.77116001 0.32039794 39.728127 0.46664181 0.60207838 0.64787889 3.8146973e-06 -0.69252294 -0.20691499 0.69108474 1.1444092e-05 0 0 0 1</matrix>
                        <node id="B_R_Toe0"  name="B_R_Toe0" type="NODE">
                          <matrix sid="matrix">-0.42262006 -0.90630692 1.077286e-06 18.214441 0.90630692 -0.42262006 -1.0343005e-06 14.545952 1.3926765e-06 5.3923571e-07 1 -0.012401581 0 0 0 1</matrix>
                        </node>
                      </node>
                    </node>
                  </node>
                </node>
              </node>
            </node>
          </node>
        </node>
      </node>
      <node id="Exporter_aAssimpFbxa_PreRotation"  name="Exporter_$AssimpFbx$_PreRotation" type="NODE">
        <matrix sid="matrix">1 0 0 0 0 -4.3711388e-08 1 0 0 -1 -4.3711388e-08 0 0 0 0 1</matrix>
        <node id="Exporter"  name="Exporter" type="NODE">
          <matrix sid="matrix">1 0 0 0 0 1 0 0 0 0 1 0 0 0 0 1</matrix>
        </node>
      </node>
    </visual_scene>
  </library_visual_scenes>
  <library_animations>
    <animation id="TakeW001AnimId0" name="Take 001">
      <source id="B_Head_matrix-input" name="B_Head_matrix-input">
        <float_array id="B_Head_matrix-input-array" count="35"> 0 1 2 3 4 5 6 7 8 9 10 11 12 13 14 15 16 17 18 19 20 21 22 23 24 25 26 27 28 29 30 31 32 33 34 </float_array>
        <technique_common>
          <accessor count="35" offset="0" source="#B_Head_matrix-input-array" stride="1">
            <param name="TIME" type="float" />
          </accessor>
        </technique_common>
      </source>
      <source id="B_Head_matrix-output" name="B_Head_matrix-output">
        <float_array id="B_Head_matrix-output-array" count="560"> 0.98408651 0.17358997 -0.037950385 10.01931 -0.16961549 0.85404336 -0.49177307 1.4083157 -0.05295559 0.49038422 0.86989617 9.5367432e-07 0 0 0 1 0.98745626 -0.024134837 0.15603739 10.01931 0.10426795 0.84178966 -0.52963966 1.4083138 -0.11856791 0.53926563 0.83374709 0 0 0 0 1 0.90634304 -0.22844993 0.3554619 10.019318 0.39928544 0.73829502 -0.54359168 1.4083214 -0.13825229 0.63461137 0.76036501 0 0 0 0 1 0.78916007 -0.36468247 0.49419951 10.01931 0.60497266 0.60040551 -0.52299255 1.4083176 -0.10599393 0.71170205 0.69443887 1.1444092e-05 0 0 0 1 0.73467833 -0.41987982 0.53286844 10.019302 0.67199379 0.55821508 -0.48664182 1.4083099 -0.093124107 0.71560937 0.69226521 0 0 0 0 1 0.81970936 -0.37230182 0.4352791 10.01931 0.55151463 0.7181704 -0.42433807 1.4083099 -0.15462278 0.58789665 0.79402089 -1.1444092e-05 0 0 0 1 0.95164156 -0.15744245 0.26379937 10.019318 0.23327698 0.92908216 -0.28703293 1.4083176 -0.19990011 0.33469069 0.92088127 -7.6293945e-06 0 0 0 1 0.97864133 0.15957832 0.12960005 10.019314 -0.14662421 0.98370421 -0.10405403 1.4083099 -0.14409292 0.082829058 0.98609149 0 0 0 0 1 0.92614484 0.3689822 0.078150697 10.019318 -0.37169898 0.92806494 0.023130046 1.4083176 -0.063994348 -0.050470311 0.99667311 1.4305115e-06 0 0 0 1 0.88985068 0.4509871 0.069113478 10.019318 -0.45566857 0.88611609 0.084644414 1.4083099 -0.023069026 -0.10681374 0.9940114 3.8146973e-06 0 0 0 1 0.85717112 0.5116213 0.059171628 10.019312 -0.51464981 0.84644127 0.13664913 1.4083099 0.019827293 -0.14758438 0.98885083 0 0 0 0 1 0.83315444 0.55104798 0.04689898 10.019314 -0.54973382 0.81593132 0.17902151 1.4083099 0.060383093 -0.17493452 0.98272669 3.8146973e-06 0 0 0 1 0.82104814 0.56984818 0.033961497 10.019312 -0.56324154 0.79897058 0.21072586 1.4083176 0.092947476 -0.19214459 0.97695535 0 0 0 0 1 0.82249343 0.5682568 0.024262384 10.019314 -0.5576663 0.79730654 0.23089035 1.4083099 0.11186047 -0.20343609 0.97267723 7.6293945e-06 0 0 0 1 0.83758724 0.54581672 0.023058819 10.019302 -0.53466684 0.81034976 0.23971784 1.4083138 0.1121563 -0.21311337 0.97056884 0 0 0 0 1 0.86456698 0.50122565 0.036011234 10.019318 -0.49446571 0.83574975 0.23880123 1.4083099 0.089596927 -0.22426598 0.97040051 0 0 0 0 1 0.89913267 0.4323175 0.068276025 10.019325 -0.43580925 0.86994654 0.23078758 1.4083176 0.040376995 -0.23726396 0.97060585 -1.9073486e-06 0 0 0 1 0.95325959 0.23194592 0.19364156 10.01931 -0.26302177 0.95242244 0.15398286 1.4083176 -0.14871289 -0.19771758 0.96891284 0 0 0 0 1 0.91141009 -0.090668999 0.40138638 10.019302 0.091188826 0.99567342 0.017853949 1.4083118 -0.40126866 0.020329682 0.91573477 -7.6293945e-06 0 0 0 1 0.74792016 -0.34186542 0.56898433 10.019302 0.45766422 0.88644463 -0.068985313 1.4083214 -0.48078945 0.31199932 0.81944954 -7.6293945e-06 0 0 0 1 0.62062377 -0.44638681 0.64464337 10.019302 0.61276919 0.78906125 -0.043547284 1.4083176 -0.48922428 0.42204404 0.76324207 -3.8146973e-06 0 0 0 1 0.63060302 -0.45882219 0.62595689 10.01931 0.47937796 0.86455882 0.15077983 1.4083099 -0.61035764 0.2049877 0.76514292 -3.8146973e-06 0 0 0 1 0.75630271 -0.40104812 0.5168817 10.019308 0.15144017 0.87593257 0.45804799 1.4083099 -0.63645273 -0.26814625 0.72320509 7.6293945e-06 0 0 0 1 0.90568262 -0.22824015 0.35727468 10.019314 -0.11402743 0.6805228 0.72379982 1.4083099 -0.40833384 -0.69627208 0.59031218 0 0 0 0 1 0.96287823 -0.019031217 0.26926416 10.01931 -0.22284876 0.50686365 0.8327229 1.4083099 -0.15232797 -0.86181605 0.483807 0 0 0 0 1 0.92480201 0.18435638 0.3327975 10.019318 -0.37942326 0.51112312 0.77122694 1.4083099 -0.027919892 -0.83950329 0.54263669 0 0 0 0 1 0.79719192 0.41797206 0.43564224 10.019318 -0.60369772 0.55884373 0.56854421 1.4083099 -0.0058203633 -0.71623522 0.69783455 -7.6293945e-06 0 0 0 1 0.63118237 0.62417132 0.46045491 10.019318 -0.77180982 0.5643031 0.29303819 1.4083252 -0.076930143 -0.54034412 0.83791989 -3.8146973e-06 0 0 0 1 0.54633939 0.73606896 0.3996444 10.019318 -0.82244712 0.56171381 0.089767776 1.4083099 -0.15841052 -0.37773013 0.91226417 0 0 0 0 1 0.57688469 0.75474989 0.3123405 10.019287 -0.79110795 0.61145687 -0.016389212 1.4083099 -0.20335254 -0.23764037 0.94982874 -3.8146973e-06 0 0 0 1 0.66085112 0.71726346 0.22092727 10.019318 -0.71456957 0.69133091 -0.10701367 1.4083099 -0.22949082 -0.087147787 0.9694016 -3.8146973e-06 0 0 0 1 0.76871109 0.62526697 0.1346271 10.019302 -0.59822971 0.77735496 -0.19452634 1.4083176 -0.22628394 0.068996631 0.97161466 -7.6293945e-06 0 0 0 1 0.87054467 0.48839548 0.060179666 10.019318 -0.45363852 0.84388971 -0.28646454 1.4083214 -0.19069299 0.22208038 0.95619887 -7.6293945e-06 0 0 0 1 0.94468373 0.32797474 0.0022164884 10.019333 -0.30178452 0.87185383 -0.38574225 1.4083099 -0.1284461 0.36373556 0.92260408 7.6293945e-06 0 0 0 1 0.98408651 0.17358997 -0.037950385 10.019318 -0.16961549 0.85404336 -0.49177307 1.4083099 -0.05295559 0.49038422 0.86989617 0 0 0 0 1 </float_array>
        <technique_common>
          <accessor count="35" offset="0" source="#B_Head_matrix-output-array" stride="16">
            <param name="TRANSFORM" type="float4x4" />
          </accessor>
        </technique_common>
      </source>
      <source id="B_Head_matrix-interpolation">
        <Name_array id="B_Head_matrix-interpolation-array" count="35"> LINEAR LINEAR LINEAR LINEAR LINEAR LINEAR LINEAR LINEAR LINEAR LINEAR LINEAR LINEAR LINEAR LINEAR LINEAR LINEAR LINEAR LINEAR LINEAR LINEAR LINEAR LINEAR LINEAR LINEAR LINEAR LINEAR LINEAR LINEAR LINEAR LINEAR LINEAR LINEAR LINEAR LINEAR LINEAR </Name_array>
        <technique_common>
          <accessor source="#B_Head_matrix-interpolation-array" count="35" stride="1">
            <param name="INTERPOLATION" type="name"></param>
          </accessor>
        </technique_common>
      </source>
      <source id="B_L_Calf_matrix-input" name="B_L_Calf_matrix-input">
        <float_array id="B_L_Calf_matrix-input-array" count="35"> 0 1 2 3 4 5 6 7 8 9 10 11 12 13 14 15 16 17 18 19 20 21 22 23 24 25 26 27 28 29 30 31 32 33 34 </float_array>
        <technique_common>
          <accessor count="35" offset="0" source="#B_L_Calf_matrix-input-array" stride="1">
            <param name="TIME" type="float" />
          </accessor>
        </technique_common>
      </source>
      <source id="B_L_Calf_matrix-output" name="B_L_Calf_matrix-output">
        <float_array id="B_L_Calf_matrix-output-array" count="560"> -0.34018025 0.94036055 8.9772459e-07 50.282749 -0.94036067 -0.34018019 6.7743526e-06 -3.8146973e-06 6.6757211e-06 1.4603145e-06 1.0000001 3.8146973e-06 0 0 0 1 -0.70384926 0.71034956 6.8012923e-07 50.282745 -0.71034974 -0.70384908 6.4449109e-06 7.6293945e-06 5.0568492e-06 4.0531154e-06 1 3.8146973e-06 0 0 0 1 -0.6846295 0.72889167 6.5485915e-07 50.282749 -0.72889149 -0.68462968 6.356172e-06 0 5.0812955e-06 3.8743024e-06 1 4.7683716e-06 0 0 0 1 -0.27710119 0.96084094 9.2992894e-07 50.282745 -0.96084094 -0.27710119 6.8812128e-06 -3.8146973e-06 6.8694353e-06 1.0132788e-06 0.99999994 4.7683716e-06 0 0 0 1 0.55179405 0.83398068 7.1263531e-07 50.282745 -0.83398068 0.55179405 7.6185133e-06 0 5.9604649e-06 -4.7981744e-06 1.0000001 -1.9073486e-06 0 0 0 1 0.73429614 0.67882943 6.6953174e-07 50.282745 -0.67882961 0.73429596 7.7925424e-06 0 4.7981748e-06 -6.1765313e-06 0.99999988 9.5367432e-07 0 0 0 1 0.85217392 0.52325881 5.5066704e-07 50.282757 -0.52325881 0.85217392 7.8453504e-06 0 3.635884e-06 -6.9737439e-06 1.0000001 0 0 0 0 1 0.89383918 0.44838828 4.3693888e-07 50.282753 -0.44838828 0.89383918 7.949584e-06 -7.6293945e-06 3.1739471e-06 -7.3015681e-06 1 7.6293945e-06 0 0 0 1 0.90824056 0.41844904 3.9940164e-07 50.282745 -0.41844907 0.90824044 7.9612628e-06 7.6293945e-06 2.9686303e-06 -7.3978699e-06 1 3.8146973e-06 0 0 0 1 0.92074722 0.3901602 3.8031135e-07 50.282761 -0.39016029 0.92074698 7.9631e-06 0 2.7567148e-06 -7.4803825e-06 1 3.8146973e-06 0 0 0 1 0.93014169 0.36720121 3.6796291e-07 50.282768 -0.36720121 0.93014169 7.9930551e-06 -7.6293945e-06 2.5928018e-06 -7.5697899e-06 1 1.9073486e-06 0 0 0 1 0.93649703 0.35067621 3.5893572e-07 50.282745 -0.35067627 0.93649691 8.0123327e-06 -7.6293945e-06 2.473593e-06 -7.6293945e-06 1 0 0 0 0 1 0.93982887 0.34164599 2.4869675e-07 50.282745 -0.3416459 0.93982911 8.0115915e-06 -7.6293945e-06 2.5033953e-06 -7.6144938e-06 0.99999994 0 0 0 0 1 0.94010115 0.34089625 2.5298857e-07 50.282749 -0.34089634 0.94010091 7.9920665e-06 -7.6293945e-06 2.4866315e-06 -7.5995922e-06 1 7.6293945e-06 0 0 0 1 0.93757164 0.34779304 3.0295814e-07 50.282745 -0.34779301 0.93757176 7.9932297e-06 3.8146973e-06 2.4959443e-06 -7.5995927e-06 1 -7.6293945e-06 0 0 0 1 0.932495 0.36118355 3.8960155e-07 50.282749 -0.36118355 0.932495 7.9988358e-06 -3.8146973e-06 2.5257468e-06 -7.5995927e-06 0.99999988 0 0 0 0 1 0.92503726 0.37987736 3.6140636e-07 50.282753 -0.37987742 0.92503715 7.9824586e-06 0 2.6980415e-06 -7.5213607e-06 1 3.8146973e-06 0 0 0 1 0.91630405 0.40048343 4.143096e-07 50.282749 -0.40048334 0.91630429 7.982565e-06 0 2.8172508e-06 -7.4803829e-06 0.99999994 0 0 0 0 1 0.90544015 0.42447448 4.1946396e-07 50.282753 -0.42447457 0.90543991 7.9332949e-06 -1.9073486e-06 2.9876826e-06 -7.3611736e-06 1 0 0 0 0 1 0.88911378 0.45768631 2.6030023e-07 50.282749 -0.45768619 0.88911402 7.9776346e-06 -3.8146973e-06 3.419816e-06 -7.2121625e-06 1 7.6293945e-06 0 0 0 1 0.86291391 0.50535077 3.9553953e-07 50.282738 -0.50535065 0.86291414 7.9881247e-06 -7.6293945e-06 3.695488e-06 -7.0929532e-06 0.99999988 0 0 0 0 1 0.82355797 0.56723231 6.0836805e-07 50.282761 -0.56723237 0.82355785 7.8316816e-06 0 3.9413567e-06 -6.7949286e-06 1 -3.8146973e-06 0 0 0 1 0.77000737 0.63803518 6.3814286e-07 50.282738 -0.63803518 0.77000737 7.869985e-06 0 4.5299525e-06 -6.467104e-06 1 3.8146973e-06 0 0 0 1 0.70007336 0.71407104 6.9317707e-07 50.282738 -0.71407098 0.70007342 7.7538079e-06 7.6293945e-06 5.0514936e-06 -5.9232129e-06 1 0 0 0 0 1 0.61192924 0.79091293 7.671041e-07 50.282745 -0.79091281 0.61192936 7.6775232e-06 7.6293945e-06 5.6028371e-06 -5.3048134e-06 1.0000001 0 0 0 0 1 0.49523985 0.86875647 8.5798729e-07 50.282761 -0.86875647 0.49523985 7.5215385e-06 0 6.1094756e-06 -4.4703479e-06 1 -3.8146973e-06 0 0 0 1 0.34564322 0.93836629 9.358356e-07 50.282776 -0.93836641 0.34564319 7.3318661e-06 3.8146973e-06 6.5565105e-06 -3.4123659e-06 1.0000001 0 0 0 0 1 0.17539765 0.98449779 9.9018189e-07 50.282761 -0.98449779 0.17539765 7.2599641e-06 7.6293945e-06 6.973743e-06 -2.2482122e-06 1 2.8610229e-06 0 0 0 1 -0.052957661 0.99859703 9.6440931e-07 50.282745 -0.99859691 -0.052957665 7.1413083e-06 0 7.1823615e-06 -5.8486933e-07 1 3.8146973e-06 0 0 0 1 -0.19565487 0.98067325 9.4944517e-07 50.282745 -0.98067302 -0.19565491 6.8913687e-06 0 6.9439411e-06 4.1723331e-07 1 7.6293945e-06 0 0 0 1 -0.26682365 0.96374559 9.9601857e-07 50.282745 -0.96374536 -0.26682371 6.8366321e-06 0 6.8545341e-06 8.6426712e-07 1 -7.6293945e-06 0 0 0 1 -0.3010048 0.95362282 9.7954751e-07 50.282761 -0.95362294 -0.30100477 6.8161953e-06 3.8146973e-06 6.7949286e-06 1.1175871e-06 0.99999988 0 0 0 0 1 -0.31498691 0.94909626 9.5233167e-07 50.282761 -0.94909626 -0.31498691 6.8433064e-06 0 6.7949286e-06 1.2516979e-06 1 0 0 0 0 1 -0.32344842 0.94624603 9.5627774e-07 50.282761 -0.94624579 -0.32344851 6.7595711e-06 7.6293945e-06 6.7055221e-06 1.2814993e-06 1 7.6293945e-06 0 0 0 1 -0.34017912 0.9403609 8.0350594e-07 50.282761 -0.94036078 -0.34017918 6.7767423e-06 3.8146973e-06 6.6459179e-06 1.5497211e-06 1.0000001 0 0 0 0 1 </float_array>
        <technique_common>
          <accessor count="35" offset="0" source="#B_L_Calf_matrix-output-array" stride="16">
            <param name="TRANSFORM" type="float4x4" />
          </accessor>
        </technique_common>
      </source>
      <source id="B_L_Calf_matrix-interpolation">
        <Name_array id="B_L_Calf_matrix-interpolation-array" count="35"> LINEAR LINEAR LINEAR LINEAR LINEAR LINEAR LINEAR LINEAR LINEAR LINEAR LINEAR LINEAR LINEAR LINEAR LINEAR LINEAR LINEAR LINEAR LINEAR LINEAR LINEAR LINEAR LINEAR LINEAR LINEAR LINEAR LINEAR LINEAR LINEAR LINEAR LINEAR LINEAR LINEAR LINEAR LINEAR </Name_array>
        <technique_common>
          <accessor source="#B_L_Calf_matrix-interpolation-array" count="35" stride="1">
            <param name="INTERPOLATION" type="name"></param>
          </accessor>
        </technique_common>
      </source>
      <source id="B_L_Clavicle_matrix-input" name="B_L_Clavicle_matrix-input">
        <float_array id="B_L_Clavicle_matrix-input-array" count="35"> 0 1 2 3 4 5 6 7 8 9 10 11 12 13 14 15 16 17 18 19 20 21 22 23 24 25 26 27 28 29 30 31 32 33 34 </float_array>
        <technique_common>
          <accessor count="35" offset="0" source="#B_L_Clavicle_matrix-input-array" stride="1">
            <param name="TIME" type="float" />
          </accessor>
        </technique_common>
      </source>
      <source id="B_L_Clavicle_matrix-output" name="B_L_Clavicle_matrix-output">
        <float_array id="B_L_Clavicle_matrix-output-array" count="560"> -0.017590642 -0.00078421831 0.99984509 17.736847 -0.17375694 -0.98478115 -0.0038293754 0.07314086 0.98463148 -0.17379735 0.017186644 5.0180168 0 0 0 1 -0.056203119 -0.00077685702 0.99841905 17.736855 -0.22056508 -0.97528303 -0.013174936 0.073141098 0.97375154 -0.22095685 0.054642677 5.0180168 0 0 0 1 -0.096929073 -0.00076699251 0.99529105 17.736847 -0.26890868 -0.96278924 -0.026930295 0.073139191 0.95827609 -0.27025267 0.093115807 5.018013 0 0 0 1 -0.13311717 -0.00075641245 0.99109995 17.736855 -0.31074667 -0.94954354 -0.042461835 0.073143005 0.94112486 -0.31363338 0.1261653 5.0180054 0 0 0 1 -0.15823722 -0.00074791897 0.98740083 17.736862 -0.33905363 -0.93915498 -0.055046856 0.073150635 0.92736381 -0.34349227 0.14835572 5.0180264 0 0 0 1 -0.16803978 -0.00074473012 0.98577988 17.736851 -0.34991837 -0.93483382 -0.060354661 0.073143005 0.92158544 -0.35508448 0.15682869 5.018013 0 0 0 1 -0.16695154 -0.00074489415 0.98596478 17.736853 -0.34871739 -0.93532121 -0.059754279 0.073150635 0.92223829 -0.35379913 0.15589349 5.0180206 0 0 0 1 -0.16150653 -0.00074666733 0.98687124 17.736839 -0.34268901 -0.93773073 -0.056792282 0.073150635 0.92546201 -0.34736225 0.15119378 5.0180206 0 0 0 1 -0.15823732 -0.00074803806 0.98740065 17.736858 -0.3390536 -0.9391548 -0.055047028 0.073143005 0.92736363 -0.34349224 0.14835583 5.0180168 0 0 0 1 -0.1582583 -0.00074002135 0.98739731 17.736843 -0.36546534 -0.92893589 -0.059272293 0.073150635 0.91727281 -0.37023988 0.14674124 5.0180111 0 0 0 1 -0.15829279 -0.00072494167 0.98739207 17.736855 -0.40880835 -0.91021609 -0.066205934 0.073150635 0.89878786 -0.41413406 0.14378405 5.0180168 0 0 0 1 -0.15829957 -0.00072176749 0.98739088 17.736851 -0.41736835 -0.90622139 -0.067575358 0.073135376 0.89484364 -0.42280278 0.14315312 5.018013 0 0 0 1 -0.1582372 -0.00074791897 0.98740077 17.736851 -0.3390536 -0.93915498 -0.055046853 0.073143005 0.92736369 -0.34349227 0.14835571 5.018013 0 0 0 1 -0.15801562 -0.00079461758 0.98743647 17.736855 -0.06062571 -0.99810553 -0.010504897 0.073135376 0.98557395 -0.061523966 0.15766789 5.018013 0 0 0 1 -0.15768351 -0.00074279302 0.9874897 17.736858 0.35657036 -0.93257445 0.056236088 0.07314682 0.92086577 0.3609769 0.14731637 5.0180283 0 0 0 1 -0.15743352 -0.00058543688 0.98752952 17.736847 0.67005825 -0.73464555 0.10638623 0.073141098 0.72542185 0.678451 0.11605014 5.0180168 0 0 0 1 -0.15736602 -0.00051245093 0.98754025 17.736855 0.75555599 -0.64398718 0.12006482 0.073139191 0.63590163 0.76503611 0.10172892 5.0180168 0 0 0 1 -0.15752339 -0.00065711141 0.98751509 17.736851 0.55747759 -0.82547462 0.088376746 0.073139191 0.81511056 0.56443888 0.13039792 5.0180206 0 0 0 1 -0.15791403 -0.00079388171 0.98745239 17.736847 0.066746116 -0.99772131 0.0098719373 0.073143005 0.98519444 0.067467548 0.15760699 5.0180283 0 0 0 1 -0.15834355 -0.00069929648 0.98738378 17.736847 -0.47263747 -0.87793726 -0.07641717 0.073139191 0.86691475 -0.47877467 0.13868527 5.0180168 0 0 0 1 -0.15857053 -0.0005112589 0.98734754 17.736851 -0.75729394 -0.64158612 -0.12195554 0.073143005 0.6335308 -0.76705098 0.10134947 5.018013 0 0 0 1 -0.16281939 -0.00061646098 0.98665571 17.736855 -0.62430465 -0.77429301 -0.10350749 0.073143005 0.7640245 -0.63282675 0.1256851 5.0180244 0 0 0 1 -0.15823722 -0.00074787426 0.98740083 17.736855 -0.33905369 -0.93915522 -0.055046793 0.073143005 0.92736387 -0.34349233 0.14835559 5.018013 0 0 0 1 -0.13733672 -0.00076572597 0.99052429 17.736858 -0.27259979 -0.96135533 -0.038539294 0.073135376 0.9522751 -0.27530953 0.13182063 5.0180206 0 0 0 1 -0.11152399 -0.00077439833 0.99376148 17.736856 -0.2301522 -0.97279131 -0.026586682 0.073139191 0.96674317 -0.23168141 0.1083113 5.0180054 0 0 0 1 -0.08369685 -0.00077761704 0.99649096 17.736851 -0.20578623 -0.97843045 -0.018047847 0.073127747 0.97501135 -0.20657463 0.081731617 5.018013 0 0 0 1 -0.056792736 -0.00078036613 0.99838573 17.736847 -0.19289142 -0.98114961 -0.011739418 0.073135376 0.97957522 -0.19324668 0.055571556 5.0180206 0 0 0 1 -0.033770557 -0.00078287697 0.99942935 17.736847 -0.18455724 -0.98279661 -0.0070060114 0.073135376 0.98224139 -0.18468848 0.033045109 5.018013 0 0 0 1 -0.017590642 -0.00078482175 0.99984497 17.736847 -0.1737569 -0.98478121 -0.0038299633 0.073143005 0.98463154 -0.17379729 0.017186461 5.0180187 0 0 0 1 -0.0094132414 -0.00078538037 0.99995536 17.736847 -0.16374683 -0.98649949 -0.0023162661 0.073139191 0.98645741 -0.1637613 0.0091574779 5.0180206 0 0 0 1 -0.0071235886 -0.00078658003 0.99997419 17.736877 -0.16093849 -0.98696268 -0.0019228231 0.073143005 0.98693871 -0.16094805 0.0069040046 5.0180283 0 0 0 1 -0.0087589016 -0.00078567117 0.99996138 17.736847 -0.16294469 -0.98663282 -0.0022024736 0.073135376 0.98659629 -0.1629577 0.0085137486 5.0180054 0 0 0 1 -0.012357353 -0.00078507507 0.99992317 17.736847 -0.16735406 -0.98589271 -0.0028422619 0.073143005 0.9858194 -0.16737634 0.01205158 5.0180283 0 0 0 1 -0.015955329 -0.00078444916 0.99987221 17.736862 -0.17175749 -0.98513275 -0.0035136933 0.073143005 0.98501003 -0.17179161 0.015583454 5.0180435 0 0 0 1 -0.017590642 -0.00078433752 0.99984509 17.736847 -0.1737569 -0.98478115 -0.0038294946 0.073143005 0.98463148 -0.17379732 0.017186644 5.0180054 0 0 0 1 </float_array>
        <technique_common>
          <accessor count="35" offset="0" source="#B_L_Clavicle_matrix-output-array" stride="16">
            <param name="TRANSFORM" type="float4x4" />
          </accessor>
        </technique_common>
      </source>
      <source id="B_L_Clavicle_matrix-interpolation">
        <Name_array id="B_L_Clavicle_matrix-interpolation-array" count="35"> LINEAR LINEAR LINEAR LINEAR LINEAR LINEAR LINEAR LINEAR LINEAR LINEAR LINEAR LINEAR LINEAR LINEAR LINEAR LINEAR LINEAR LINEAR LINEAR LINEAR LINEAR LINEAR LINEAR LINEAR LINEAR LINEAR LINEAR LINEAR LINEAR LINEAR LINEAR LINEAR LINEAR LINEAR LINEAR </Name_array>
        <technique_common>
          <accessor source="#B_L_Clavicle_matrix-interpolation-array" count="35" stride="1">
            <param name="INTERPOLATION" type="name"></param>
          </accessor>
        </technique_common>
      </source>
      <source id="B_L_Finger0_matrix-input" name="B_L_Finger0_matrix-input">
