<?xml version="1.0" encoding="UTF-8" standalone="no" ?>
<COLLADA xmlns="http://www.collada.org/2005/11/COLLADASchema" version="1.4.1">
  <asset>
    <contributor>
      <author>Assimp</author>
      <authoring_tool>FBX SDK/FBX Plugins version 2013.1</authoring_tool>
    </contributor>
    <created>2020-08-21T10:30:38</created>
    <modified>2020-08-21T10:30:38</modified>
    <unit name="meter" meter="1" />
    <up_axis>Y_UP</up_axis>
  </asset>
  <library_geometries>
  </library_geometries>
  <library_controllers>
  </library_controllers>
  <library_visual_scenes>
    <visual_scene id="RootNode" name="RootNode">
      <node id="Motion_aAssimpFbxa_Translation"  name="Motion_$AssimpFbx$_Translation" type="NODE">
        <matrix sid="matrix">1 0 0 9.92585e-07 0 1 0 0 0 0 1 -0.17328988 0 0 0 1</matrix>
        <node id="Motion_aAssimpFbxa_PreRotation"  name="Motion_$AssimpFbx$_PreRotation" type="NODE">
          <matrix sid="matrix">1 0 0 0 0 -4.3711388e-08 1 0 0 -1 -4.3711388e-08 0 0 0 0 1</matrix>
          <node id="Motion_aAssimpFbxa_Rotation"  name="Motion_$AssimpFbx$_Rotation" type="NODE">
            <matrix sid="matrix">1.3868001e-06 1 0 0 -1 1.3868001e-06 0 0 0 0 1 0 0 0 0 1</matrix>
            <node id="Motion_aAssimpFbxa_Scaling"  name="Motion_$AssimpFbx$_Scaling" type="NODE">
              <matrix sid="matrix">1 0 0 0 0 1 0 0 0 0 1 0 0 0 0 1</matrix>
              <node id="Motion"  name="Motion" type="NODE">
                <matrix sid="matrix">1 0 0 0 0 1 0 0 0 0 1 0 0 0 0 1</matrix>
                <node id="B_Pelvis"  name="B_Pelvis" type="NODE">
                  <matrix sid="matrix">-4.3711388e-08 0.60876256 0.79335248 0.17329331 0 -0.79335248 0.60876256 2.6999989 1 2.6609857e-08 3.4678539e-08 98.622734 0 0 0 1</matrix>
                  <node id="B_Spine"  name="B_Spine" type="NODE">
                    <matrix sid="matrix">0.99823147 0.047404032 -0.03587313 7.6762924 -0.037805337 0.97190607 0.23231289 -1.6268322 0.045877885 -0.23054582 0.97197938 0.0023474693 0 0 0 1</matrix>
                    <node id="B_Spine1"  name="B_Spine1" type="NODE">
                      <matrix sid="matrix">0.99970514 -0.024198728 0.0019994131 12.747765 0.024175966 0.99965024 0.010716197 -0.014275551 -0.0022580323 -0.0106647 0.99994057 0.00015211105 0 0 0 1</matrix>
                      <node id="B_Spine2"  name="B_Spine2" type="NODE">
                        <matrix sid="matrix">0.9988209 -0.048403606 0.0037315511 17.935463 0.048312016 0.99859816 0.021625748 -0.026443005 -0.0047730841 -0.02141997 0.9997592 0.00054788589 0 0 0 1</matrix>
                        <node id="B_L_Clavicle"  name="B_L_Clavicle" type="NODE">
                          <matrix sid="matrix">-0.017590661 -0.00078421831 0.99984497 17.736847 -0.17375694 -0.98478115 -0.0038293824 0.073140144 0.98463148 -0.17379735 0.017186686 5.0180159 0 0 0 1</matrix>
                          <node id="B_L_UpperArm"  name="B_L_UpperArm" type="NODE">
                            <matrix sid="matrix">0.67658818 0.4022921 0.61675727 17.464663 -0.50647581 0.86222738 -0.0067964494 2.8610229e-06 -0.53451914 -0.30777422 0.7871241 0 0 0 0 1</matrix>
                            <node id="B_L_Forearm"  name="B_L_Forearm" type="NODE">
                              <matrix sid="matrix">-0.13640097 0.98478979 0.10762779 27.628178 -0.99065369 -0.13559355 -0.014819367 -3.8146973e-06 -3.2782563e-07 -0.10864324 0.99408078 -1.5258789e-05 0 0 0 1</matrix>
                              <node id="B_L_ForeArmTwist"  name="B_L_ForeArmTwist" type="NODE">
                                <matrix sid="matrix">1 5.0429115e-08 -3.2426604e-07 11.992634 -1.4901155e-08 0.99408078 0.10864369 -7.6293945e-06 3.2782543e-07 -0.10864369 0.99408078 1.5258789e-05 0 0 0 1</matrix>
                                <node id="B_L_Hand"  name="B_L_Hand" type="NODE">
                                  <matrix sid="matrix">0.96626526 -0.09560217 0.2391479 11.992649 -0.24727416 -0.084708586 0.96523571 0 -0.072020747 -0.99180877 -0.10549091 0 0 0 0 1</matrix>
                                  <node id="B_L_Finger0"  name="B_L_Finger0" type="NODE">
                                    <matrix sid="matrix">0.80900651 0.13246357 0.57267952 1.4603271 0.15583251 0.89108139 -0.42625123 1.9355469 -0.5667668 0.43408212 0.70024854 -2.4376602 0 0 0 1</matrix>
                                    <node id="B_L_Finger01"  name="B_L_Finger01" type="NODE">
                                      <matrix sid="matrix">0.80299318 -0.59598827 1.2058758e-08 3.7140045 0.59598827 0.80299318 2.7507136e-08 -1.5258789e-05 -2.607703e-08 -1.4901163e-08 1 -2.2888184e-05 0 0 0 1</matrix>
                                      <node id="B_L_Finger02"  name="B_L_Finger02" type="NODE">
                                        <matrix sid="matrix">0.5521847 -0.83372182 -9.2086296e-08 5.5299349 0.83372182 0.5521847 4.3116884e-08 1.5258789e-05 1.4901156e-08 -1.0058284e-07 1 2.2888184e-05 0 0 0 1</matrix>
                                      </node>
                                    </node>
                                  </node>
                                  <node id="B_L_Finger1"  name="B_L_Finger1" type="NODE">
                                    <matrix sid="matrix">0.27254894 -0.95552641 0.11263379 11.625458 0.92804092 0.23019093 -0.29283464 3.1205444 0.25388396 0.18434054 0.94950593 -3.0983582 0 0 0 1</matrix>
                                    <node id="B_L_Finger11"  name="B_L_Finger11" type="NODE">
                                      <matrix sid="matrix">-0.25881925 -0.96592575 1.6886432e-07 4.4568253 0.96592575 -0.25881925 6.0673919e-08 7.6293945e-06 -1.4901163e-08 1.7881398e-07 1 1.9073486e-05 0 0 0 1</matrix>
                                      <node id="B_L_Finger12"  name="B_L_Finger12" type="NODE">
                                        <matrix sid="matrix">0.57357568 -0.81915259 2.526734e-07 3.3311615 0.81915259 0.57357568 -1.587325e-07 -2.2888184e-05 -1.4901159e-08 2.9802317e-07 1 -2.2888184e-05 0 0 0 1</matrix>
                                      </node>
                                    </node>
                                  </node>
                                  <node id="B_L_Finger2"  name="B_L_Finger2" type="NODE">
                                    <matrix sid="matrix">0.25808468 -0.96503466 0.0458293 11.814079 0.96096504 0.25152317 -0.11524842 2.4381027 0.099691592 0.073784202 0.99227887 0.83571625 0 0 0 1</matrix>
                                    <node id="B_L_Finger21"  name="B_L_Finger21" type="NODE">
                                      <matrix sid="matrix">-0.62068582 -0.78405941 3.2177721e-07 5.1996384 0.78405941 -0.62068582 1.2169289e-07 1.5258789e-05 1.0430809e-07 3.2782549e-07 1 7.6293945e-06 0 0 0 1</matrix>
                                      <node id="B_L_Finger22"  name="B_L_Finger22" type="NODE">
                                        <matrix sid="matrix">0.44828629 -0.89389002 1.1999995e-07 5.199625 0.89389002 0.44828629 3.9840081e-08 0 -8.9406988e-08 8.9406996e-08 1 -3.8146973e-06 0 0 0 1</matrix>
                                      </node>
                                    </node>
                                  </node>
                                  <node id="B_L_Finger3"  name="B_L_Finger3" type="NODE">
                                    <matrix sid="matrix">0.13847044 -0.99036652 0.00029712808 11.814072 0.99036658 0.13847046 5.9385591e-05 1.9342499 -9.9956967e-05 0.00028604257 0.99999994 4.6002388 0 0 0 1</matrix>
                                    <node id="B_L_Finger31"  name="B_L_Finger31" type="NODE">
                                      <matrix sid="matrix">-0.058766864 -0.99827176 -1.0044769e-06 4.4567947 0.99827176 -0.058766864 -1.1935811e-06 7.6293945e-06 1.1324883e-06 -1.0728838e-06 1 -7.6293945e-06 0 0 0 1</matrix>
                                      <node id="B_L_Finger32"  name="B_L_Finger32" type="NODE">
                                        <matrix sid="matrix">-0.058766745 -0.99827176 -1.8829912e-06 4.4567719 0.99827176 -0.058766745 -1.4841288e-06 -2.2888184e-05 1.3709065e-06 -1.9669544e-06 1 1.9073486e-05 0 0 0 1</matrix>
                                      </node>
                                    </node>
                                  </node>
                                  <node id="B_L_Finger4"  name="B_L_Finger4" type="NODE">
                                    <matrix sid="matrix">0.14714384 -0.98122936 -0.12464997 11.857193 0.98368686 0.15835436 -0.085346922 4.052887 0.10348377 -0.11005827 0.9885233 6.5145264 0 0 0 1</matrix>
                                    <node id="B_L_Finger41"  name="B_L_Finger41" type="NODE">
                                      <matrix sid="matrix">-0.18123169 -0.9834404 -2.1288943e-06 3.327652 0.9834404 -0.18123169 -3.7409282e-06 7.6293945e-06 3.2931569e-06 -2.7716153e-06 1 1.1444092e-05 0 0 0 1</matrix>
                                      <node id="B_L_Finger42"  name="B_L_Finger42" type="NODE">
                                        <matrix sid="matrix">0.0019772795 -0.99999803 -2.3013736e-06 3.3276672 0.99999803 0.0019772795 -3.3333165e-06 -2.2888184e-05 3.3378606e-06 -2.2947781e-06 1 -1.5258789e-05 0 0 0 1</matrix>
                                      </node>
                                    </node>
                                  </node>
                                </node>
                              </node>
                            </node>
                          </node>
                        </node>
                        <node id="B_R_Clavicle"  name="B_R_Clavicle" type="NODE">
                          <matrix sid="matrix">-0.10452852 -0.00079656893 -0.9945215 17.736847 0.00023397958 -0.99999964 0.00077636424 0.074661255 -0.99452186 -0.00015154552 0.10452867 -5.0179629 0 0 0 1</matrix>
                          <node id="B_R_UpperArm"  name="B_R_UpperArm" type="NODE">
                            <matrix sid="matrix">0.65678829 0.18435103 -0.73119342 17.464647 -0.58112288 0.74166942 -0.33499652 1.1444092e-05 0.48054683 0.64493501 0.59425038 1.5258789e-05 0 0 0 1</matrix>
                            <node id="B_R_Forearm"  name="B_R_Forearm" type="NODE">
                              <matrix sid="matrix">0.1257856 0.99193633 -0.015499667 27.628185 -0.99205744 0.12577026 -0.0019651239 -7.6293945e-06 1.1920932e-07 0.015623745 0.99987793 -1.5258789e-05 0 0 0 1</matrix>
                              <node id="B_R_ForeArmTwist"  name="B_R_ForeArmTwist" type="NODE">
                                <matrix sid="matrix">1 -1.3968749e-09 -8.9396053e-08 11.992638 0 0.99987793 -0.015623782 -1.1444092e-05 8.9406967e-08 0.015623782 0.99987793 0 0 0 0 1</matrix>
                                <node id="B_R_Hand"  name="B_R_Hand" type="NODE">
                                  <matrix sid="matrix">0.86458033 -0.066815831 -0.49803263 11.992653 -0.49769527 0.022792298 -0.86705244 -3.8146973e-06 0.069284134 0.99750501 -0.013548149 -1.5258789e-05 0 0 0 1</matrix>
                                  <node id="B_R_Finger0"  name="B_R_Finger0" type="NODE">
                                    <matrix sid="matrix">0.80900657 0.13246369 -0.57267946 1.4603195 0.15583244 0.89108133 0.42625135 1.9355469 0.5667668 -0.43408221 0.7002486 2.4376602 0 0 0 1</matrix>
                                    <node id="B_R_Finger01"  name="B_R_Finger01" type="NODE">
                                      <matrix sid="matrix">0.802993 -0.59598845 -2.5669956e-07 3.714035 0.59598845 0.802993 -7.918252e-08 -2.2888184e-05 2.5331983e-07 -8.9406974e-08 1 0 0 0 0 1</matrix>
                                      <node id="B_R_Finger02"  name="B_R_Finger02" type="NODE">
                                        <matrix sid="matrix">0.55218488 -0.8337217 6.6474541e-08 5.5299377 0.8337217 0.55218488 -1.1551919e-07 2.2888184e-05 5.9604623e-08 1.1920922e-07 1 2.2888184e-05 0 0 0 1</matrix>
                                      </node>
                                    </node>
                                  </node>
                                  <node id="B_R_Finger1"  name="B_R_Finger1" type="NODE">
                                    <matrix sid="matrix">0.27254859 -0.95552653 -0.11263388 11.625465 0.92804098 0.2301905 0.29283494 3.1205597 -0.25388429 -0.1843406 0.94950587 3.0983505 0 0 0 1</matrix>
                                    <node id="B_R_Finger11"  name="B_R_Finger11" type="NODE">
                                      <matrix sid="matrix">-0.25881925 -0.96592575 -8.8178652e-08 4.4568176 0.96592575 -0.25881925 -8.2924259e-08 0 5.7276349e-08 -1.0663643e-07 1 3.8146973e-06 0 0 0 1</matrix>
                                      <node id="B_R_Finger12"  name="B_R_Finger12" type="NODE">
                                        <matrix sid="matrix">0.57357585 -0.81915247 2.1793508e-07 3.331131 0.81915247 0.57357585 5.2261825e-08 0 -1.678127e-07 1.4854594e-07 1 -1.1444092e-05 0 0 0 1</matrix>
                                      </node>
                                    </node>
                                  </node>
                                  <node id="B_R_Finger2"  name="B_R_Finger2" type="NODE">
                                    <matrix sid="matrix">0.25808468 -0.96503466 -0.045829348 11.814064 0.96096504 0.25152317 0.11524836 2.438118 -0.099691525 -0.073784232 0.99227887 -0.83572006 0 0 0 1</matrix>
                                    <node id="B_R_Finger21"  name="B_R_Finger21" type="NODE">
                                      <matrix sid="matrix">-0.62068546 -0.7840597 -1.5163972e-07 5.1995964 0.7840597 -0.62068546 -7.2529758e-08 -1.5258789e-05 -3.7252914e-08 -1.6391276e-07 1 -3.6239624e-05 0 0 0 1</matrix>
                                      <node id="B_R_Finger22"  name="B_R_Finger22" type="NODE">
                                        <matrix sid="matrix">0.44828618 -0.89389008 3.3399923e-09 5.1996002 0.89389008 0.44828618 6.6600001e-09 1.5258789e-05 -7.4505806e-09 0 1 2.6702881e-05 0 0 0 1</matrix>
                                      </node>
                                    </node>
                                  </node>
                                  <node id="B_R_Finger3"  name="B_R_Finger3" type="NODE">
                                    <matrix sid="matrix">0.1384702 -0.99036652 -0.00029823845 11.814064 0.99036658 0.13847022 -5.9471171e-05 1.9342728 0.00010019541 -0.00028713042 0.99999994 -4.6002541 0 0 0 1</matrix>
                                    <node id="B_R_Finger31"  name="B_R_Finger31" type="NODE">
                                      <matrix sid="matrix">-0.058766745 -0.99827176 9.63262e-09 4.4567947 0.99827176 -0.058766745 -1.6362949e-07 -1.5258789e-05 1.6391277e-07 0 1 -3.8146973e-06 0 0 0 1</matrix>
                                      <node id="B_R_Finger32"  name="B_R_Finger32" type="NODE">
                                        <matrix sid="matrix">-0.058766864 -0.99827176 6.9477699e-07 4.4568176 0.99827176 -0.058766864 -1.3822297e-07 1.5258789e-05 1.7881393e-07 6.8545324e-07 1 -1.1444092e-05 0 0 0 1</matrix>
                                      </node>
                                    </node>
                                  </node>
                                  <node id="B_R_Finger4"  name="B_R_Finger4" type="NODE">
                                    <matrix sid="matrix">0.14714384 -0.98122966 0.12464787 11.857231 0.98368686 0.15835416 0.085347109 4.0529175 -0.10348362 0.11005617 0.98852354 -6.5145607 0 0 0 1</matrix>
                                    <node id="B_R_Finger41"  name="B_R_Finger41" type="NODE">
                                      <matrix sid="matrix">-0.18123135 -0.98344052 2.0472382e-07 3.3276749 0.98344052 -0.18123135 7.8017877e-07 3.0517578e-05 -7.3015696e-07 3.4272651e-07 1 3.0517578e-05 0 0 0 1</matrix>
                                      <node id="B_R_Finger42"  name="B_R_Finger42" type="NODE">
                                        <matrix sid="matrix">0.0019766835 -0.99999803 3.1410184e-07 3.3277206 0.99999803 0.0019766835 5.954268e-07 3.0517578e-05 -5.9604656e-07 3.1292427e-07 1 -1.9073486e-05 0 0 0 1</matrix>
                                      </node>
                                    </node>
                                  </node>
                                </node>
                              </node>
                            </node>
                          </node>
                        </node>
                        <node id="B_Neck"  name="B_Neck" type="NODE">
                          <matrix sid="matrix">0.9745459 -0.20556866 -0.089452878 27.039749 0.20928557 0.97725385 0.034271002 1.128232 0.080373123 -0.052119862 0.99540126 0.00061321259 0 0 0 1</matrix>
                          <node id="B_Head"  name="B_Head" type="NODE">
                            <matrix sid="matrix">0.98408651 0.17358992 -0.037950218 10.019302 -0.16961536 0.85404325 -0.49177301 1.4083176 -0.052955706 0.49038413 0.86989599 0 0 0 0 1</matrix>
                          </node>
                        </node>
                      </node>
                    </node>
                  </node>
                  <node id="B_L_Thigh"  name="B_L_Thigh" type="NODE">
                    <matrix sid="matrix">-0.88179493 0.28008324 -0.37946168 0 0.35161811 0.92662716 -0.13314211 1.7642975e-05 0.31432858 -0.25082961 -0.91557741 11.161455 0 0 0 1</matrix>
                    <node id="B_L_Calf"  name="B_L_Calf" type="NODE">
                      <matrix sid="matrix">0.87463468 0.48478261 3.9885367e-07 50.282745 -0.48478261 0.87463468 7.9737283e-06 -3.8146973e-06 3.5166736e-06 -7.1674567e-06 1 7.6293945e-06 0 0 0 1</matrix>
                      <node id="B_L_Foot"  name="B_L_Foot" type="NODE">
                        <matrix sid="matrix">0.90702921 -0.23339492 -0.35046375 39.72813 0.18250699 0.96798968 -0.17229947 -2.6226044e-06 0.37945914 0.092318565 0.92059112 -7.6293945e-06 0 0 0 1</matrix>
                        <node id="B_L_Toe0"  name="B_L_Toe0" type="NODE">
                          <matrix sid="matrix">-4.3711388e-08 -1 -5.6529331e-08 18.214441 1 -4.3711388e-08 -2.4709755e-15 14.545954 0 -5.6529331e-08 1 0.020648956 0 0 0 1</matrix>
                        </node>
                      </node>
                    </node>
                  </node>
                  <node id="B_R_Thigh"  name="B_R_Thigh" type="NODE">
                    <matrix sid="matrix">-0.87342459 0.42952579 0.22942784 0 0.18169032 0.72456962 -0.66482145 -1.2397766e-05 -0.45179439 -0.53898656 -0.71089756 -11.161448 0 0 0 1</matrix>
                    <node id="B_R_Calf"  name="B_R_Calf" type="NODE">
                      <matrix sid="matrix">0.69287813 0.72105467 -5.7282705e-08 50.282745 -0.72105467 0.69287813 -4.7255107e-06 0 -3.367662e-06 3.3155075e-06 1 3.8146973e-06 0 0 0 1</matrix>
                      <node id="B_R_Foot"  name="B_R_Foot" type="NODE">
                        <matrix sid="matrix">0.91488844 -0.31722772 0.24969119 39.72813 0.33217812 0.94302464 -0.019033015 0 -0.22942713 0.10035502 0.96813846 1.9073486e-06 0 0 0 1</matrix>
                        <node id="B_R_Toe0"  name="B_R_Toe0" type="NODE">
                          <matrix sid="matrix">-4.3711388e-08 -1 5.8227153e-07 18.214441 1 -4.3711768e-08 -6.5565109e-07 14.545954 6.5565109e-07 5.8227147e-07 1 -0.020652771 0 0 0 1</matrix>
                        </node>
                      </node>
                    </node>
                  </node>
                </node>
              </node>
            </node>
          </node>
        </node>
      </node>
      <node id="Exporter_aAssimpFbxa_PreRotation"  name="Exporter_$AssimpFbx$_PreRotation" type="NODE">
        <matrix sid="matrix">1 0 0 0 0 -4.3711388e-08 1 0 0 -1 -4.3711388e-08 0 0 0 0 1</matrix>
        <node id="Exporter"  name="Exporter" type="NODE">
          <matrix sid="matrix">1 0 0 0 0 1 0 0 0 0 1 0 0 0 0 1</matrix>
        </node>
      </node>
    </visual_scene>
  </library_visual_scenes>
  <library_animations>
    <animation id="TakeW001AnimId0" name="Take 001">
      <source id="B_Head_matrix-input" name="B_Head_matrix-input">
        <float_array id="B_Head_matrix-input-array" count="23"> 0 1 2 3 4 5 6 7 8 9 10 11 12 13 14 15 16 17 18 19 20 21 22 </float_array>
        <technique_common>
          <accessor count="23" offset="0" source="#B_Head_matrix-input-array" stride="1">
            <param name="TIME" type="float" />
          </accessor>
        </technique_common>
      </source>
      <source id="B_Head_matrix-output" name="B_Head_matrix-output">
        <float_array id="B_Head_matrix-output-array" count="368"> 0.98408645 0.17358992 -0.037950218 10.019302 -0.16961536 0.85404319 -0.49177307 1.4083176 -0.052955713 0.49038419 0.86989599 0 0 0 0 1 0.96017134 0.26659772 -0.083644398 10.019325 -0.27529275 0.85142422 -0.44641981 1.4083099 -0.047797646 0.45166633 0.89090556 -3.8146973e-06 0 0 0 1 0.87334853 0.48069808 -0.078684866 10.01931 -0.47541979 0.80606258 -0.35247532 1.4083176 -0.10600927 0.34524217 0.93250728 3.8146973e-06 0 0 0 1 0.78098798 0.62330586 0.039341107 10.019318 -0.59901339 0.76539862 -0.23526126 1.4083252 -0.17675138 0.16017033 0.97113562 0 0 0 0 1 0.75850201 0.62512714 0.18409522 10.019318 -0.64059907 0.76709759 0.034559239 1.4083099 -0.11961504 -0.14414445 0.98230094 7.6293945e-06 0 0 0 1 0.78132117 0.55217594 0.29092708 10.019318 -0.62412411 0.68942648 0.36764097 1.4083023 0.0024296339 -0.4688203 0.88329005 -7.6293945e-06 0 0 0 1 0.83127093 0.48770374 0.26670963 10.019318 -0.55067486 0.6570909 0.51477081 1.4083176 0.075803168 -0.57478416 0.81478673 7.6293945e-06 0 0 0 1 0.90854311 0.41056123 0.077387288 10.019348 -0.41681576 0.9033857 0.10078982 1.4083099 -0.028530193 -0.12382813 0.99189341 0 0 0 0 1 0.98408645 0.17358992 -0.037950266 10.01931 -0.16961539 0.85404319 -0.49177307 1.4083061 -0.052955672 0.49038419 0.86989599 0 0 0 0 1 0.81708992 -0.51682866 -0.25544518 10.019325 0.28745002 0.74931109 -0.59657812 1.4083099 0.49973652 0.41403025 0.76081705 0 0 0 0 1 0.90376532 -0.40244538 -0.14575942 10.019318 0.24353956 0.76353085 -0.59808767 1.4083176 0.35198951 0.50503278 0.78806412 0 0 0 0 1 0.93353206 -0.32785991 -0.14500268 10.019318 0.18433711 0.78591079 -0.59022367 1.4082947 0.30746987 0.52426344 0.79410958 0 0 0 0 1 0.96502662 -0.22402321 -0.13615115 10.019318 0.10678191 0.81023324 -0.57629818 1.4083099 0.23941839 0.54160464 0.8058182 0 0 0 0 1 0.98738134 -0.10547205 -0.11812532 10.019318 0.022226309 0.83084404 -0.55606157 1.4083176 0.15679263 0.54641938 0.82270408 3.0517578e-05 0 0 0 1 0.99572653 0.010824346 -0.091714345 10.019287 -0.05817876 0.84478557 -0.53193301 1.4083023 0.071721114 0.53499568 0.84180504 0 0 0 0 1 0.99219292 0.1082996 -0.061841346 10.019318 -0.12468918 0.85191029 -0.508627 1.4083176 -0.0024008155 0.51236695 0.85876334 -3.0517578e-05 0 0 0 1 0.98408639 0.17358994 -0.037950229 10.019302 -0.16961539 0.85404325 -0.49177295 1.4083176 -0.052955687 0.49038398 0.86989617 3.0517578e-05 0 0 0 1 0.97842562 0.2049883 -0.025748478 10.019302 -0.1916633 0.85408884 -0.48352596 1.4083176 -0.077125676 0.47802925 0.87495124 0 0 0 0 1 0.97665292 0.21367283 -0.022200035 10.019318 -0.19777882 0.85401005 -0.48119706 1.4083176 -0.083859652 0.47435325 0.87633145 -3.0517578e-05 0 0 0 1 0.97792751 0.20747456 -0.024740523 10.019318 -0.19341323 0.85407043 -0.48286134 1.4083099 -0.079051301 0.47698858 0.8753472 0 0 0 0 1 0.98058486 0.19375224 -0.030225903 10.019302 -0.18376294 0.85413158 -0.48650816 1.4083099 -0.068445183 0.48261684 0.87315291 -3.0517578e-05 0 0 0 1 0.98303878 0.17991565 -0.035568714 10.019302 -0.17405035 0.85409373 -0.49013305 1.4083252 -0.057803594 0.48801053 0.87092161 3.0517578e-05 0 0 0 1 0.98408645 0.17358992 -0.037950218 10.019287 -0.16961536 0.85404319 -0.49177307 1.4083099 -0.052955713 0.49038419 0.86989599 0 0 0 0 1 </float_array>
        <technique_common>
          <accessor count="23" offset="0" source="#B_Head_matrix-output-array" stride="16">
            <param name="TRANSFORM" type="float4x4" />
          </accessor>
        </technique_common>
      </source>
      <source id="B_Head_matrix-interpolation">
        <Name_array id="B_Head_matrix-interpolation-array" count="23"> LINEAR LINEAR LINEAR LINEAR LINEAR LINEAR LINEAR LINEAR LINEAR LINEAR LINEAR LINEAR LINEAR LINEAR LINEAR LINEAR LINEAR LINEAR LINEAR LINEAR LINEAR LINEAR LINEAR </Name_array>
        <technique_common>
          <accessor source="#B_Head_matrix-interpolation-array" count="23" stride="1">
            <param name="INTERPOLATION" type="name"></param>
          </accessor>
        </technique_common>
      </source>
      <source id="B_L_Calf_matrix-input" name="B_L_Calf_matrix-input">
        <float_array id="B_L_Calf_matrix-input-array" count="23"> 0 1 2 3 4 5 6 7 8 9 10 11 12 13 14 15 16 17 18 19 20 21 22 </float_array>
        <technique_common>
          <accessor count="23" offset="0" source="#B_L_Calf_matrix-input-array" stride="1">
            <param name="TIME" type="float" />
          </accessor>
        </technique_common>
      </source>
      <source id="B_L_Calf_matrix-output" name="B_L_Calf_matrix-output">
        <float_array id="B_L_Calf_matrix-output-array" count="368"> 0.8746348 0.48478273 3.9885339e-07 50.282745 -0.48478267 0.87463486 7.9737274e-06 -3.8146973e-06 3.516674e-06 -7.1674585e-06 0.99999988 7.6293945e-06 0 0 0 1 0.62855679 0.77776396 7.3707008e-07 50.282753 -0.77776402 0.62855667 7.6461729e-06 0 5.4836269e-06 -5.3793187e-06 1.0000001 0 0 0 0 1 0.30094403 0.95364219 9.1983247e-07 50.282753 -0.95364207 0.30094409 7.3842648e-06 0 6.7651276e-06 -3.0994418e-06 1 3.8146973e-06 0 0 0 1 0.90464771 0.42616048 4.1090129e-07 50.282738 -0.42616048 0.90464771 8.075267e-06 1.9073486e-06 3.0696392e-06 -7.480382e-06 1 2.8610229e-06 0 0 0 1 0.90105206 0.43371156 3.3373604e-07 50.282776 -0.43371156 0.90105206 7.9427418e-06 3.8146973e-06 3.1441452e-06 -7.3015681e-06 1.0000001 5.7220459e-06 0 0 0 1 0.81856072 0.57442045 5.5728441e-07 50.282745 -0.57442039 0.81856084 7.8371813e-06 7.6293945e-06 4.0456653e-06 -6.7353244e-06 1.0000001 7.6293945e-06 0 0 0 1 0.72875899 0.68477052 6.7882388e-07 50.282745 -0.68477041 0.72875911 7.8273351e-06 0 4.8652287e-06 -6.1690803e-06 1 7.6293945e-06 0 0 0 1 0.74276948 0.66954738 6.4855288e-07 50.282745 -0.66954738 0.74276948 7.8412613e-06 1.5258789e-05 4.7683707e-06 -6.2584877e-06 0.99999988 0 0 0 0 1 0.76187301 0.64772648 5.5032388e-07 50.282745 -0.64772642 0.76187313 7.8249686e-06 7.6293945e-06 4.6491623e-06 -6.3180928e-06 1 0 0 0 0 1 0.24286383 0.97006065 8.5403394e-07 50.282745 -0.97006065 0.24286383 7.3874312e-06 0 6.9588423e-06 -2.6226046e-06 1 3.0517578e-05 0 0 0 1 0.0064866552 0.99997938 9.6753683e-07 50.282745 -0.99997914 0.0064866566 7.054673e-06 -7.6293945e-06 7.0482492e-06 -1.0132786e-06 1 0 0 0 0 1 -0.19328883 0.98114228 9.0358174e-07 50.28273 -0.98114204 -0.19328888 6.8993982e-06 3.8146973e-06 6.9439407e-06 4.4703501e-07 1.0000001 3.0517578e-05 0 0 0 1 -0.11311447 0.99358213 7.5320577e-07 50.282745 -0.99358195 -0.11311449 7.1430059e-06 -5.7220459e-06 7.1823597e-06 5.9605561e-08 1 0 0 0 0 1 0.064796224 0.99789876 8.4894964e-07 50.282776 -0.99789876 0.064796224 7.1630134e-06 -7.6293945e-06 7.0929536e-06 -1.3113021e-06 1 0 0 0 0 1 0.31396046 0.94943625 8.9404136e-07 50.282745 -0.94943595 0.31396058 7.3582796e-06 -7.6293945e-06 6.7055221e-06 -3.1590453e-06 0.99999988 -3.0517578e-05 0 0 0 1 0.58020526 0.81447041 9.138688e-07 50.282761 -0.81447041 0.58020526 7.6033134e-06 0 5.6624408e-06 -5.1558009e-06 1.0000001 -3.0517578e-05 0 0 0 1 0.77204567 0.63556731 5.4191992e-07 50.282776 -0.63556743 0.77204561 7.7857039e-06 1.5258789e-05 4.5299521e-06 -6.3553452e-06 1 -3.0517578e-05 0 0 0 1 0.85977757 0.51066899 4.7428122e-07 50.282745 -0.51066899 0.85977757 7.976716e-06 1.5258789e-05 3.6656859e-06 -7.1004029e-06 0.99999994 0 0 0 0 1 0.89617544 0.44370055 4.2544116e-07 50.282745 -0.44370058 0.89617538 7.9118981e-06 1.5258789e-05 3.1292441e-06 -7.2792172e-06 1 -3.0517578e-05 0 0 0 1 0.89772028 0.44056648 3.9401652e-07 50.282738 -0.44056648 0.89772028 7.9732872e-06 0 3.1590459e-06 -7.3313718e-06 1 3.0517578e-05 0 0 0 1 0.88251293 0.47028866 3.8470989e-07 50.282753 -0.47028866 0.88251293 8.0095042e-06 -1.5258789e-05 3.4272675e-06 -7.2494158e-06 1 0 0 0 0 1 0.86881566 0.49513587 5.1572687e-07 50.282761 -0.49513575 0.86881584 7.9471993e-06 0 3.4868715e-06 -7.1600084e-06 0.99999994 0 0 0 0 1 0.8746351 0.4847821 4.8348824e-07 50.282738 -0.4847821 0.8746351 8.0034815e-06 1.5258789e-05 3.4570694e-06 -7.2345133e-06 0.99999994 0 0 0 0 1 </float_array>
        <technique_common>
          <accessor count="23" offset="0" source="#B_L_Calf_matrix-output-array" stride="16">
            <param name="TRANSFORM" type="float4x4" />
          </accessor>
        </technique_common>
      </source>
      <source id="B_L_Calf_matrix-interpolation">
        <Name_array id="B_L_Calf_matrix-interpolation-array" count="23"> LINEAR LINEAR LINEAR LINEAR LINEAR LINEAR LINEAR LINEAR LINEAR LINEAR LINEAR LINEAR LINEAR LINEAR LINEAR LINEAR LINEAR LINEAR LINEAR LINEAR LINEAR LINEAR LINEAR </Name_array>
        <technique_common>
          <accessor source="#B_L_Calf_matrix-interpolation-array" count="23" stride="1">
            <param name="INTERPOLATION" type="name"></param>
          </accessor>
        </technique_common>
      </source>
      <source id="B_L_Clavicle_matrix-input" name="B_L_Clavicle_matrix-input">
        <float_array id="B_L_Clavicle_matrix-input-array" count="23"> 0 1 2 3 4 5 6 7 8 9 10 11 12 13 14 15 16 17 18 19 20 21 22 </float_array>
        <technique_common>
          <accessor count="23" offset="0" source="#B_L_Clavicle_matrix-input-array" stride="1">
            <param name="TIME" type="float" />
          </accessor>
        </technique_common>
      </source>
      <source id="B_L_Clavicle_matrix-output" name="B_L_Clavicle_matrix-output">
        <float_array id="B_L_Clavicle_matrix-output-array" count="368"> -0.01759064 -0.00078422565 0.99984503 17.736847 -0.17375694 -0.98478109 -0.0038293749 0.073140144 0.98463148 -0.17379734 0.017186522 5.0180159 0 0 0 1 -0.017153382 -0.00078438222 0.9998526 17.736862 -0.17375854 -0.98478127 -0.0037535354 0.073135376 0.98463887 -0.17379731 0.016755998 5.018013 0 0 0 1 -0.016484378 -0.00078419596 0.99986386 17.736851 -0.17376111 -0.98478115 -0.0036371052 0.073143005 0.98464984 -0.17379743 0.016097248 5.0180168 0 0 0 1 -0.01759064 -0.00078422565 0.99984485 17.736862 -0.17375694 -0.98478109 -0.0038293742 0.073127747 0.98463142 -0.17379734 0.017186519 5.0180168 0 0 0 1 -0.022915719 -0.00078452361 0.99973696 17.736847 -0.17373405 -0.98478103 -0.0047550718 0.073150635 0.98452592 -0.17379732 0.022430597 5.0180168 0 0 0 1 -0.030014753 -0.00078386057 0.99954921 17.736847 -0.17369598 -0.98478115 -0.0059880614 0.073131561 0.98434192 -0.17379738 0.029421628 5.018013 0 0 0 1 -0.033563733 -0.00078400219 0.99943632 17.736877 -0.17367375 -0.98478121 -0.0066049094 0.073139191 0.98423123 -0.17379752 0.032916602 5.0180054 0 0 0 1 -0.026576634 -0.00078459067 0.99964631 17.736877 -0.17371549 -0.98478079 -0.0053913216 0.073104858 0.98443699 -0.17379732 0.026035901 5.0180187 0 0 0 1 -0.01759064 -0.00078422565 0.99984497 17.736877 -0.17375694 -0.98478115 -0.0038293672 0.073127747 0.98463148 -0.17379735 0.017186521 5.0179749 0 0 0 1 -0.016592026 -0.00078490376 0.99986213 17.736855 -0.17376068 -0.98478127 -0.0036564842 0.073150635 0.98464817 -0.17379737 0.016202986 5.0180054 0 0 0 1 -0.01759064 -0.00078410649 0.99984497 17.736855 -0.17375691 -0.98478121 -0.0038292555 0.073139191 0.98463142 -0.17379734 0.017186521 5.0180054 0 0 0 1 -0.017590642 -0.00078421831 0.99984497 17.736855 -0.17375694 -0.98478115 -0.0038293749 0.073120117 0.98463148 -0.17379735 0.017186642 5.0179749 0 0 0 1 -0.017590644 -0.00078421825 0.99984497 17.736855 -0.17375696 -0.98478109 -0.0038293749 0.073135376 0.9846316 -0.17379734 0.017186642 5.0180359 0 0 0 1 -0.017590642 -0.0007842257 0.99984497 17.736847 -0.17375696 -0.98478121 -0.0038293672 0.073120117 0.98463154 -0.17379735 0.017186521 5.0180054 0 0 0 1 -0.01759088 -0.00078420341 0.99984497 17.736839 -0.17375705 -0.98478127 -0.0038293973 0.073135376 0.98463148 -0.17379746 0.017186821 5.0180054 0 0 0 1 -0.017590642 -0.00078422576 0.99984497 17.736839 -0.17375696 -0.98478127 -0.0038293672 0.073135376 0.98463154 -0.17379737 0.017186521 5.0180054 0 0 0 1 -0.017590642 -0.00078421831 0.99984509 17.73687 -0.17375694 -0.98478115 -0.0038293754 0.073135376 0.98463148 -0.17379735 0.017186644 5.0179749 0 0 0 1 -0.01759064 -0.0007842257 0.99984503 17.736862 -0.17375694 -0.98478121 -0.0038293675 0.073135376 0.98463148 -0.17379735 0.017186522 5.0179749 0 0 0 1 -0.017590644 -0.00078421825 0.99984509 17.736877 -0.17375696 -0.98478109 -0.0038293754 0.073135376 0.9846316 -0.17379734 0.017186644 5.0180054 0 0 0 1 -0.017590642 -0.00078421831 0.99984497 17.736877 -0.17375694 -0.98478115 -0.0038293749 0.073120117 0.98463148 -0.17379735 0.017186642 5.0180054 0 0 0 1 -0.01759064 -0.00078422565 0.99984485 17.736862 -0.17375694 -0.98478115 -0.0038293668 0.073120117 0.98463148 -0.17379735 0.017186519 5.0180054 0 0 0 1 -0.01759064 -0.0007842257 0.99984497 17.736832 -0.17375694 -0.98478121 -0.0038293672 0.073135376 0.98463142 -0.17379735 0.017186521 5.0180054 0 0 0 1 -0.01759064 -0.00078422565 0.99984503 17.736847 -0.17375694 -0.98478109 -0.0038293749 0.073120117 0.98463148 -0.17379734 0.017186522 5.0179749 0 0 0 1 </float_array>
        <technique_common>
          <accessor count="23" offset="0" source="#B_L_Clavicle_matrix-output-array" stride="16">
            <param name="TRANSFORM" type="float4x4" />
          </accessor>
        </technique_common>
      </source>
      <source id="B_L_Clavicle_matrix-interpolation">
        <Name_array id="B_L_Clavicle_matrix-interpolation-array" count="23"> LINEAR LINEAR LINEAR LINEAR LINEAR LINEAR LINEAR LINEAR LINEAR LINEAR LINEAR LINEAR LINEAR LINEAR LINEAR LINEAR LINEAR LINEAR LINEAR LINEAR LINEAR LINEAR LINEAR </Name_array>
        <technique_common>
          <accessor source="#B_L_Clavicle_matrix-interpolation-array" count="23" stride="1">
            <param name="INTERPOLATION" type="name"></param>
          </accessor>
        </technique_common>
      </source>
      <source id="B_L_Finger0_matrix-input" name="B_L_Finger0_matrix-input">
        <float_array id="B_L_Finger0_matrix-input-array" count="23"> 0 1 2 3 4 5 6 7 8 9 10 11 12 13 14 15 16 17 18 19 20 21 22 </float_array>
        <technique_common>
          <accessor count="23" offset="0" source="#B_L_Finger0_matrix-input-array" stride="1">
            <param name="TIME" type="float" />
          </accessor>
        </technique_common>
      </source>
      <source id="B_L_Finger0_matrix-output" name="B_L_Finger0_matrix-output">
        <float_array id="B_L_Finger0_matrix-output-array" count="368"> 0.80900669 0.13246357 0.57267964 1.4603271 0.15583248 0.89108169 -0.42625138 1.9355469 -0.56676686 0.43408218 0.70024884 -2.4376602 0 0 0 1 0.80875617 0.13246363 0.57303321 1.4603252 0.15601884 0.89108145 -0.42618307 1.9355469 -0.56707305 0.43408212 0.70000064 -2.4376602 0 0 0 1 0.80837262 0.13246368 0.5735743 1.4603271 0.15630396 0.89108127 -0.42607883 1.9355545 -0.5675413 0.43408215 0.69962126 -2.4376564 0 0 0 1 0.80900657 0.13246368 0.57267958 1.4603271 0.15583239 0.89108139 -0.42625141 1.9355469 -0.5667668 0.43408212 0.70024878 -2.4376602 0 0 0 1 0.81204516 0.13246371 0.56836277 1.4603424 0.15355998 0.89108151 -0.42707539 1.9355316 -0.56302929 0.43408218 0.70325744 -2.4376526 0 0 0 1 0.81606072 0.13246369 0.5625816 1.4603271 0.1505232 0.89108133 -0.42815506 1.9355392 -0.55802077 0.43408209 0.70723802 -2.4376526 0 0 0 1 0.81805336 0.13246362 0.55968034 1.4603119 0.14900203 0.89108121 -0.42868695 1.9355392 -0.55550593 0.43408221 0.70921504 -2.4376526 0 0 0 1 0.81412101 0.13246386 0.5653854 1.4603119 0.15199502 0.89108151 -0.42763489 1.9355316 -0.56045049 0.43408218 0.7053144 -2.4376526 0 0 0 1 0.80900669 0.13246372 0.57267964 1.4603271 0.1558325 0.89108145 -0.42625156 1.9355545 -0.56676686 0.43408233 0.70024872 -2.4376564 0 0 0 1 0.80843443 0.1324636 0.57348716 1.4603577 0.15625803 0.89108121 -0.42609558 1.9355469 -0.56746584 0.43408206 0.69968241 -2.4376984 0 0 0 1 0.80900663 0.13246371 0.5726797 1.4602966 0.15583251 0.89108145 -0.42625153 1.9355164 -0.56676692 0.4340823 0.70024872 -2.4376678 0 0 0 1 0.80900633 0.13246347 0.57267976 1.4602966 0.15583262 0.89108139 -0.42625126 1.9355164 -0.56676674 0.43408212 0.70024866 -2.4376602 0 0 0 1 0.80900645 0.13246378 0.5726794 1.4603271 0.15583238 0.89108133 -0.42625147 1.9355469 -0.56676674 0.43408227 0.70024848 -2.4376526 0 0 0 1 0.80900657 0.13246362 0.57267964 1.4603119 0.15583241 0.89108157 -0.42625138 1.9355774 -0.5667668 0.43408215 0.70024884 -2.4376678 0 0 0 1 0.80900669 0.13246374 0.57267976 1.4603271 0.15583242 0.89108151 -0.42625159 1.9355469 -0.56676686 0.43408224 0.7002489 -2.4376373 0 0 0 1 0.80900633 0.13246374 0.5726797 1.4603271 0.15583241 0.89108133 -0.42625147 1.9355774 -0.5667668 0.43408215 0.70024866 -2.4376678 0 0 0 1 0.80900669 0.13246353 0.57267958 1.4603271 0.15583251 0.89108157 -0.42625129 1.9355469 -0.56676686 0.43408218 0.70024878 -2.4376373 0 0 0 1 0.80900669 0.13246387 0.57267952 1.4603195 0.15583237 0.89108157 -0.42625156 1.9355164 -0.56676692 0.4340823 0.70024866 -2.4376678 0 0 0 1 0.80900651 0.13246365 0.57267952 1.4603271 0.15583237 0.89108133 -0.42625135 1.9356079 -0.56676674 0.43408203 0.70024866 -2.4376678 0 0 0 1 0.80900657 0.13246383 0.57267976 1.4603271 0.15583244 0.89108151 -0.42625141 1.9355469 -0.56676722 0.43408218 0.7002486 -2.4376678 0 0 0 1 0.80900669 0.13246356 0.57267964 1.4603195 0.15583248 0.89108157 -0.42625129 1.9355774 -0.56676692 0.43408212 0.70024878 -2.4376373 0 0 0 1 0.80900657 0.13246372 0.57267958 1.4603271 0.15583242 0.89108151 -0.42625147 1.9355774 -0.5667668 0.43408224 0.70024872 -2.4376526 0 0 0 1 0.80900669 0.13246357 0.57267964 1.4603348 0.15583248 0.89108169 -0.42625138 1.9355164 -0.56676686 0.43408218 0.70024884 -2.4376831 0 0 0 1 </float_array>
        <technique_common>
          <accessor count="23" offset="0" source="#B_L_Finger0_matrix-output-array" stride="16">
            <param name="TRANSFORM" type="float4x4" />
          </accessor>
        </technique_common>
      </source>
      <source id="B_L_Finger0_matrix-interpolation">
        <Name_array id="B_L_Finger0_matrix-interpolation-array" count="23"> LINEAR LINEAR LINEAR LINEAR LINEAR LINEAR LINEAR LINEAR LINEAR LINEAR LINEAR LINEAR LINEAR LINEAR LINEAR LINEAR LINEAR LINEAR LINEAR LINEAR LINEAR LINEAR LINEAR </Name_array>
        <technique_common>
          <accessor source="#B_L_Finger0_matrix-interpolation-array" count="23" stride="1">
            <param name="INTERPOLATION" type="name"></param>
          </accessor>
        </technique_common>
      </source>
      <source id="B_L_Finger01_matrix-input" name="B_L_Finger01_matrix-input">
        <float_array id="B_L_Finger01_matrix-input-array" count="23"> 0 1 2 3 4 5 6 7 8 9 10 11 12 13 14 15 16 17 18 19 20 21 22 </float_array>
        <technique_common>
          <accessor count="23" offset="0" source="#B_L_Finger01_matrix-input-array" stride="1">
            <param name="TIME" type="float" />
          </accessor>
        </technique_common>
      </source>
      <source id="B_L_Finger01_matrix-output" name="B_L_Finger01_matrix-output">
