<?xml version="1.0" encoding="UTF-8" standalone="no" ?>
<COLLADA xmlns="http://www.collada.org/2005/11/COLLADASchema" version="1.4.1">
  <asset>
    <contributor>
      <author>Assimp</author>
      <authoring_tool>FBX SDK/FBX Plugins version 2013.1</authoring_tool>
    </contributor>
    <created>2020-08-21T10:31:30</created>
    <modified>2020-08-21T10:31:30</modified>
    <unit name="meter" meter="1" />
    <up_axis>Y_UP</up_axis>
  </asset>
  <library_geometries>
  </library_geometries>
  <library_controllers>
  </library_controllers>
  <library_visual_scenes>
    <visual_scene id="RootNode" name="RootNode">
      <node id="Motion_aAssimpFbxa_Translation"  name="Motion_$AssimpFbx$_Translation" type="NODE">
        <matrix sid="matrix">1 0 0 9.92585e-07 0 1 0 0 0 0 1 -0.17328988 0 0 0 1</matrix>
        <node id="Motion_aAssimpFbxa_PreRotation"  name="Motion_$AssimpFbx$_PreRotation" type="NODE">
          <matrix sid="matrix">1 0 0 0 0 -4.3711388e-08 1 0 0 -1 -4.3711388e-08 0 0 0 0 1</matrix>
          <node id="Motion_aAssimpFbxa_Rotation"  name="Motion_$AssimpFbx$_Rotation" type="NODE">
            <matrix sid="matrix">1.3868001e-06 1 0 0 -1 1.3868001e-06 0 0 0 0 1 0 0 0 0 1</matrix>
            <node id="Motion_aAssimpFbxa_Scaling"  name="Motion_$AssimpFbx$_Scaling" type="NODE">
              <matrix sid="matrix">1 0 0 0 0 1 0 0 0 0 1 0 0 0 0 1</matrix>
              <node id="Motion"  name="Motion" type="NODE">
                <matrix sid="matrix">1 0 0 0 0 1 0 0 0 0 1 0 0 0 0 1</matrix>
                <node id="B_Pelvis"  name="B_Pelvis" type="NODE">
                  <matrix sid="matrix">-4.3711388e-08 0.47715977 0.87881655 8.4299374 0 -0.87881655 0.47715977 -1.1678296e-05 1 2.0857316e-08 3.8414292e-08 27.564949 0 0 0 1</matrix>
                  <node id="B_Spine"  name="B_Spine" type="NODE">
                    <matrix sid="matrix">0.90887946 -0.41392836 -0.051004604 7.6809902 0.41435888 0.91011059 -0.0023194812 -1.6262097 0.047379933 -0.019026082 0.99869567 0.00019931793 0 0 0 1</matrix>
                    <node id="B_Spine1"  name="B_Spine1" type="NODE">
                      <matrix sid="matrix">0.88321298 -0.46896467 0.0026209801 12.754112 0.45751083 0.86038679 -0.22454026 -0.012290955 0.10304639 0.19951601 0.97446126 -0.0028495789 0 0 0 1</matrix>
                      <node id="B_Spine2"  name="B_Spine2" type="NODE">
                        <matrix sid="matrix">0.87208748 -0.48924929 0.0099288747 17.947109 0.4798077 0.85091835 -0.21382838 -0.022531509 0.096166722 0.19124101 0.97682083 -0.0050802231 0 0 0 1</matrix>
                        <node id="B_L_Clavicle"  name="B_L_Clavicle" type="NODE">
                          <matrix sid="matrix">-0.01759062 -0.00078351796 0.99984497 17.736855 -0.17375694 -0.98478109 -0.0038286746 0.073143005 0.98463148 -0.17379735 0.017186768 5.0180168 0 0 0 1</matrix>
                          <node id="B_L_UpperArm"  name="B_L_UpperArm" type="NODE">
                            <matrix sid="matrix">0.85696328 0.51537699 -0.00075930357 17.464668 -0.39300519 0.65443641 0.64595664 0 0.33340806 -0.55326265 0.76337379 0 0 0 0 1</matrix>
                            <node id="B_L_Forearm"  name="B_L_Forearm" type="NODE">
                              <matrix sid="matrix">0.55757779 0.82652193 0.077255882 27.628178 -0.83012468 0.5551579 0.05189091 7.6293945e-06 -2.3841861e-07 -0.093065232 0.99566001 -1.5258789e-05 0 0 0 1</matrix>
                              <node id="B_L_ForeArmTwist"  name="B_L_ForeArmTwist" type="NODE">
                                <matrix sid="matrix">1 1.3159099e-07 -2.870222e-07 11.992634 -1.0430807e-07 0.99566001 0.093065314 -7.6293945e-06 2.9802308e-07 -0.093065314 0.99566001 2.2888184e-05 0 0 0 1</matrix>
                                <node id="B_L_Hand"  name="B_L_Hand" type="NODE">
                                  <matrix sid="matrix">0.96226168 -0.26206893 0.073295921 11.992649 -0.094868459 -0.070617914 0.99298191 0 -0.2550537 -0.96246189 -0.092814989 0 0 0 0 1</matrix>
                                  <node id="B_L_Finger0"  name="B_L_Finger0" type="NODE">
                                    <matrix sid="matrix">0.80900657 0.13246366 0.57267946 1.4603271 0.15583254 0.89108133 -0.42625141 1.9355316 -0.5667668 0.4340823 0.70024854 -2.4376526 0 0 0 1</matrix>
                                    <node id="B_L_Finger01"  name="B_L_Finger01" type="NODE">
                                      <matrix sid="matrix">0.80299318 -0.59598821 -5.1718656e-09 3.7140026 0.59598821 0.80299318 3.1970654e-08 0 -1.490116e-08 -2.8754588e-08 1 -2.2888184e-05 0 0 0 1</matrix>
                                      <node id="B_L_Finger02"  name="B_L_Finger02" type="NODE">
                                        <matrix sid="matrix">0.55218476 -0.83372176 -9.0996913e-08 5.5299377 0.83372176 0.55218476 2.4522324e-08 1.1444092e-05 2.9802312e-08 -8.940696e-08 1 2.2888184e-05 0 0 0 1</matrix>
                                      </node>
                                    </node>
                                  </node>
                                  <node id="B_L_Finger1"  name="B_L_Finger1" type="NODE">
                                    <matrix sid="matrix">0.27254871 -0.95552647 0.11263388 11.625462 0.92804098 0.23019071 -0.29283455 3.1205368 0.2538839 0.18434055 0.94950593 -3.0983467 0 0 0 1</matrix>
                                    <node id="B_L_Finger11"  name="B_L_Finger11" type="NODE">
                                      <matrix sid="matrix">-0.25881925 -0.96592575 3.9323542e-08 4.4568253 0.96592575 -0.25881925 2.5963541e-08 0 -1.4901163e-08 4.4703487e-08 1 2.2888184e-05 0 0 0 1</matrix>
                                      <node id="B_L_Finger12"  name="B_L_Finger12" type="NODE">
                                        <matrix sid="matrix">0.57357568 -0.81915259 3.5765527e-07 3.3311501 0.81915259 0.57357568 -1.7766862e-07 -1.5258789e-05 -5.9604638e-08 3.9488063e-07 1 -3.0517578e-05 0 0 0 1</matrix>
                                      </node>
                                    </node>
                                  </node>
                                  <node id="B_L_Finger2"  name="B_L_Finger2" type="NODE">
                                    <matrix sid="matrix">0.25808457 -0.96503478 0.045829143 11.814079 0.9609651 0.25152308 -0.11524853 2.4381027 0.099691741 0.073784068 0.99227893 0.83572769 0 0 0 1</matrix>
                                    <node id="B_L_Finger21"  name="B_L_Finger21" type="NODE">
                                      <matrix sid="matrix">-0.62068564 -0.78405952 4.7901165e-07 5.1996307 0.78405952 -0.62068564 3.7107938e-08 2.2888184e-05 2.6822082e-07 3.9860601e-07 1 7.6293945e-06 0 0 0 1</matrix>
                                      <node id="B_L_Finger22"  name="B_L_Finger22" type="NODE">
                                        <matrix sid="matrix">0.44828629 -0.89389002 1.992005e-08 5.1996288 0.89389002 0.44828629 -5.9999962e-08 2.2888184e-05 4.470348e-08 4.4703494e-08 1 -7.6293945e-06 0 0 0 1</matrix>
                                      </node>
                                    </node>
                                  </node>
                                  <node id="B_L_Finger3"  name="B_L_Finger3" type="NODE">
                                    <matrix sid="matrix">0.13847044 -0.99036652 0.00029704184 11.814068 0.99036658 0.13847046 5.9360053e-05 1.9342346 -9.9919729e-05 0.0002859607 0.99999994 4.6002426 0 0 0 1</matrix>
                                    <node id="B_L_Finger31"  name="B_L_Finger31" type="NODE">
                                      <matrix sid="matrix">-0.058766745 -0.99827176 -8.9028447e-07 4.4568176 0.99827176 -0.058766745 -1.2316394e-06 1.5258789e-05 1.1771916e-06 -9.6112524e-07 1 0 0 0 0 1</matrix>
                                      <node id="B_L_Finger32"  name="B_L_Finger32" type="NODE">
                                        <matrix sid="matrix">-0.058766626 -0.99827176 -1.8335485e-06 4.4567738 0.99827176 -0.058766626 -1.5633158e-06 -1.5258789e-05 1.4528625e-06 -1.9222505e-06 1 3.8146973e-06 0 0 0 1</matrix>
                                      </node>
                                    </node>
                                  </node>
                                  <node id="B_L_Finger4"  name="B_L_Finger4" type="NODE">
                                    <matrix sid="matrix">0.14714384 -0.98122936 -0.12465002 11.857189 0.98368686 0.15835437 -0.085346907 4.052887 0.10348377 -0.11005832 0.9885233 6.514534 0 0 0 1</matrix>
                                    <node id="B_L_Finger41"  name="B_L_Finger41" type="NODE">
                                      <matrix sid="matrix">-0.18123157 -0.98344046 -2.1620558e-06 3.3276596 0.98344046 -0.18123157 -3.8076471e-06 7.6293945e-06 3.3527613e-06 -2.8163188e-06 1 1.5258789e-05 0 0 0 1</matrix>
                                      <node id="B_L_Finger42"  name="B_L_Finger42" type="NODE">
                                        <matrix sid="matrix">0.0019773988 -0.99999803 -2.3160987e-06 3.3276596 0.99999803 0.0019773988 -3.2438797e-06 -2.2888184e-05 3.2484534e-06 -2.3096798e-06 1 -1.5258789e-05 0 0 0 1</matrix>
                                      </node>
                                    </node>
                                  </node>
                                </node>
                              </node>
                            </node>
                          </node>
                        </node>
                        <node id="B_R_Clavicle"  name="B_R_Clavicle" type="NODE">
                          <matrix sid="matrix">-0.10452852 -0.00079609582 -0.9945215 17.736855 0.00023392974 -0.99999964 0.00077589392 0.07466507 -0.99452186 -0.00015154514 0.10452867 -5.0179634 0 0 0 1</matrix>
                          <node id="B_R_UpperArm"  name="B_R_UpperArm" type="NODE">
                            <matrix sid="matrix">0.82476157 -0.2609733 -0.5016585 17.464642 0.25892541 0.96296078 -0.075260974 7.6293945e-06 0.50271857 -0.067819782 0.86178565 7.6293945e-06 0 0 0 1</matrix>
                            <node id="B_R_Forearm"  name="B_R_Forearm" type="NODE">
                              <matrix sid="matrix">0.80765754 0.58838749 -0.038594127 27.628178 -0.58965188 0.80592573 -0.052862994 3.8146973e-06 7.4505841e-08 0.065452293 0.99785572 3.8146973e-06 0 0 0 1</matrix>
                              <node id="B_R_ForeArmTwist"  name="B_R_ForeArmTwist" type="NODE">
                                <matrix sid="matrix">1 -1.5161804e-07 -3.4854448e-08 11.992632 1.4901161e-07 0.99785566 -0.065452449 -7.6293945e-06 4.4703484e-08 0.065452449 0.99785566 -3.8146973e-06 0 0 0 1</matrix>
                                <node id="B_R_Hand"  name="B_R_Hand" type="NODE">
                                  <matrix sid="matrix">0.99811697 -0.032143176 0.052242853 11.992655 0.049997091 -0.067096442 -0.99649298 -3.8146973e-06 0.03553576 0.99722862 -0.065363042 -1.5258789e-05 0 0 0 1</matrix>
                                  <node id="B_R_Finger0"  name="B_R_Finger0" type="NODE">
                                    <matrix sid="matrix">0.80900663 0.13246384 -0.57267934 1.4603157 0.15583237 0.89108133 0.42625159 1.9355469 0.5667668 -0.4340823 0.70024854 2.4376564 0 0 0 1</matrix>
                                    <node id="B_R_Finger01"  name="B_R_Finger01" type="NODE">
                                      <matrix sid="matrix">0.80299306 -0.59598833 -1.4050171e-07 3.7140179 0.59598833 0.80299306 -8.5724558e-08 -1.1444092e-05 1.6391274e-07 -1.490116e-08 1 3.8146973e-06 0 0 0 1</matrix>
                                      <node id="B_R_Finger02"  name="B_R_Finger02" type="NODE">
                                        <matrix sid="matrix">0.55218482 -0.83372176 1.4464239e-07 5.5299358 0.83372176 0.55218482 2.5032705e-09 7.6293945e-06 -8.1956365e-08 1.1920923e-07 1 2.2888184e-05 0 0 0 1</matrix>
                                      </node>
                                    </node>
                                  </node>
                                  <node id="B_R_Finger1"  name="B_R_Finger1" type="NODE">
                                    <matrix sid="matrix">0.27254859 -0.95552653 -0.11263385 11.625465 0.92804098 0.2301905 0.29283497 3.1205521 -0.25388432 -0.18434058 0.94950587 3.0983467 0 0 0 1</matrix>
                                    <node id="B_R_Finger11"  name="B_R_Finger11" type="NODE">
                                      <matrix sid="matrix">-0.25881925 -0.96592575 -1.3262238e-07 4.45681 0.96592575 -0.25881925 -6.6389724e-08 5.7220459e-06 2.9802321e-08 -1.4528631e-07 1 7.6293945e-06 0 0 0 1</matrix>
                                      <node id="B_R_Finger12"  name="B_R_Finger12" type="NODE">
                                        <matrix sid="matrix">0.57357585 -0.81915247 1.5138866e-07 3.3311386 0.81915247 0.57357585 1.1228809e-07 -7.6293945e-06 -1.7881393e-07 5.9604652e-08 1 -7.6293945e-06 0 0 0 1</matrix>
                                      </node>
                                    </node>
                                  </node>
                                  <node id="B_R_Finger2"  name="B_R_Finger2" type="NODE">
                                    <matrix sid="matrix">0.25808468 -0.96503472 -0.045829192 11.814056 0.96096504 0.25152323 0.11524843 2.4381218 -0.099691622 -0.073784105 0.99227893 -0.83572388 0 0 0 1</matrix>
                                    <node id="B_R_Finger21"  name="B_R_Finger21" type="NODE">
                                      <matrix sid="matrix">-0.62068564 -0.78405952 -1.3435903e-07 5.1995964 0.78405952 -0.62068564 -1.0636273e-07 -3.8146973e-06 0 -1.713633e-07 1 -3.4332275e-05 0 0 0 1</matrix>
                                      <node id="B_R_Finger22"  name="B_R_Finger22" type="NODE">
                                        <matrix sid="matrix">0.44828629 -0.89389002 -8.9939981e-08 5.199604 0.89389002 0.44828629 2.0099916e-08 7.6293945e-06 2.2351749e-08 -8.9406974e-08 1 2.6702881e-05 0 0 0 1</matrix>
                                      </node>
                                    </node>
                                  </node>
                                  <node id="B_R_Finger3"  name="B_R_Finger3" type="NODE">
                                    <matrix sid="matrix">0.13847044 -0.99036652 -0.00029819005 11.814056 0.99036658 0.13847046 -5.944775e-05 1.9342728 0.00010016558 -0.00028708568 0.99999994 -4.6002579 0 0 0 1</matrix>
                                    <node id="B_R_Finger31"  name="B_R_Finger31" type="NODE">
                                      <matrix sid="matrix">-0.058766864 -0.99827176 -4.3670729e-09 4.4567871 0.99827176 -0.058766864 -1.7938061e-07 -5.7220459e-06 1.7881393e-07 -1.4901159e-08 1 3.8146973e-06 0 0 0 1</matrix>
                                      <node id="B_R_Finger32"  name="B_R_Finger32" type="NODE">
                                        <matrix sid="matrix">-0.058766864 -0.99827176 6.0640014e-07 4.4568253 0.99827176 -0.058766864 -1.5835258e-07 7.6293945e-06 1.9371512e-07 5.9604622e-07 1 -1.9073486e-05 0 0 0 1</matrix>
                                      </node>
                                    </node>
                                  </node>
                                  <node id="B_R_Finger4"  name="B_R_Finger4" type="NODE">
                                    <matrix sid="matrix">0.14714408 -0.9812296 0.12464784 11.857225 0.9836868 0.15835439 0.085347086 4.0529175 -0.10348362 0.11005612 0.98852354 -6.5145683 0 0 0 1</matrix>
                                    <node id="B_R_Finger41"  name="B_R_Finger41" type="NODE">
                                      <matrix sid="matrix">-0.18123123 -0.98344052 2.4598637e-07 3.3276672 0.98344052 -0.18123123 8.0293478e-07 2.6702881e-05 -7.4505812e-07 3.8742982e-07 1 3.0517578e-05 0 0 0 1</matrix>
                                      <node id="B_R_Finger42"  name="B_R_Finger42" type="NODE">
                                        <matrix sid="matrix">0.0019769219 -0.99999803 2.3975835e-07 3.3276997 0.99999803 0.0019769219 6.7753035e-07 3.0517578e-05 -6.78003e-07 2.3841845e-07 1 0 0 0 0 1</matrix>
                                      </node>
                                    </node>
                                  </node>
                                </node>
                              </node>
                            </node>
                          </node>
                        </node>
                        <node id="B_Neck"  name="B_Neck" type="NODE">
                          <matrix sid="matrix">0.90034938 -0.42587441 -0.089453518 27.041573 0.43011782 0.90212202 0.03427092 1.1288528 0.066102885 -0.069331355 0.9954012 0.00075531006 0 0 0 1</matrix>
                          <node id="B_Head"  name="B_Head" type="NODE">
                            <matrix sid="matrix">0.27865189 0.92725474 0.25010341 10.01931 -0.95835733 0.25152388 0.13522945 1.4083176 0.062485173 -0.27737039 0.95872897 0 0 0 0 1</matrix>
                          </node>
                        </node>
                      </node>
                    </node>
                  </node>
                  <node id="B_L_Thigh"  name="B_L_Thigh" type="NODE">
                    <matrix sid="matrix">-0.81717747 0.33981794 -0.46555847 0 0.45930088 0.87190497 -0.16977766 1.6450882e-05 0.34822926 -0.35256994 -0.8685798 11.161453 0 0 0 1</matrix>
                    <node id="B_L_Calf"  name="B_L_Calf" type="NODE">
                      <matrix sid="matrix">-0.92216277 0.38680202 5.216782e-07 50.282749 -0.38680202 -0.92216277 6.2299378e-06 4.7683716e-07 2.8908248e-06 5.5432306e-06 1 5.7220459e-06 0 0 0 1</matrix>
                      <node id="B_L_Foot"  name="B_L_Foot" type="NODE">
                        <matrix sid="matrix">-0.62212807 -0.74180722 0.25035688 39.728127 0.62945539 -0.66407359 -0.40347502 -3.8146973e-06 0.46555614 -0.093424655 0.88007343 -9.5367432e-06 0 0 0 1</matrix>
                        <node id="B_L_Toe0"  name="B_L_Toe0" type="NODE">
                          <matrix sid="matrix">-4.3711388e-08 -1 -5.6529217e-08 18.214443 1 -4.3711388e-08 -2.9802393e-08 14.545953 2.980239e-08 -5.6529217e-08 1 0.020652771 0 0 0 1</matrix>
                        </node>
                      </node>
                    </node>
                  </node>
                  <node id="B_R_Thigh"  name="B_R_Thigh" type="NODE">
                    <matrix sid="matrix">-0.033235405 0.90338528 0.42754003 0 0.50782168 0.38370627 -0.77128899 -1.502037e-05 -0.86082089 0.19148 -0.47151124 -11.161449 0 0 0 1</matrix>
                    <node id="B_R_Calf"  name="B_R_Calf" type="NODE">
                      <matrix sid="matrix">-0.89815873 0.4396714 -9.194639e-08 50.282753 -0.4396714 -0.89815873 -4.5908846e-06 0 -2.101063e-06 -4.0829168e-06 1 -9.5367432e-07 0 0 0 1</matrix>
                      <node id="B_R_Foot"  name="B_R_Foot" type="NODE">
                        <matrix sid="matrix">0.36734247 -0.9214896 -0.12616061 39.728134 0.82599741 0.26086491 0.49967772 9.5367432e-07 -0.4275369 -0.28776115 0.85697478 1.9073486e-06 0 0 0 1</matrix>
                        <node id="B_R_Toe0"  name="B_R_Toe0" type="NODE">
                          <matrix sid="matrix">-2.8212997e-07 -1 5.0938644e-07 18.214439 1 -2.8213046e-07 -9.2387182e-07 14.545954 9.2387199e-07 5.0938615e-07 1 -0.020652771 0 0 0 1</matrix>
                        </node>
                      </node>
                    </node>
                  </node>
                </node>
              </node>
            </node>
          </node>
        </node>
      </node>
      <node id="Exporter_aAssimpFbxa_PreRotation"  name="Exporter_$AssimpFbx$_PreRotation" type="NODE">
        <matrix sid="matrix">1 0 0 0 0 -4.3711388e-08 1 0 0 -1 -4.3711388e-08 0 0 0 0 1</matrix>
        <node id="Exporter"  name="Exporter" type="NODE">
          <matrix sid="matrix">1 0 0 0 0 1 0 0 0 0 1 0 0 0 0 1</matrix>
        </node>
      </node>
    </visual_scene>
  </library_visual_scenes>
  <library_animations>
    <animation id="TakeW001AnimId0" name="Take 001">
      <source id="B_Head_matrix-input" name="B_Head_matrix-input">
        <float_array id="B_Head_matrix-input-array" count="33"> 0 1 2 3 4 5 6 7 8 9 10 11 12 13 14 15 16 17 18 19 20 21 22 23 24 25 26 27 28 29 30 31 32 </float_array>
        <technique_common>
          <accessor count="33" offset="0" source="#B_Head_matrix-input-array" stride="1">
            <param name="TIME" type="float" />
          </accessor>
        </technique_common>
      </source>
      <source id="B_Head_matrix-output" name="B_Head_matrix-output">
        <float_array id="B_Head_matrix-output-array" count="528"> 0.27865177 0.92725468 0.25010341 10.01931 -0.95835716 0.25152373 0.13522948 1.4083176 0.062485203 -0.27737036 0.95872891 0 0 0 0 1 0.10365008 0.94059587 0.32332039 10.019312 -0.98934633 0.064090781 0.13071346 1.4083252 0.10222666 -0.3334243 0.93721819 -1.9073486e-06 0 0 0 1 -0.10518382 0.92122024 0.37455198 10.019314 -0.98159021 -0.15655918 0.10940579 1.4083099 0.15942638 -0.35614881 0.92072856 1.9073486e-06 0 0 0 1 -0.037010789 0.95684111 0.28824538 10.019314 -0.98843491 -0.077499621 0.13034786 1.4083176 0.14706105 -0.28008744 0.94864339 -3.8146973e-06 0 0 0 1 0.99304128 0.05100584 0.10614724 10.019302 0.0072619813 0.87310296 -0.48748145 1.4083138 -0.11754189 0.48486003 0.86665708 1.9073486e-06 0 0 0 1 0.99455404 0.034187198 0.09845566 10.019302 0.026508089 0.83062857 -0.55619538 1.4083214 -0.10079487 0.55577624 0.82519871 0 0 0 0 1 0.97410876 0.18916321 -0.12381113 10.019287 -0.22530019 0.8576684 -0.46221703 1.4083214 0.018754436 0.47814435 0.87808096 1.5258789e-05 0 0 0 1 0.95942706 0.027471881 -0.2806147 10.019333 -0.035366062 0.99910724 -0.023105735 1.4082947 0.27972943 0.032092512 0.95954221 7.6293945e-06 0 0 0 1 0.96613687 0.0087854238 -0.25787973 10.019302 0.0020227726 0.99913156 0.041616559 1.4083252 0.25802141 -0.040728942 0.96528006 0 0 0 0 1 0.96850824 0.0056593232 -0.24891725 10.019333 0.0095377853 0.99816453 0.059804462 1.4083252 0.24879879 -0.060295224 0.96667671 7.6293945e-06 0 0 0 1 0.9657222 0.014489202 -0.2591725 10.019348 -0.0047590588 0.9992612 0.038131241 1.4083252 0.25953361 -0.035590772 0.96507782 0 0 0 0 1 0.95942742 0.027471758 -0.28061461 10.019348 -0.035365924 0.99910742 -0.023105711 1.4083099 0.2797294 0.032092448 0.95954239 0 0 0 0 1 0.96208286 0.057540115 -0.26661837 10.019257 -0.13300323 0.95237267 -0.27440175 1.4083328 0.2381309 0.29945838 0.92391467 0 0 0 0 1 0.98590678 0.13624488 -0.097083285 10.019318 -0.16636819 0.85948747 -0.48332474 1.4083252 0.017591339 0.49266464 0.87004155 3.0517578e-05 0 0 0 1 0.98340434 0.1681273 -0.068183184 10.019333 -0.17943612 0.84579331 -0.50243014 1.4083252 -0.026803344 0.50632656 0.86192495 3.0517578e-05 0 0 0 1 0.97885102 0.1752764 -0.10549212 10.019302 -0.20449747 0.85243034 -0.48118916 1.4083252 0.0055835913 0.49258539 0.87024617 0 0 0 0 1 0.97410882 0.18916324 -0.12381107 10.019287 -0.22530018 0.85766858 -0.46221703 1.4082642 0.018754406 0.4781445 0.87808079 -1.5258789e-05 0 0 0 1 0.97022665 0.22184029 -0.097194776 10.019318 -0.24134177 0.85181606 -0.46493369 1.4083252 -0.020348955 0.47454837 0.87999392 1.5258789e-05 0 0 0 1 0.96319425 0.26292199 -0.055938721 10.019287 -0.2576803 0.84385926 -0.47064069 1.4083252 -0.076537363 0.4677327 0.88054997 1.5258789e-05 0 0 0 1 0.95189738 0.30629584 -0.0085929027 10.019287 -0.27302906 0.83511531 -0.47753271 1.4083099 -0.13909021 0.45690843 0.87857181 -1.5258789e-05 0 0 0 1 0.93748176 0.346178 0.035893776 10.019287 -0.28660673 0.82641053 -0.48466682 1.4083099 -0.19744402 0.44407898 0.87396187 0 0 0 0 1 0.92349404 0.3774699 0.068373822 10.019287 -0.29791418 0.81799102 -0.49207482 1.4083138 -0.24167264 0.4340587 0.86786354 -6.1035156e-05 0 0 0 1 0.91494989 0.395603 0.079780027 10.019287 -0.30665663 0.81003052 -0.4998123 1.4083099 -0.26235145 0.43283808 0.86245179 -3.0517578e-05 0 0 0 1 0.91636312 0.39564034 0.061217934 10.019325 -0.31320858 0.80371785 -0.50590354 1.4083099 -0.24935772 0.44441724 0.86041528 0 0 0 0 1 0.95377469 0.25397196 -0.16066115 10.019325 -0.29971474 0.84303904 -0.44660521 1.4083099 0.022018431 0.47411329 0.88018847 -3.0517578e-05 0 0 0 1 0.92625391 0.12229753 -0.35650635 10.019318 -0.2305527 0.93213022 -0.27924666 1.4083099 0.29815912 0.34084684 0.89158553 -1.5258789e-05 0 0 0 1 0.91627163 0.10891689 -0.38546562 10.019287 -0.21056129 0.94960481 -0.23219532 1.4083099 0.34074998 0.29391801 0.89302975 -1.5258789e-05 0 0 0 1 0.91758752 0.11675076 -0.38000315 10.019287 -0.2195902 0.9456895 -0.23969099 1.4083176 0.33138075 0.30338243 0.89339024 0 0 0 0 1 0.92625386 0.12229754 -0.35650629 10.019287 -0.2305527 0.93213022 -0.27924669 1.4083099 0.29815903 0.34084687 0.89158553 -1.5258789e-05 0 0 0 1 0.9419589 0.12158385 -0.31293899 10.019287 -0.23026648 0.91229618 -0.33866361 1.4083099 0.24431702 0.39106661 0.88734204 -3.0517578e-05 0 0 0 1 0.96231186 0.1294748 -0.23914799 10.019318 -0.22038476 0.88651043 -0.40685329 1.4083252 0.15932995 0.44422442 0.88163394 0 0 0 0 1 0.97869396 0.14866938 -0.14161728 10.019302 -0.19816934 0.86444116 -0.46202883 1.4083099 0.053730257 0.48024914 0.87548494 0 0 0 0 1 0.98408645 0.1735899 -0.037950221 10.01931 -0.16961534 0.85404319 -0.49177313 1.4083099 -0.052955702 0.49038419 0.86989611 -3.0517578e-05 0 0 0 1 </float_array>
        <technique_common>
          <accessor count="33" offset="0" source="#B_Head_matrix-output-array" stride="16">
            <param name="TRANSFORM" type="float4x4" />
          </accessor>
        </technique_common>
      </source>
      <source id="B_Head_matrix-interpolation">
        <Name_array id="B_Head_matrix-interpolation-array" count="33"> LINEAR LINEAR LINEAR LINEAR LINEAR LINEAR LINEAR LINEAR LINEAR LINEAR LINEAR LINEAR LINEAR LINEAR LINEAR LINEAR LINEAR LINEAR LINEAR LINEAR LINEAR LINEAR LINEAR LINEAR LINEAR LINEAR LINEAR LINEAR LINEAR LINEAR LINEAR LINEAR LINEAR </Name_array>
        <technique_common>
          <accessor source="#B_Head_matrix-interpolation-array" count="33" stride="1">
            <param name="INTERPOLATION" type="name"></param>
          </accessor>
        </technique_common>
      </source>
      <source id="B_L_Calf_matrix-input" name="B_L_Calf_matrix-input">
        <float_array id="B_L_Calf_matrix-input-array" count="33"> 0 1 2 3 4 5 6 7 8 9 10 11 12 13 14 15 16 17 18 19 20 21 22 23 24 25 26 27 28 29 30 31 32 </float_array>
        <technique_common>
          <accessor count="33" offset="0" source="#B_L_Calf_matrix-input-array" stride="1">
            <param name="TIME" type="float" />
          </accessor>
        </technique_common>
      </source>
      <source id="B_L_Calf_matrix-output" name="B_L_Calf_matrix-output">
        <float_array id="B_L_Calf_matrix-output-array" count="528"> -0.92216289 0.38680211 5.216782e-07 50.282749 -0.38680208 -0.92216301 6.2299382e-06 4.7683716e-07 2.8908253e-06 5.543232e-06 1 5.7220459e-06 0 0 0 1 -0.97298479 0.23086891 1.5904578e-07 50.282753 -0.23086894 -0.97298467 6.1713536e-06 -1.1920929e-07 1.5795231e-06 5.9679141e-06 1 5.7220459e-06 0 0 0 1 -0.98987639 0.14193334 8.5341242e-08 50.282749 -0.14193334 -0.98987639 6.1239803e-06 0 9.5367426e-07 6.049871e-06 1 3.8146973e-06 0 0 0 1 -0.97382092 0.22731683 3.16284e-07 50.282749 -0.2273168 -0.97382104 6.1180185e-06 1.4305115e-06 1.6987324e-06 5.8859587e-06 1 5.7220459e-06 0 0 0 1 0.99999756 0.0022642058 -1.1657893e-08 50.282738 -0.0022642054 0.99999779 8.0136087e-06 7.1525574e-07 2.9802322e-08 -8.0135642e-06 1 2.8610229e-06 0 0 0 1 0.99999976 0.00097648776 3.767337e-08 50.282738 -0.00097648799 0.99999952 8.0605623e-06 3.8146973e-06 -2.9802322e-08 -8.060596e-06 0.99999994 9.5367432e-07 0 0 0 1 0.99999905 0.0014648142 4.907513e-08 50.282745 -0.0014648139 0.99999917 8.070775e-06 1.9073486e-06 -3.7252899e-08 -8.0708414e-06 0.99999994 0 0 0 0 1 0.99757147 0.069653817 8.635584e-08 50.282761 -0.069653809 0.99757159 8.0825912e-06 0 4.7683716e-07 -8.0689788e-06 1 3.8146973e-06 0 0 0 1 0.99999964 0.00097653276 -5.1630401e-08 50.282745 -0.00097653264 0.99999976 8.1658882e-06 -7.6293945e-06 5.9604645e-08 -8.1658363e-06 0.99999988 -7.6293945e-06 0 0 0 1 0.9420802 0.33538839 3.3270626e-07 50.282745 -0.33538836 0.94208032 8.0432783e-06 -1.5258789e-05 2.3841858e-06 -7.6889992e-06 1.0000001 0 0 0 0 1 0.71898168 0.69502944 6.5861633e-07 50.282764 -0.69502944 0.71898168 7.7778259e-06 0 4.9322839e-06 -6.049871e-06 1.0000001 0 0 0 0 1 0.32724735 0.94493896 8.8875726e-07 50.282745 -0.94493884 0.32724741 7.4513487e-06 0 6.750226e-06 -3.2782559e-06 0.99999994 0 0 0 0 1 -0.1347488 0.99088013 9.652174e-07 50.282806 -0.99087983 -0.13474885 6.8765967e-06 3.0517578e-05 6.9439416e-06 -2.9801647e-08 1 -1.5258789e-05 0 0 0 1 -0.64454383 0.76456749 6.8961384e-07 50.282745 -0.76456732 -0.64454395 6.5226259e-06 1.5258789e-05 5.4314733e-06 3.6768624e-06 0.99999994 0 0 0 0 1 -0.71080041 0.70339382 7.3426133e-07 50.282715 -0.70339382 -0.71080041 6.4078304e-06 1.5258789e-05 5.0291419e-06 4.0382138e-06 0.99999988 0 0 0 0 1 -0.69922853 0.71489823 7.0573128e-07 50.282745 -0.71489823 -0.69922853 6.4435108e-06 1.5258789e-05 5.0999215e-06 4.0009609e-06 1 1.5258789e-05 0 0 0 1 -0.69477832 0.71922469 6.3048037e-07 50.282776 -0.71922469 -0.69477832 6.3147691e-06 -1.5258789e-05 4.9797814e-06 3.9339061e-06 1 -7.6293945e-06 0 0 0 1 -0.68364245 0.72981745 6.7681782e-07 50.282715 -0.72981745 -0.68364245 6.3896787e-06 0 5.1259999e-06 3.8743019e-06 1.0000001 3.0517578e-05 0 0 0 1 -0.66916674 0.74311256 6.7517072e-07 50.282715 -0.74311244 -0.66916686 6.4504466e-06 -1.5258789e-05 5.2452083e-06 3.8146964e-06 1.0000001 1.5258789e-05 0 0 0 1 -0.65487915 0.75573379 7.1122491e-07 50.282745 -0.75573373 -0.65487927 6.6002876e-06 -1.5258789e-05 5.4538255e-06 3.784894e-06 1.0000001 3.0517578e-05 0 0 0 1 -0.64454395 0.76456755 6.2857652e-07 50.282776 -0.76456749 -0.64454406 6.5253585e-06 -1.5258789e-05 5.3942204e-06 3.7252903e-06 1.0000002 0 0 0 0 1 -0.62698525 0.7790314 7.1235723e-07 50.282753 -0.77903146 -0.62698513 6.4226715e-06 0 5.4500997e-06 3.4719703e-06 1.0000001 0 0 0 0 1 -0.61397368 0.78932679 7.3710271e-07 50.28273 -0.78932673 -0.61397374 6.6268099e-06 0 5.6832791e-06 3.4868722e-06 1 0 0 0 0 1 -0.64454406 0.76456755 7.7612083e-07 50.282745 -0.76456755 -0.64454406 6.4691876e-06 0 5.446374e-06 3.5762787e-06 1.0000001 1.5258789e-05 0 0 0 1 -0.76992083 0.63813996 6.1205151e-07 50.282745 -0.63813978 -0.769921 6.3135362e-06 -3.8146973e-06 4.5001493e-06 4.4703488e-06 1 7.6293945e-06 0 0 0 1 -0.90007126 0.43574342 4.5891397e-07 50.282745 -0.43574342 -0.90007126 6.1821629e-06 -1.9073486e-06 3.1068921e-06 5.3644185e-06 1 1.9073486e-06 0 0 0 1 -0.91505575 0.40332735 4.7286085e-07 50.282745 -0.40332735 -0.91505575 6.1685223e-06 1.5258789e-05 2.920628e-06 5.4538245e-06 1 0 0 0 0 1 -0.74809206 0.66359568 6.4769233e-07 50.282776 -0.66359562 -0.74809217 6.5004051e-06 0 4.7981739e-06 4.4330959e-06 1 7.6293945e-06 0 0 0 1 -0.54640907 0.83751899 7.8063795e-07 50.282776 -0.83751887 -0.54640913 6.5007607e-06 0 5.8710575e-06 2.8982756e-06 1 5.7220459e-06 0 0 0 1 -0.39475065 0.91878861 8.9242712e-07 50.282776 -0.91878849 -0.39475068 6.72018e-06 0 6.5267095e-06 1.8328435e-06 1 7.6293945e-06 0 0 0 1 -0.13626614 0.99067265 8.4694966e-07 50.282745 -0.99067253 -0.13626616 6.9229072e-06 -3.8146973e-06 6.9737443e-06 1.0430839e-07 1 0 0 0 0 1 0.29408008 0.95578092 8.3595341e-07 50.282776 -0.95578104 0.29408005 7.3665065e-06 7.6293945e-06 6.79493e-06 -2.9653311e-06 1 1.5258789e-05 0 0 0 1 0.87463325 0.48478568 4.4198327e-07 50.282745 -0.48478568 0.87463325 7.9285401e-06 1.5258789e-05 3.4570696e-06 -7.1488321e-06 1 1.5258789e-05 0 0 0 1 </float_array>
        <technique_common>
          <accessor count="33" offset="0" source="#B_L_Calf_matrix-output-array" stride="16">
            <param name="TRANSFORM" type="float4x4" />
          </accessor>
        </technique_common>
      </source>
      <source id="B_L_Calf_matrix-interpolation">
        <Name_array id="B_L_Calf_matrix-interpolation-array" count="33"> LINEAR LINEAR LINEAR LINEAR LINEAR LINEAR LINEAR LINEAR LINEAR LINEAR LINEAR LINEAR LINEAR LINEAR LINEAR LINEAR LINEAR LINEAR LINEAR LINEAR LINEAR LINEAR LINEAR LINEAR LINEAR LINEAR LINEAR LINEAR LINEAR LINEAR LINEAR LINEAR LINEAR </Name_array>
        <technique_common>
          <accessor source="#B_L_Calf_matrix-interpolation-array" count="33" stride="1">
            <param name="INTERPOLATION" type="name"></param>
          </accessor>
        </technique_common>
      </source>
      <source id="B_L_Clavicle_matrix-input" name="B_L_Clavicle_matrix-input">
        <float_array id="B_L_Clavicle_matrix-input-array" count="33"> 0 1 2 3 4 5 6 7 8 9 10 11 12 13 14 15 16 17 18 19 20 21 22 23 24 25 26 27 28 29 30 31 32 </float_array>
        <technique_common>
          <accessor count="33" offset="0" source="#B_L_Clavicle_matrix-input-array" stride="1">
            <param name="TIME" type="float" />
          </accessor>
        </technique_common>
      </source>
      <source id="B_L_Clavicle_matrix-output" name="B_L_Clavicle_matrix-output">
        <float_array id="B_L_Clavicle_matrix-output-array" count="528"> -0.017590523 -0.0007835179 0.99984497 17.736855 -0.17375694 -0.98478109 -0.0038286746 0.073143005 0.98463148 -0.17379734 0.017186701 5.0180168 0 0 0 1 -0.017590642 -0.00078398723 0.99984485 17.736855 -0.17375693 -0.98478103 -0.0038291435 0.073139191 0.98463148 -0.17379732 0.01718664 5.0180206 0 0 0 1 -0.017590642 -0.00078387553 0.99984509 17.736849 -0.17375693 -0.98478109 -0.0038290326 0.073143005 0.98463148 -0.17379732 0.017186703 5.018013 0 0 0 1 -0.017590642 -0.0007843374 0.99984497 17.736853 -0.17375693 -0.98478103 -0.0038294941 0.073143005 0.98463148 -0.17379734 0.017186642 5.0180149 0 0 0 1 -0.017590642 -0.00078421831 0.99984497 17.736862 -0.17375694 -0.98478115 -0.0038293749 0.073139668 0.98463148 -0.17379735 0.017186642 5.0180144 0 0 0 1 -0.017590642 -0.00078388304 0.99984509 17.736847 -0.17375696 -0.98478115 -0.0038290326 0.073143005 0.98463148 -0.17379737 0.017186703 5.0180149 0 0 0 1 -0.017590642 -0.00078422576 0.99984497 17.736847 -0.17375696 -0.98478127 -0.0038293672 0.073143005 0.98463154 -0.17379737 0.017186521 5.0180283 0 0 0 1 -0.017590644 -0.00078445685 0.99984497 17.736862 -0.17375694 -0.98478127 -0.0038296133 0.073135376 0.9846316 -0.17379737 0.017186642 5.0180206 0 0 0 1 -0.017590644 -0.00078376383 0.99984509 17.736832 -0.17375685 -0.98478115 -0.0038289134 0.073150635 0.9846316 -0.17379725 0.017186703 5.0179977 0 0 0 1 -0.017590642 -0.00078447175 0.99984497 17.736816 -0.17375694 -0.98478138 -0.0038296131 0.073135376 0.98463154 -0.17379738 0.017186521 5.0179825 0 0 0 1 -0.01759064 -0.0007847026 0.99984515 17.736877 -0.17375691 -0.98478127 -0.0038298448 0.073120117 0.98463148 -0.17379737 0.017186465 5.0180054 0 0 0 1 -0.017590644 -0.00078457606 0.99984485 17.736847 -0.17375693 -0.98478115 -0.0038297474 0.073112488 0.98463148 -0.17379735 0.017186821 5.0180206 0 0 0 1 -0.017590642 -0.0007840991 0.99984497 17.736847 -0.17375693 -0.98478115 -0.0038292632 0.073135376 0.98463148 -0.17379734 0.017186642 5.0180206 0 0 0 1 -0.017590644 -0.0007840991 0.99984497 17.736847 -0.17375694 -0.98478115 -0.0038292632 0.073120117 0.9846316 -0.17379734 0.017186642 5.0179749 0 0 0 1 -0.0291363 -0.00078416598 0.99957508 17.736862 -0.17370126 -0.98478079 -0.0058357264 0.073120117 0.98436725 -0.17379746 0.028556643 5.0180054 0 0 0 1 -0.040678263 -0.00078503776 0.99917197 17.736877 -0.17362234 -0.98478091 -0.0078422353 0.073150635 0.98397183 -0.17379756 0.039922893 5.0180054 0 0 0 1 -0.017590644 -0.00078421831 0.99984509 17.736877 -0.17375696 -0.98478115 -0.0038293754 0.073150635 0.9846316 -0.17379735 0.017186644 5.0180054 0 0 0 1 0.051663335 -0.00078396499 0.99866444 17.736877 -0.17360525 -0.98478115 0.0082079554 0.073135376 0.98345923 -0.17379743 -0.051013239 5.0179977 0 0 0 1 0.14564346 -0.00078419567 0.98933685 17.736847 -0.17205681 -0.98478067 0.024548464 0.073150635 0.97426081 -0.17379743 -0.14356184 5.0180206 0 0 0 1 0.24906284 -0.00078415126 0.9684872 17.736908 -0.16851297 -0.98478127 0.042538632 0.073127747 0.95371443 -0.17379741 -0.24540475 5.0179749 0 0 0 1 0.34684771 -0.00078386802 0.93792105 17.736877 -0.16327617 -0.98478085 0.0595573 0.073143005 0.92360008 -0.17379749 -0.34169707 5.0180054 0 0 0 1 0.42550796 -0.0007842927 0.90495443 17.736893 -0.15760742 -0.98478085 0.073253267 0.073135376 0.89112449 -0.17379734 -0.4191559 5.0180359 0 0 0 1 0.4737387 -0.00078435999 0.88066506 17.736862 -0.15342321 -0.9847815 0.081654318 0.073143005 0.86719835 -0.17379731 -0.4666495 5.0180054 0 0 0 1 0.4812738 -0.0007843374 0.87656981 17.736862 -0.15271732 -0.98478091 0.08296708 0.073127747 0.86316442 -0.17379731 -0.47406906 5.0180054 0 0 0 1 0.18609868 -0.00078387547 0.98253059 17.736847 -0.17090516 -0.98478085 0.031585041 0.073150635 0.96755278 -0.17379749 -0.18340038 5.0180054 0 0 0 1 -0.18614541 -0.00078400213 0.98252189 17.736847 -0.17061614 -0.98478115 -0.033110175 0.073135376 0.96759498 -0.17379741 0.18317859 5.0180206 0 0 0 1 -0.25117901 -0.00078393519 0.96794045 17.736832 -0.16803165 -0.98478127 -0.044401519 0.073135376 0.95324445 -0.17379734 0.24722451 5.0179901 0 0 0 1 -0.22665921 -0.00078453112 0.97397381 17.736862 -0.16909911 -0.98478115 -0.040145282 0.073150635 0.95918274 -0.17379738 0.22307692 5.0180359 0 0 0 1 -0.18614541 -0.00078400213 0.98252189 17.736847 -0.17061614 -0.98478115 -0.033110175 0.073135376 0.96759498 -0.17379741 0.18317859 5.0180206 0 0 0 1 -0.15442991 -0.00078420341 0.98800349 17.736847 -0.17159316 -0.98478127 -0.027602494 0.073120117 0.97298884 -0.17379728 0.15194494 5.0179749 0 0 0 1 -0.11127185 -0.00078448642 0.99378967 17.736855 -0.17263235 -0.98478097 -0.02010653 0.073135376 0.97868109 -0.17379752 0.10944288 5.0180054 0 0 0 1 -0.063368805 -0.00078408408 0.99798971 17.736855 -0.1733993 -0.98478091 -0.011783948 0.073150635 0.98281091 -0.17379744 0.062268548 5.0180054 0 0 0 1 -0.01759064 -0.00078410644 0.99984503 17.736839 -0.17375688 -0.98478109 -0.0038292557 0.073120117 0.98463148 -0.17379729 0.017186522 5.0179749 0 0 0 1 </float_array>
        <technique_common>
          <accessor count="33" offset="0" source="#B_L_Clavicle_matrix-output-array" stride="16">
            <param name="TRANSFORM" type="float4x4" />
          </accessor>
        </technique_common>
      </source>
      <source id="B_L_Clavicle_matrix-interpolation">
        <Name_array id="B_L_Clavicle_matrix-interpolation-array" count="33"> LINEAR LINEAR LINEAR LINEAR LINEAR LINEAR LINEAR LINEAR LINEAR LINEAR LINEAR LINEAR LINEAR LINEAR LINEAR LINEAR LINEAR LINEAR LINEAR LINEAR LINEAR LINEAR LINEAR LINEAR LINEAR LINEAR LINEAR LINEAR LINEAR LINEAR LINEAR LINEAR LINEAR </Name_array>
        <technique_common>
          <accessor source="#B_L_Clavicle_matrix-interpolation-array" count="33" stride="1">
            <param name="INTERPOLATION" type="name"></param>
          </accessor>
        </technique_common>
      </source>
      <source id="B_L_Finger0_matrix-input" name="B_L_Finger0_matrix-input">
        <float_array id="B_L_Finger0_matrix-input-array" count="33"> 0 1 2 3 4 5 6 7 8 9 10 11 12 13 14 15 16 17 18 19 20 21 22 23 24 25 26 27 28 29 30 31 32 </float_array>
        <technique_common>
          <accessor count="33" offset="0" source="#B_L_Finger0_matrix-input-array" stride="1">
            <param name="TIME" type="float" />
          </accessor>
        </technique_common>
      </source>
      <source id="B_L_Finger0_matrix-output" name="B_L_Finger0_matrix-output">
