<?xml version="1.0" encoding="UTF-8" standalone="no" ?>
<COLLADA xmlns="http://www.collada.org/2005/11/COLLADASchema" version="1.4.1">
  <asset>
    <contributor>
      <author>Assimp</author>
      <authoring_tool>FBX SDK/FBX Plugins version 2013.1</authoring_tool>
    </contributor>
    <created>2020-08-21T10:28:49</created>
    <modified>2020-08-21T10:28:49</modified>
    <unit name="meter" meter="1" />
    <up_axis>Y_UP</up_axis>
  </asset>
  <library_geometries>
  </library_geometries>
  <library_controllers>
  </library_controllers>
  <library_visual_scenes>
    <visual_scene id="RootNode" name="RootNode">
      <node id="Motion_aAssimpFbxa_Translation"  name="Motion_$AssimpFbx$_Translation" type="NODE">
        <matrix sid="matrix">1 0 0 9.92585e-07 0 1 0 0 0 0 1 -0.17328988 0 0 0 1</matrix>
        <node id="Motion_aAssimpFbxa_PreRotation"  name="Motion_$AssimpFbx$_PreRotation" type="NODE">
          <matrix sid="matrix">1 0 0 0 0 -4.3711388e-08 1 0 0 -1 -4.3711388e-08 0 0 0 0 1</matrix>
          <node id="Motion_aAssimpFbxa_Rotation"  name="Motion_$AssimpFbx$_Rotation" type="NODE">
            <matrix sid="matrix">1.3868001e-06 1 0 0 -1 1.3868001e-06 0 0 0 0 1 0 0 0 0 1</matrix>
            <node id="Motion_aAssimpFbxa_Scaling"  name="Motion_$AssimpFbx$_Scaling" type="NODE">
              <matrix sid="matrix">1 0 0 0 0 1 0 0 0 0 1 0 0 0 0 1</matrix>
              <node id="Motion"  name="Motion" type="NODE">
                <matrix sid="matrix">1 0 0 0 0 1 0 0 0 0 1 0 0 0 0 1</matrix>
                <node id="B_Pelvis"  name="B_Pelvis" type="NODE">
                  <matrix sid="matrix">-0.11125118 0.15340424 0.98188108 0.17329331 0.013554227 -0.98768824 0.15584725 2.6999989 0.99369991 0.030646827 0.10780219 94.513962 0 0 0 1</matrix>
                  <node id="B_Spine"  name="B_Spine" type="NODE">
                    <matrix sid="matrix">0.99949318 0.030863499 0.007799943 7.6475906 -0.031831447 0.97196919 0.23294342 -1.6268356 -0.00039185584 -0.23307364 0.97245902 -0.66283798 0 0 0 1</matrix>
                    <node id="B_Spine1"  name="B_Spine1" type="NODE">
                      <matrix sid="matrix">0.99903959 -0.020619882 -0.03866151 12.747696 0.020982146 0.99973947 0.0089878934 -0.014276743 0.038466107 -0.0097904624 0.99921197 0.00014019012 0 0 0 1</matrix>
                      <node id="B_Spine2"  name="B_Spine2" type="NODE">
                        <matrix sid="matrix">0.9983142 -0.044820141 -0.036876373 17.935349 0.045539625 0.99878365 0.018907292 -0.026448011 0.035984088 -0.020554753 0.99914092 0.00052595139 0 0 0 1</matrix>
                        <node id="B_L_Clavicle"  name="B_L_Clavicle" type="NODE">
                          <matrix sid="matrix">-0.017590661 -0.00078421831 0.99984497 17.736847 -0.17375694 -0.98478115 -0.0038293824 0.073141098 0.98463148 -0.17379735 0.017186686 5.0180159 0 0 0 1</matrix>
                          <node id="B_L_UpperArm"  name="B_L_UpperArm" type="NODE">
                            <matrix sid="matrix">0.32975772 0.082510009 0.94045305 17.464663 -0.93243742 -0.12740454 0.33812493 3.3378601e-06 0.14771667 -0.98841298 0.034922794 0 0 0 0 1</matrix>
                            <node id="B_L_Forearm"  name="B_L_Forearm" type="NODE">
                              <matrix sid="matrix">0.032895308 0.99512112 0.093014829 27.628193 -0.99945879 0.032752573 0.0030611039 1.5258789e-05 -3.0547386e-07 -0.093065187 0.99566001 -9.5367432e-06 0 0 0 1</matrix>
                              <node id="B_L_ForeArmTwist"  name="B_L_ForeArmTwist" type="NODE">
                                <matrix sid="matrix">1 7.363186e-08 -3.0740583e-07 11.99263 -4.4703469e-08 0.99566001 0.093065336 -1.1444092e-05 3.1292427e-07 -0.093065336 0.99566001 1.9073486e-05 0 0 0 1</matrix>
                                <node id="B_L_Hand"  name="B_L_Hand" type="NODE">
                                  <matrix sid="matrix">0.96226168 -0.26206905 0.073295787 11.992676 -0.09486834 -0.070617929 0.99298191 3.8146973e-06 -0.25505382 -0.96246189 -0.092814989 0 0 0 0 1</matrix>
                                  <node id="B_L_Finger0"  name="B_L_Finger0" type="NODE">
                                    <matrix sid="matrix">0.80900645 0.13246346 0.57267958 1.4603271 0.15583265 0.89108139 -0.42625123 1.9355469 -0.56676686 0.43408218 0.70024854 -2.4376526 0 0 0 1</matrix>
                                    <node id="B_L_Finger01"  name="B_L_Finger01" type="NODE">
                                      <matrix sid="matrix">0.80299318 -0.59598827 -8.9555016e-08 3.7139893 0.59598827 0.80299318 -2.9354439e-08 3.8146973e-06 8.940696e-08 -2.9802322e-08 1 -3.0517578e-05 0 0 0 1</matrix>
                                      <node id="B_L_Finger02"  name="B_L_Finger02" type="NODE">
                                        <matrix sid="matrix">0.5521847 -0.83372182 -1.6618657e-08 5.5299377 0.83372182 0.5521847 2.8879811e-08 1.5258789e-05 -1.490116e-08 -2.9802326e-08 1 3.0517578e-05 0 0 0 1</matrix>
                                      </node>
                                    </node>
                                  </node>
                                  <node id="B_L_Finger1"  name="B_L_Finger1" type="NODE">
                                    <matrix sid="matrix">0.27254903 -0.95552641 0.11263385 11.625458 0.92804092 0.23019101 -0.29283464 3.1205444 0.25388393 0.18434063 0.94950593 -3.0983505 0 0 0 1</matrix>
                                    <node id="B_L_Finger11"  name="B_L_Finger11" type="NODE">
                                      <matrix sid="matrix">-0.25881925 -0.96592575 1.0023724e-07 4.4568253 0.96592575 -0.25881925 5.7712153e-08 1.5258789e-05 -2.9802326e-08 1.1175876e-07 1 1.5258789e-05 0 0 0 1</matrix>
                                      <node id="B_L_Finger12"  name="B_L_Finger12" type="NODE">
                                        <matrix sid="matrix">0.57357562 -0.81915259 2.441264e-07 3.3311615 0.81915259 0.57357562 -1.7093879e-07 -1.1444092e-05 0 2.9802311e-07 1 -3.0517578e-05 0 0 0 1</matrix>
                                      </node>
                                    </node>
                                  </node>
                                  <node id="B_L_Finger2"  name="B_L_Finger2" type="NODE">
                                    <matrix sid="matrix">0.2580848 -0.96503466 0.045829169 11.814072 0.96096498 0.25152332 -0.11524851 2.4381104 0.099691704 0.073784113 0.99227893 0.83572388 0 0 0 1</matrix>
                                    <node id="B_L_Finger21"  name="B_L_Finger21" type="NODE">
                                      <matrix sid="matrix">-0.62068564 -0.78405952 4.960504e-07 5.1996269 0.78405952 -0.62068564 6.9601484e-08 0 2.5331966e-07 4.3213367e-07 1 1.5258789e-05 0 0 0 1</matrix>
                                      <node id="B_L_Finger22"  name="B_L_Finger22" type="NODE">
                                        <matrix sid="matrix">0.44828618 -0.89389008 1.3359969e-08 5.1996231 0.89389008 0.44828618 2.664e-08 1.5258789e-05 -2.9802322e-08 0 1 -7.6293945e-06 0 0 0 1</matrix>
                                      </node>
                                    </node>
                                  </node>
                                  <node id="B_L_Finger3"  name="B_L_Finger3" type="NODE">
                                    <matrix sid="matrix">0.13847044 -0.99036652 0.00029717796 11.814056 0.99036658 0.13847046 5.9310933e-05 1.9342422 -9.9889934e-05 0.00028610229 0.99999994 4.6002426 0 0 0 1</matrix>
                                    <node id="B_L_Finger31"  name="B_L_Finger31" type="NODE">
                                      <matrix sid="matrix">-0.058766864 -0.99827176 -9.3644576e-07 4.4568024 0.99827176 -0.058766864 -1.144795e-06 0 1.0877844e-06 -1.0021033e-06 1 3.8146973e-06 0 0 0 1</matrix>
                                      <node id="B_L_Finger32"  name="B_L_Finger32" type="NODE">
                                        <matrix sid="matrix">-0.058766626 -0.99827176 -1.9234585e-06 4.4567719 0.99827176 -0.058766626 -1.5574138e-06 -1.9073486e-05 1.441687e-06 -2.0116581e-06 1 7.6293945e-06 0 0 0 1</matrix>
                                      </node>
                                    </node>
                                  </node>
                                  <node id="B_L_Finger4"  name="B_L_Finger4" type="NODE">
                                    <matrix sid="matrix">0.14714396 -0.98122936 -0.12465 11.857193 0.98368686 0.15835448 -0.085346885 4.052887 0.10348376 -0.11005829 0.9885233 6.5145302 0 0 0 1</matrix>
                                    <node id="B_L_Finger41"  name="B_L_Finger41" type="NODE">
                                      <matrix sid="matrix">-0.18123169 -0.9834404 -2.0560985e-06 3.3276634 0.9834404 -0.18123169 -3.8070616e-06 1.5258789e-05 3.3713882e-06 -2.7120107e-06 1 1.5258789e-05 0 0 0 1</matrix>
                                      <node id="B_L_Finger42"  name="B_L_Finger42" type="NODE">
                                        <matrix sid="matrix">0.0019772795 -0.99999803 -2.2674997e-06 3.3276672 0.99999803 0.0019772795 -3.1582952e-06 -1.5258789e-05 3.1627724e-06 -2.2612505e-06 1 -1.9073486e-05 0 0 0 1</matrix>
                                      </node>
                                    </node>
                                  </node>
                                </node>
                              </node>
                            </node>
                          </node>
                        </node>
                        <node id="B_R_Clavicle"  name="B_R_Clavicle" type="NODE">
                          <matrix sid="matrix">-0.10452852 -0.0007960879 -0.9945215 17.736847 0.00023395466 -0.99999964 0.00077588321 0.074663162 -0.99452186 -0.00015157103 0.10452867 -5.0179634 0 0 0 1</matrix>
                          <node id="B_R_UpperArm"  name="B_R_UpperArm" type="NODE">
                            <matrix sid="matrix">-0.40103272 0.62238377 -0.67216909 17.464668 -0.86648744 -0.019606248 0.49881375 1.6212463e-05 0.29727486 0.78246665 0.54715043 1.5258789e-05 0 0 0 1</matrix>
                            <node id="B_R_Forearm"  name="B_R_Forearm" type="NODE">
                              <matrix sid="matrix">0.39944065 0.91557515 -0.046577133 27.628183 -0.91675907 0.3989248 -0.020293968 -7.6293945e-06 1.1920932e-07 0.050806243 0.99870855 0 0 0 0 1</matrix>
                              <node id="B_R_ForeArmTwist"  name="B_R_ForeArmTwist" type="NODE">
                                <matrix sid="matrix">1 1.5184749e-07 5.1956938e-08 11.99263 -1.4901164e-07 0.99870855 -0.05080634 -7.6293945e-06 -5.9604652e-08 0.05080634 0.99870855 0 0 0 0 1</matrix>
                                <node id="B_R_Hand"  name="B_R_Hand" type="NODE">
                                  <matrix sid="matrix">0.80650461 -0.058809202 -0.58829564 11.992653 -0.58967501 -0.0079428311 -0.80760157 0 0.042821672 0.99823767 -0.041084249 -1.5258789e-05 0 0 0 1</matrix>
                                  <node id="B_R_Finger0"  name="B_R_Finger0" type="NODE">
                                    <matrix sid="matrix">0.80900663 0.13246368 -0.5726794 1.4603119 0.15583238 0.89108145 0.42625132 1.9355392 0.5667668 -0.43408212 0.70024866 2.4376602 0 0 0 1</matrix>
                                    <node id="B_R_Finger01"  name="B_R_Finger01" type="NODE">
                                      <matrix sid="matrix">0.80299306 -0.59598833 -3.5821998e-07 3.7140198 0.59598833 0.80299306 -1.1741778e-07 -1.5258789e-05 3.5762781e-07 -1.1920928e-07 1 7.6293945e-06 0 0 0 1</matrix>
                                      <node id="B_R_Finger02"  name="B_R_Finger02" type="NODE">
                                        <matrix sid="matrix">0.55218482 -0.83372176 1.6537514e-07 5.5299377 0.83372176 0.55218482 -2.0164819e-08 7.6293945e-06 -7.4505792e-08 1.4901156e-07 1 2.2888184e-05 0 0 0 1</matrix>
                                      </node>
                                    </node>
                                  </node>
                                  <node id="B_R_Finger1"  name="B_R_Finger1" type="NODE">
                                    <matrix sid="matrix">0.27254859 -0.95552653 -0.11263384 11.625458 0.92804098 0.2301905 0.29283497 3.1205521 -0.25388432 -0.18434057 0.94950587 3.0983486 0 0 0 1</matrix>
                                    <node id="B_R_Finger11"  name="B_R_Finger11" type="NODE">
                                      <matrix sid="matrix">-0.25881925 -0.96592575 -1.8132934e-07 4.4568138 0.96592575 -0.25881925 -7.1727321e-08 -1.5258789e-05 2.2351742e-08 -1.937151e-07 1 3.8146973e-06 0 0 0 1</matrix>
                                      <node id="B_R_Finger12"  name="B_R_Finger12" type="NODE">
                                        <matrix sid="matrix">0.57357585 -0.81915247 2.5607613e-07 3.331131 0.81915247 0.57357585 1.7086963e-07 -7.6293945e-06 -2.8684735e-07 1.117587e-07 1 -1.1444092e-05 0 0 0 1</matrix>
                                      </node>
                                    </node>
                                  </node>
                                  <node id="B_R_Finger2"  name="B_R_Finger2" type="NODE">
                                    <matrix sid="matrix">0.2580848 -0.96503466 -0.045829266 11.814056 0.96096504 0.25152335 0.11524829 2.438118 -0.099691465 -0.073784165 0.99227899 -0.83572197 0 0 0 1</matrix>
                                    <node id="B_R_Finger21"  name="B_R_Finger21" type="NODE">
                                      <matrix sid="matrix">-0.62068546 -0.7840597 -2.0256998e-07 5.1995983 0.7840597 -0.62068546 -2.0197646e-08 -1.5258789e-05 -1.0989607e-07 -1.7136333e-07 1 -3.2424927e-05 0 0 0 1</matrix>
                                      <node id="B_R_Finger22"  name="B_R_Finger22" type="NODE">
                                        <matrix sid="matrix">0.44828629 -0.89389002 -2.3782462e-08 5.1996078 0.89389002 0.44828629 -3.4957505e-08 7.6293945e-06 4.1909516e-08 -5.587935e-09 1 2.8610229e-05 0 0 0 1</matrix>
                                      </node>
                                    </node>
                                  </node>
                                  <node id="B_R_Finger3"  name="B_R_Finger3" type="NODE">
                                    <matrix sid="matrix">0.13847056 -0.99036652 -0.00029826528 11.814056 0.99036658 0.13847058 -5.9501155e-05 1.9342651 0.00010022892 -0.0002871528 0.99999994 -4.6002502 0 0 0 1</matrix>
                                    <node id="B_R_Finger31"  name="B_R_Finger31" type="NODE">
                                      <matrix sid="matrix">-0.058766745 -0.99827176 -3.1058661e-08 4.4567909 0.99827176 -0.058766745 -1.0631707e-07 0 1.0430811e-07 -3.7252892e-08 1 -1.9073486e-06 0 0 0 1</matrix>
                                      <node id="B_R_Finger32"  name="B_R_Finger32" type="NODE">
                                        <matrix sid="matrix">-0.058766864 -0.99827176 6.0837635e-07 4.4568176 0.99827176 -0.058766864 -3.1870107e-07 7.6293945e-06 3.5390264e-07 5.8859581e-07 1 -1.1444092e-05 0 0 0 1</matrix>
                                      </node>
                                    </node>
                                  </node>
                                  <node id="B_R_Finger4"  name="B_R_Finger4" type="NODE">
                                    <matrix sid="matrix">0.14714396 -0.98122966 0.1246478 11.857224 0.98368686 0.15835427 0.085347019 4.0529099 -0.10348353 0.11005609 0.98852354 -6.5145645 0 0 0 1</matrix>
                                    <node id="B_R_Finger41"  name="B_R_Finger41" type="NODE">
                                      <matrix sid="matrix">-0.18123123 -0.98344052 3.346874e-07 3.3276711 0.98344052 -0.18123123 7.7382458e-07 1.5258789e-05 -7.0035463e-07 4.6938632e-07 1 3.6239624e-05 0 0 0 1</matrix>
                                      <node id="B_R_Finger42"  name="B_R_Finger42" type="NODE">
                                        <matrix sid="matrix">0.0019769219 -0.99999803 2.5464473e-07 3.3277283 0.99999803 0.0019769219 6.7005021e-07 3.0517578e-05 -6.7055231e-07 2.5331963e-07 1 -1.1444092e-05 0 0 0 1</matrix>
                                      </node>
                                    </node>
                                  </node>
                                </node>
                              </node>
                            </node>
                          </node>
                        </node>
                        <node id="B_Neck"  name="B_Neck" type="NODE">
                          <matrix sid="matrix">0.9745459 -0.20556869 -0.089452863 27.039764 0.2092856 0.97725385 0.034271054 1.1282334 0.080373093 -0.052119907 0.99540126 0.00061273575 0 0 0 1</matrix>
                          <node id="B_Head"  name="B_Head" type="NODE">
                            <matrix sid="matrix">0.94820386 0.11665488 -0.29546744 10.019318 -0.27651116 0.76095277 -0.5869348 1.4083138 0.15636796 0.63823384 0.75379473 0 0 0 0 1</matrix>
                          </node>
                        </node>
                      </node>
                    </node>
                  </node>
                  <node id="B_L_Thigh"  name="B_L_Thigh" type="NODE">
                    <matrix sid="matrix">-0.93716317 0.18582004 -0.29528981 -7.6293945e-06 0.16471675 0.98175192 0.09503448 1.6450882e-05 0.30756068 0.040423643 -0.95066941 11.161456 0 0 0 1</matrix>
                    <node id="B_L_Calf"  name="B_L_Calf" type="NODE">
                      <matrix sid="matrix">0.75688756 0.65354514 6.0052639e-07 50.282753 -0.65354514 0.75688756 7.8092417e-06 1.9073486e-06 4.6491609e-06 -6.3031889e-06 1 0 0 0 0 1</matrix>
                      <node id="B_L_Foot"  name="B_L_Foot" type="NODE">
                        <matrix sid="matrix">0.81913251 -0.40137169 -0.40978381 39.728127 0.41781962 0.90697348 -0.053159393 -1.9073486e-06 0.39299971 -0.12767114 0.91063243 3.8146973e-06 0 0 0 1</matrix>
                        <node id="B_L_Toe0"  name="B_L_Toe0" type="NODE">
                          <matrix sid="matrix">-4.3711388e-08 -1 -5.6529196e-08 18.214441 1 -4.3711388e-08 -2.4709696e-15 14.545952 0 -5.6529196e-08 1 0.020648956 0 0 0 1</matrix>
                        </node>
                      </node>
                    </node>
                  </node>
                  <node id="B_R_Thigh"  name="B_R_Thigh" type="NODE">
                    <matrix sid="matrix">-0.7429688 0.60207444 0.29241019 -7.6293945e-06 0.48588997 0.78562111 -0.38302797 -1.502037e-05 -0.46033496 -0.1424987 -0.87623394 -11.161448 0 0 0 1</matrix>
                    <node id="B_R_Calf"  name="B_R_Calf" type="NODE">
                      <matrix sid="matrix">0.48961696 0.87193763 -1.2686883e-07 50.282742 -0.87193763 0.48961696 -4.7196409e-06 -3.8146973e-06 -4.0531154e-06 2.421438e-06 1 3.8146973e-06 0 0 0 1</matrix>
                      <node id="B_R_Foot"  name="B_R_Foot" type="NODE">
                        <matrix sid="matrix">0.90774864 -0.39173192 0.15012811 39.728127 0.37683102 0.91866142 0.11857297 0 -0.18436572 -0.051061522 0.98153043 5.7220459e-06 0 0 0 1</matrix>
                        <node id="B_R_Toe0"  name="B_R_Toe0" type="NODE">
                          <matrix sid="matrix">-8.7817642e-07 -1 2.1139629e-06 18.214439 1 -8.7817807e-07 -7.7485947e-07 14.545954 7.7486135e-07 2.1139622e-06 1 -0.020652771 0 0 0 1</matrix>
                        </node>
                      </node>
                    </node>
                  </node>
                </node>
              </node>
            </node>
          </node>
        </node>
      </node>
      <node id="Exporter_aAssimpFbxa_PreRotation"  name="Exporter_$AssimpFbx$_PreRotation" type="NODE">
        <matrix sid="matrix">1 0 0 0 0 -4.3711388e-08 1 0 0 -1 -4.3711388e-08 0 0 0 0 1</matrix>
        <node id="Exporter"  name="Exporter" type="NODE">
          <matrix sid="matrix">1 0 0 0 0 1 0 0 0 0 1 0 0 0 0 1</matrix>
        </node>
      </node>
    </visual_scene>
  </library_visual_scenes>
  <library_animations>
    <animation id="TakeW001AnimId0" name="Take 001">
      <source id="B_Head_matrix-input" name="B_Head_matrix-input">
        <float_array id="B_Head_matrix-input-array" count="41"> 0 1 2 3 4 5 6 7 8 9 10 11 12 13 14 15 16 17 18 19 20 21 22 23 24 25 26 27 28 29 30 31 32 33 34 35 36 37 38 39 40 </float_array>
        <technique_common>
          <accessor count="41" offset="0" source="#B_Head_matrix-input-array" stride="1">
            <param name="TIME" type="float" />
          </accessor>
        </technique_common>
      </source>
      <source id="B_Head_matrix-output" name="B_Head_matrix-output">
        <float_array id="B_Head_matrix-output-array" count="656"> 0.94820392 0.11665487 -0.29546744 10.019318 -0.27651116 0.76095277 -0.5869348 1.4083138 0.15636796 0.6382339 0.75379479 0 0 0 0 1 0.94865155 0.23614678 -0.21046411 10.019302 -0.24579208 0.96910506 -0.020525362 1.4083138 0.1991149 0.071201801 0.97738612 1.9073486e-06 0 0 0 1 0.91938806 0.33976305 -0.19820866 10.019318 -0.2457667 0.88961047 0.38495708 1.4083252 0.30712265 -0.30521178 0.90139985 -1.9073486e-06 0 0 0 1 0.8907122 0.42317396 -0.16599871 10.019302 -0.31582886 0.83875918 0.44354847 1.4083023 0.32693106 -0.34264681 0.88074368 -1.9073486e-06 0 0 0 1 0.88597399 0.43473265 -0.16142283 10.019302 -0.34183583 0.84746182 0.40614849 1.4083099 0.31336573 -0.30465695 0.89943635 -1.9073486e-06 0 0 0 1 0.89476228 0.4217456 -0.14673422 10.019333 -0.35776523 0.87370372 0.32961476 1.4083176 0.26721576 -0.24243046 0.93264312 1.9073486e-06 0 0 0 1 0.90551639 0.40985388 -0.10981764 10.019302 -0.37558717 0.89464289 0.24196824 1.4083099 0.19741915 -0.17786016 0.96404952 0 0 0 0 1 0.91526842 0.39668667 -0.070167691 10.019302 -0.38518786 0.91277605 0.13590382 1.4083099 0.11795869 -0.09736073 0.98823392 0 0 0 0 1 0.92254061 0.38471219 -0.030252144 10.019302 -0.38441482 0.92303318 0.015329324 1.4083405 0.033821113 -0.0025125528 0.99942458 0 0 0 0 1 0.92666095 0.37582585 0.0073503838 10.019287 -0.37258914 0.92091805 -0.11439957 1.4083176 -0.049763419 0.10327099 0.99340743 0 0 0 0 1 0.92766833 0.37123218 0.040225204 10.019318 -0.35078573 0.90332568 -0.24688379 1.4083252 -0.12798771 0.21491583 0.9682098 0 0 0 0 1 0.92606509 0.37147275 0.066418685 10.019318 -0.32174766 0.86922407 -0.37540355 1.4083099 -0.19718494 0.32627809 0.92447847 0 0 0 0 1 0.92249382 0.37661213 0.084666699 10.019318 -0.28944862 0.81999892 -0.49378264 1.4083099 -0.25539112 0.43100476 0.86545378 0 0 0 0 1 0.917418 0.38654014 0.094500445 10.019302 -0.25843176 0.75935513 -0.59715354 1.4083252 -0.30258325 0.52341765 0.7965405 -7.6293945e-06 0 0 0 1 0.91087925 0.40129769 0.096226543 10.019318 -0.23312551 0.69279158 -0.6824165 1.4083099 -0.34051722 0.59916604 0.72460198 -7.6293945e-06 0 0 0 1 0.90234733 0.42133 0.090831049 10.019318 -0.21734262 0.62678677 -0.74826485 1.4083252 -0.37219822 0.65545315 0.65715247 0 0 0 0 1 0.89093065 0.44658145 0.082506724 10.019325 -0.21047428 0.56702477 -0.79635626 1.4083099 -0.4024213 0.69213277 0.59917372 0 0 0 0 1 0.87683082 0.47488502 0.075180873 10.019325 -0.20846182 0.51639885 -0.83058774 1.4083099 -0.43325698 0.71261257 0.55178964 0 0 0 0 1 0.86098242 0.50383592 0.069703363 10.01931 -0.20981008 0.47663957 -0.85369444 1.4083176 -0.46334544 0.72039145 0.51608819 0 0 0 0 1 0.84477252 0.53096664 0.066588961 10.019318 -0.21362899 0.44871283 -0.8677671 1.4083252 -0.49063468 0.71884024 0.49249005 0 0 0 0 1 0.83004123 0.55379111 0.065929577 10.019295 -0.21947017 0.43303043 -0.87425238 1.4083099 -0.5127027 0.71119612 0.48097375 0 0 0 0 1 0.81929564 0.56931049 0.068121068 10.01931 -0.22670543 0.43077362 -0.87352091 1.4083099 -0.52664942 0.70022839 0.48199657 1.5258789e-05 0 0 0 1 0.81439567 0.57579172 0.072275445 10.019318 -0.23489931 0.44097286 -0.86623627 1.4083099 -0.53064322 0.68848151 0.4943794 -1.5258789e-05 0 0 0 1 0.81632757 0.57257205 0.075961828 10.01931 -0.24350482 0.4604215 -0.85364944 1.4083252 -0.52375025 0.67836058 0.515279 0 0 0 0 1 0.82568884 0.55889893 0.076617219 10.019318 -0.25127521 0.48597217 -0.8370735 1.4083176 -0.50507325 0.67190999 0.54169923 0 0 0 0 1 0.84250253 0.53388625 0.071796864 10.019302 -0.25640604 0.51464963 -0.81816345 1.4083099 -0.47375643 0.67089587 0.57048523 0 0 0 0 1 0.8648392 0.49868691 0.058006659 10.019302 -0.26098761 0.54527211 -0.79659516 1.4083099 -0.42888105 0.67378753 0.60172367 0 0 0 0 1 0.88920403 0.45624578 0.034003045 10.01931 -0.26695415 0.57776654 -0.77131128 1.4083138 -0.37155345 0.67677575 0.63554895 1.5258789e-05 0 0 0 1 0.91282785 0.40834311 0.0012249202 10.019318 -0.27230591 0.61095428 -0.74336022 1.4083099 -0.30429438 0.67822635 0.66889018 0 0 0 0 1 0.93331909 0.35697889 -0.038493901 10.019325 -0.27562696 0.64363492 -0.71397758 1.4083138 -0.2300989 0.67697889 0.69910961 0 0 0 0 1 0.94893837 0.30435857 -0.082956105 10.01931 -0.27621752 0.67462218 -0.68453544 1.4083138 -0.15238018 0.6724959 0.72424412 0 0 0 0 1 0.95877665 0.25282621 -0.12971789 10.019333 -0.27414125 0.70281184 -0.65643138 1.4083138 -0.074795812 0.66493189 0.74314958 1.5258789e-05 0 0 0 1 0.96281022 0.20477231 -0.17625336 10.019302 -0.27017757 0.72724569 -0.63096583 1.4083138 -0.0010248127 0.65511984 0.7555244 1.5258789e-05 0 0 0 1 0.9618361 0.1625433 -0.22011641 10.019302 -0.26568845 0.74714833 -0.60924488 1.4083157 0.065430924 0.64447618 0.76181984 0 0 0 0 1 0.95729321 0.12837598 -0.2590546 10.019318 -0.26241559 0.76190615 -0.59214592 1.4083157 0.12135803 0.63483727 0.76305544 0 0 0 0 1 0.9506951 0.10546873 -0.29164204 10.019318 -0.26365802 0.77000862 -0.58100861 1.4083118 0.1632887 0.62925583 0.75985116 -1.5258789e-05 0 0 0 1 0.94573689 0.095936745 -0.31044769 10.019287 -0.26754791 0.77208859 -0.57645237 1.4083176 0.18439014 0.62823182 0.75586039 1.5258789e-05 0 0 0 1 0.94452304 0.097370967 -0.31367978 10.019333 -0.27110437 0.77027231 -0.57722008 1.4083157 0.18541434 0.63023764 0.75393784 -1.5258789e-05 0 0 0 1 0.94563329 0.10468433 -0.30792639 10.019333 -0.27400813 0.76647055 -0.58089775 1.4083157 0.17520566 0.6336906 0.75348455 0 0 0 0 1 0.94734764 0.11281046 -0.29967737 10.019302 -0.27587265 0.76267779 -0.58499306 1.4083138 0.16256393 0.63686448 0.7536422 0 0 0 0 1 0.94820392 0.11665489 -0.29546744 10.019318 -0.27651119 0.76095277 -0.5869348 1.4083118 0.15636796 0.6382339 0.75379479 0 0 0 0 1 </float_array>
        <technique_common>
          <accessor count="41" offset="0" source="#B_Head_matrix-output-array" stride="16">
            <param name="TRANSFORM" type="float4x4" />
          </accessor>
        </technique_common>
      </source>
      <source id="B_Head_matrix-interpolation">
        <Name_array id="B_Head_matrix-interpolation-array" count="41"> LINEAR LINEAR LINEAR LINEAR LINEAR LINEAR LINEAR LINEAR LINEAR LINEAR LINEAR LINEAR LINEAR LINEAR LINEAR LINEAR LINEAR LINEAR LINEAR LINEAR LINEAR LINEAR LINEAR LINEAR LINEAR LINEAR LINEAR LINEAR LINEAR LINEAR LINEAR LINEAR LINEAR LINEAR LINEAR LINEAR LINEAR LINEAR LINEAR LINEAR LINEAR </Name_array>
        <technique_common>
          <accessor source="#B_Head_matrix-interpolation-array" count="41" stride="1">
            <param name="INTERPOLATION" type="name"></param>
          </accessor>
        </technique_common>
      </source>
      <source id="B_L_Calf_matrix-input" name="B_L_Calf_matrix-input">
        <float_array id="B_L_Calf_matrix-input-array" count="41"> 0 1 2 3 4 5 6 7 8 9 10 11 12 13 14 15 16 17 18 19 20 21 22 23 24 25 26 27 28 29 30 31 32 33 34 35 36 37 38 39 40 </float_array>
        <technique_common>
          <accessor count="41" offset="0" source="#B_L_Calf_matrix-input-array" stride="1">
            <param name="TIME" type="float" />
          </accessor>
        </technique_common>
      </source>
      <source id="B_L_Calf_matrix-output" name="B_L_Calf_matrix-output">
        <float_array id="B_L_Calf_matrix-output-array" count="656"> 0.75688785 0.65354538 6.0052645e-07 50.282753 -0.65354538 0.75688785 7.8092426e-06 1.9073486e-06 4.6491632e-06 -6.3031912e-06 1.0000001 0 0 0 0 1 0.54996622 0.83518708 7.9905055e-07 50.282753 -0.83518708 0.54996622 7.6066094e-06 -1.9073486e-06 5.91349e-06 -4.8507345e-06 1.0000001 4.7683716e-06 0 0 0 1 0.31418344 0.94936258 8.986417e-07 50.282757 -0.94936258 0.31418344 7.3556766e-06 3.8146973e-06 6.7008659e-06 -3.1641682e-06 1 4.0531158e-06 0 0 0 1 0.25630665 0.96659589 9.4286315e-07 50.282753 -0.96659577 0.25630668 7.3342048e-06 1.1444092e-05 6.8475492e-06 -2.7911733e-06 1 1.9073486e-06 0 0 0 1 0.42359355 0.90585268 8.4392684e-07 50.282745 -0.90585274 0.42359349 7.5174303e-06 0 6.4522023e-06 -3.9488077e-06 1.0000001 3.8146973e-06 0 0 0 1 0.85898793 0.51199609 5.7303851e-07 50.282738 -0.51199609 0.85898793 7.8008525e-06 -7.6293945e-06 3.5017729e-06 -6.9942312e-06 1 -7.6293945e-06 0 0 0 1 0.96994287 0.24333417 2.1671988e-07 50.282753 -0.24333417 0.96994287 8.0133286e-06 -7.6293945e-06 1.7397105e-06 -7.8252051e-06 1.0000001 7.6293945e-06 0 0 0 1 0.74311084 0.66916883 5.5122473e-07 50.282761 -0.66916877 0.7431109 7.7852674e-06 -7.6293945e-06 4.8000365e-06 -6.15418e-06 1 0 0 0 0 1 0.7554245 0.65523589 6.1047899e-07 50.28273 -0.65523571 0.75542468 7.7555223e-06 -3.8146973e-06 4.6205241e-06 -6.258721e-06 1 0 0 0 0 1 0.84036869 0.54201573 5.5613555e-07 50.282745 -0.54201585 0.84036851 7.8710318e-06 0 3.7988652e-06 -6.9160014e-06 1 0 0 0 0 1 0.89538646 0.44529051 4.36253e-07 50.282745 -0.44529051 0.89538646 7.9485571e-06 7.6293945e-06 3.1488016e-06 -7.3112892e-06 1 4.7683716e-06 0 0 0 1 0.7817871 0.62354606 6.6421075e-07 50.282745 -0.62354606 0.7817871 7.8466737e-06 0 4.3734904e-06 -6.5485933e-06 1.0000001 4.2915344e-06 0 0 0 1 0.65701622 0.75387657 7.5398333e-07 50.282745 -0.75387657 0.65701622 7.7135883e-06 7.6293945e-06 5.3197145e-06 -5.6363638e-06 0.99999994 3.8146973e-06 0 0 0 1 0.60066932 0.79949784 7.6244714e-07 50.28273 -0.79949778 0.60066938 7.7112454e-06 -7.6293945e-06 5.7071447e-06 -5.2414839e-06 1 1.1444092e-05 0 0 0 1 0.54567146 0.83799946 8.8892682e-07 50.282753 -0.83799946 0.54567146 7.6737824e-06 0 5.945562e-06 -4.9322844e-06 1.0000001 -7.6293945e-06 0 0 0 1 0.4645986 0.88552165 9.1170426e-07 50.282753 -0.88552165 0.4645986 7.579562e-06 0 6.28829e-06 -4.3287873e-06 0.99999994 -7.6293945e-06 0 0 0 1 0.42568043 0.90487379 8.3174439e-07 50.282768 -0.90487397 0.42568034 7.4559071e-06 0 6.3925982e-06 -3.926456e-06 1.0000001 7.6293945e-06 0 0 0 1 0.39489198 0.91872799 8.9610126e-07 50.282776 -0.91872805 0.39489195 7.424359e-06 0 6.4671044e-06 -3.7550928e-06 1 -7.6293945e-06 0 0 0 1 0.3733235 0.92770123 8.9345093e-07 50.282738 -0.92770123 0.3733235 7.4591471e-06 0 6.5863142e-06 -3.6135311e-06 0.99999994 7.6293945e-06 0 0 0 1 0.36074981 0.9326629 8.1155645e-07 50.282753 -0.9326629 0.36074981 7.5674679e-06 -3.8146973e-06 6.7651281e-06 -3.4868717e-06 1 7.6293945e-06 0 0 0 1 0.35580286 0.93456119 9.2919106e-07 50.282745 -0.93456119 0.35580286 7.4012514e-06 3.8146973e-06 6.5863137e-06 -3.5017727e-06 0.99999988 3.8146973e-06 0 0 0 1 0.35589585 0.93452585 1.0504668e-06 50.282753 -0.93452585 0.35589585 7.4159184e-06 7.6293945e-06 6.5565109e-06 -3.6209826e-06 1 -3.8146973e-06 0 0 0 1 0.36744544 0.93004525 9.4756638e-07 50.282761 -0.93004537 0.36744538 7.4560794e-06 3.8146973e-06 6.5863119e-06 -3.6209819e-06 1 -3.8146973e-06 0 0 0 1 0.38211456 0.92411524 9.9922545e-07 50.282761 -0.92411524 0.38211456 7.5080779e-06 3.8146973e-06 6.5565105e-06 -3.7923455e-06 1 0 0 0 0 1 0.40115464 0.9160105 8.7100011e-07 50.282761 -0.9160105 0.40115464 7.4089839e-06 3.8146973e-06 6.4373016e-06 -3.7699933e-06 1 0 0 0 0 1 0.42450434 0.9054262 9.1014977e-07 50.282753 -0.90542608 0.42450437 7.5364123e-06 3.8146973e-06 6.4373016e-06 -4.0233135e-06 1 -3.8146973e-06 0 0 0 1 0.45231992 0.89185607 8.4983316e-07 50.282761 -0.89185596 0.45231998 7.54863e-06 0 6.3478942e-06 -4.1723251e-06 0.99999994 0 0 0 0 1 0.48456603 0.87475479 8.8343324e-07 50.282761 -0.87475479 0.48456603 7.5076587e-06 -3.8146973e-06 6.1392784e-06 -4.4107433e-06 1.0000001 0 0 0 0 1 0.5209868 0.85356486 9.0268321e-07 50.282745 -0.85356474 0.52098686 7.6736524e-06 0 6.0796738e-06 -4.7683711e-06 0.99999994 0 0 0 0 1 0.56100774 0.82781076 8.1834423e-07 50.282745 -0.82781082 0.56100768 7.6108608e-06 7.6293945e-06 5.8412561e-06 -4.9471851e-06 1 0 0 0 0 1 0.60376805 0.79716027 9.114807e-07 50.282753 -0.79716021 0.60376811 7.6814631e-06 3.8146973e-06 5.5730334e-06 -5.3644185e-06 1.0000001 0 0 0 0 1 0.6480515 0.76159704 8.4065914e-07 50.282753 -0.76159704 0.6480515 7.6807073e-06 3.8146973e-06 5.3048129e-06 -5.6177369e-06 1 0 0 0 0 1 0.69235712 0.72155511 6.4339065e-07 50.282745 -0.72155511 0.69235712 7.6801525e-06 1.9073486e-06 5.0961971e-06 -5.7816505e-06 1 7.6293945e-06 0 0 0 1 0.73497087 0.67809886 6.5503332e-07 50.282745 -0.67809886 0.73497087 7.8298408e-06 9.5367432e-07 4.8279758e-06 -6.1988826e-06 1 -7.6293945e-06 0 0 0 1 0.77405268 0.63312143 5.6393782e-07 50.282761 -0.63312155 0.77405262 7.7973464e-06 9.5367432e-07 4.5001507e-06 -6.3925982e-06 0.99999988 0 0 0 0 1 0.78559273 0.61874408 6.4779715e-07 50.282745 -0.61874396 0.78559291 7.8546936e-06 -9.5367432e-07 4.3511391e-06 -6.5714125e-06 1 7.6293945e-06 0 0 0 1 0.78670114 0.61733454 5.7762429e-07 50.282761 -0.61733466 0.78670102 7.8809162e-06 0 4.4107437e-06 -6.5565109e-06 1.0000002 0 0 0 0 1 0.78083283 0.6247403 5.7758916e-07 50.282753 -0.62474036 0.78083277 7.7820232e-06 1.9073486e-06 4.4107437e-06 -6.4373016e-06 1 0 0 0 0 1 0.77155972 0.63615727 5.9052655e-07 50.282745 -0.63615716 0.77155977 7.8370258e-06 2.8610229e-06 4.5299525e-06 -6.4224005e-06 1.0000001 7.6293945e-06 0 0 0 1 0.76242113 0.64708143 6.7659397e-07 50.282745 -0.64708132 0.76242119 7.7517298e-06 3.8146973e-06 4.5001507e-06 -6.3478951e-06 0.99999988 0 0 0 0 1 0.75688702 0.65354633 6.8768503e-07 50.282761 -0.65354633 0.75688702 7.7733675e-06 -1.9073486e-06 4.5597553e-06 -6.3329935e-06 1.0000002 0 0 0 0 1 </float_array>
        <technique_common>
          <accessor count="41" offset="0" source="#B_L_Calf_matrix-output-array" stride="16">
            <param name="TRANSFORM" type="float4x4" />
          </accessor>
        </technique_common>
      </source>
      <source id="B_L_Calf_matrix-interpolation">
        <Name_array id="B_L_Calf_matrix-interpolation-array" count="41"> LINEAR LINEAR LINEAR LINEAR LINEAR LINEAR LINEAR LINEAR LINEAR LINEAR LINEAR LINEAR LINEAR LINEAR LINEAR LINEAR LINEAR LINEAR LINEAR LINEAR LINEAR LINEAR LINEAR LINEAR LINEAR LINEAR LINEAR LINEAR LINEAR LINEAR LINEAR LINEAR LINEAR LINEAR LINEAR LINEAR LINEAR LINEAR LINEAR LINEAR LINEAR </Name_array>
        <technique_common>
          <accessor source="#B_L_Calf_matrix-interpolation-array" count="41" stride="1">
            <param name="INTERPOLATION" type="name"></param>
          </accessor>
        </technique_common>
      </source>
      <source id="B_L_Clavicle_matrix-input" name="B_L_Clavicle_matrix-input">
        <float_array id="B_L_Clavicle_matrix-input-array" count="41"> 0 1 2 3 4 5 6 7 8 9 10 11 12 13 14 15 16 17 18 19 20 21 22 23 24 25 26 27 28 29 30 31 32 33 34 35 36 37 38 39 40 </float_array>
        <technique_common>
          <accessor count="41" offset="0" source="#B_L_Clavicle_matrix-input-array" stride="1">
            <param name="TIME" type="float" />
          </accessor>
        </technique_common>
      </source>
      <source id="B_L_Clavicle_matrix-output" name="B_L_Clavicle_matrix-output">
