<?xml version="1.0" encoding="UTF-8" standalone="no" ?>
<COLLADA xmlns="http://www.collada.org/2005/11/COLLADASchema" version="1.4.1">
  <asset>
    <contributor>
      <author>Assimp</author>
      <authoring_tool>FBX SDK/FBX Plugins version 2013.1</authoring_tool>
    </contributor>
    <created>2020-08-21T10:28:55</created>
    <modified>2020-08-21T10:28:55</modified>
    <unit name="meter" meter="1" />
    <up_axis>Y_UP</up_axis>
  </asset>
  <library_geometries>
  </library_geometries>
  <library_controllers>
  </library_controllers>
  <library_visual_scenes>
    <visual_scene id="RootNode" name="RootNode">
      <node id="Motion_aAssimpFbxa_Translation"  name="Motion_$AssimpFbx$_Translation" type="NODE">
        <matrix sid="matrix">1 0 0 9.92585e-07 0 1 0 0 0 0 1 -0.17328988 0 0 0 1</matrix>
        <node id="Motion_aAssimpFbxa_PreRotation"  name="Motion_$AssimpFbx$_PreRotation" type="NODE">
          <matrix sid="matrix">1 0 0 0 0 -4.3711388e-08 1 0 0 -1 -4.3711388e-08 0 0 0 0 1</matrix>
          <node id="Motion_aAssimpFbxa_Rotation"  name="Motion_$AssimpFbx$_Rotation" type="NODE">
            <matrix sid="matrix">1.3868001e-06 1 0 0 -1 1.3868001e-06 0 0 0 0 1 0 0 0 0 1</matrix>
            <node id="Motion_aAssimpFbxa_Scaling"  name="Motion_$AssimpFbx$_Scaling" type="NODE">
              <matrix sid="matrix">1 0 0 0 0 1 0 0 0 0 1 0 0 0 0 1</matrix>
              <node id="Motion"  name="Motion" type="NODE">
                <matrix sid="matrix">1 0 0 0 0 1 0 0 0 0 1 0 0 0 0 1</matrix>
                <node id="B_Pelvis"  name="B_Pelvis" type="NODE">
                  <matrix sid="matrix">-4.3711388e-08 0.60876256 0.79335248 0.17329331 0 -0.79335248 0.60876256 2.6999989 1 2.6609857e-08 3.4678539e-08 98.587509 0 0 0 1</matrix>
                  <node id="B_Spine"  name="B_Spine" type="NODE">
                    <matrix sid="matrix">0.99823147 0.047404032 -0.03587313 7.6762924 -0.037805337 0.97190607 0.23231289 -1.6268325 0.045877885 -0.23054582 0.97197938 0.0023474693 0 0 0 1</matrix>
                    <node id="B_Spine1"  name="B_Spine1" type="NODE">
                      <matrix sid="matrix">0.99970514 -0.024198731 0.0019994131 12.747772 0.02417597 0.99965024 0.010716197 -0.014275074 -0.0022580323 -0.0106647 0.99994057 0.00015187263 0 0 0 1</matrix>
                      <node id="B_Spine2"  name="B_Spine2" type="NODE">
                        <matrix sid="matrix">0.9988209 -0.048403628 0.0037315488 17.93544 0.048312038 0.99859816 0.02162578 -0.026443481 -0.0047730836 -0.021420002 0.9997592 0.00054788589 0 0 0 1</matrix>
                        <node id="B_L_Clavicle"  name="B_L_Clavicle" type="NODE">
                          <matrix sid="matrix">-0.01759069 -0.00078482926 0.99984497 17.736862 -0.17375681 -0.98478115 -0.0038299784 0.073141098 0.98463148 -0.17379725 0.017186612 5.0180168 0 0 0 1</matrix>
                          <node id="B_L_UpperArm"  name="B_L_UpperArm" type="NODE">
                            <matrix sid="matrix">0.6765883 0.40229219 0.61675709 17.464661 -0.50647593 0.86222732 -0.0067962408 4.2915344e-06 -0.5345189 -0.30777436 0.78712422 0 0 0 0 1</matrix>
                            <node id="B_L_Forearm"  name="B_L_Forearm" type="NODE">
                              <matrix sid="matrix">-0.13640109 0.98478979 0.10762803 27.628166 -0.99065369 -0.13559364 -0.014819652 0 -5.6624424e-07 -0.10864352 0.99408078 -1.5258789e-05 0 0 0 1</matrix>
                              <node id="B_L_ForeArmTwist"  name="B_L_ForeArmTwist" type="NODE">
                                <matrix sid="matrix">1 5.8766357e-08 -2.6339526e-07 11.992641 -2.9802308e-08 0.99408078 0.10864355 -1.5258789e-05 2.6822076e-07 -0.10864355 0.99408078 1.5258789e-05 0 0 0 1</matrix>
                                <node id="B_L_Hand"  name="B_L_Hand" type="NODE">
                                  <matrix sid="matrix">0.96626532 -0.095601238 0.23914792 11.992641 -0.24727404 -0.084708214 0.96523577 7.6293945e-06 -0.072019942 -0.99180889 -0.10549032 -7.6293945e-06 0 0 0 1</matrix>
                                  <node id="B_L_Finger0"  name="B_L_Finger0" type="NODE">
                                    <matrix sid="matrix">0.80900651 0.13246393 0.57267946 1.4603043 0.15583225 0.89108139 -0.4262515 1.9355087 -0.56676692 0.43408215 0.70024848 -2.4376526 0 0 0 1</matrix>
                                    <node id="B_L_Finger01"  name="B_L_Finger01" type="NODE">
                                      <matrix sid="matrix">0.802993 -0.59598845 3.0254895e-07 3.7140121 0.59598845 0.802993 3.0806098e-07 0 -4.2654548e-07 -6.7055126e-08 1 -2.2888184e-05 0 0 0 1</matrix>
                                      <node id="B_L_Finger02"  name="B_L_Finger02" type="NODE">
                                        <matrix sid="matrix">0.55218548 -0.83372128 7.0945612e-07 5.5299377 0.83372128 0.55218548 1.1992839e-07 1.5258789e-05 -4.9173821e-07 5.2526593e-07 1 2.6702881e-05 0 0 0 1</matrix>
                                      </node>
                                    </node>
                                  </node>
                                  <node id="B_L_Finger1"  name="B_L_Finger1" type="NODE">
                                    <matrix sid="matrix">0.27254859 -0.95552659 0.11263325 11.625481 0.92804104 0.23019077 -0.2928344 3.1204987 0.25388393 0.1843399 0.94950604 -3.0983047 0 0 0 1</matrix>
                                    <node id="B_L_Finger11"  name="B_L_Finger11" type="NODE">
                                      <matrix sid="matrix">-0.25881892 -0.96592587 1.0806664e-06 4.4568253 0.96592587 -0.25881892 1.7242589e-06 -7.6293945e-06 -1.3858095e-06 1.4901144e-06 1 2.2888184e-05 0 0 0 1</matrix>
                                      <node id="B_L_Finger12"  name="B_L_Finger12" type="NODE">
                                        <matrix sid="matrix">0.57357579 -0.81915247 3.0539277e-06 3.3311615 0.81915247 0.57357579 -2.7568731e-06 -7.6293945e-06 5.0664039e-07 4.0829082e-06 1 -1.5258789e-05 0 0 0 1</matrix>
                                      </node>
                                    </node>
                                  </node>
                                  <node id="B_L_Finger2"  name="B_L_Finger2" type="NODE">
                                    <matrix sid="matrix">0.25808436 -0.96503484 0.045828961 11.813934 0.96096522 0.25152296 -0.11524776 2.4380569 0.099691063 0.073783681 0.99227899 0.83571243 0 0 0 1</matrix>
                                    <node id="B_L_Finger21"  name="B_L_Finger21" type="NODE">
                                      <matrix sid="matrix">-0.62068617 -0.78405911 1.9683903e-06 5.1996384 0.78405911 -0.62068617 8.2654185e-07 7.6293945e-06 5.7369505e-07 2.0563575e-06 1 1.5258789e-05 0 0 0 1</matrix>
                                      <node id="B_L_Finger22"  name="B_L_Finger22" type="NODE">
                                        <matrix sid="matrix">0.44828746 -0.89388943 -6.5656423e-07 5.1996346 0.89388943 0.44828746 -2.9047221e-06 0 2.89083e-06 7.1525471e-07 1 3.8146973e-06 0 0 0 1</matrix>
                                      </node>
                                    </node>
                                  </node>
                                  <node id="B_L_Finger3"  name="B_L_Finger3" type="NODE">
                                    <matrix sid="matrix">0.13846937 -0.99036664 0.00029696288 11.813919 0.9903667 0.13846938 5.9710033e-05 1.9342346 -0.0001002551 0.00028583413 0.99999994 4.6002312 0 0 0 1</matrix>
                                    <node id="B_L_Finger31"  name="B_L_Finger31" type="NODE">
                                      <matrix sid="matrix">-0.058765553 -0.99827182 1.9253781e-07 4.4568024 0.99827182 -0.058765553 -7.35014e-07 0 7.4505834e-07 1.4901156e-07 1 -3.8146973e-06 0 0 0 1</matrix>
                                      <node id="B_L_Finger32"  name="B_L_Finger32" type="NODE">
                                        <matrix sid="matrix">-0.058769479 -0.99827158 -1.3316125e-06 4.4567795 0.99827158 -0.058769479 -3.7504258e-06 0 3.6656852e-06 -1.5497214e-06 1 3.8146973e-06 0 0 0 1</matrix>
                                      </node>
                                    </node>
                                  </node>
                                  <node id="B_L_Finger4"  name="B_L_Finger4" type="NODE">
                                    <matrix sid="matrix">0.14714374 -0.98122931 -0.12465041 11.857246 0.98368686 0.15835424 -0.085346356 4.052887 0.10348327 -0.11005879 0.98852324 6.5143509 0 0 0 1</matrix>
                                    <node id="B_L_Finger41"  name="B_L_Finger41" type="NODE">
                                      <matrix sid="matrix">-0.18123063 -0.98344064 -5.8712635e-07 3.3276443 0.98344064 -0.18123063 -3.0628532e-06 7.6293945e-06 2.9057289e-06 -1.1324867e-06 1 3.8146973e-05 0 0 0 1</matrix>
                                      <node id="B_L_Finger42"  name="B_L_Finger42" type="NODE">
                                        <matrix sid="matrix">0.0019751338 -0.99999803 -1.3383249e-06 3.3276596 0.99999803 0.0019751338 -6.1366554e-06 -2.2888184e-05 6.1392871e-06 -1.3262015e-06 1 1.9073486e-05 0 0 0 1</matrix>
                                      </node>
                                    </node>
                                  </node>
                                </node>
                              </node>
                            </node>
                          </node>
                        </node>
                        <node id="B_R_Clavicle"  name="B_R_Clavicle" type="NODE">
                          <matrix sid="matrix">-0.1045284 -0.00079272408 -0.9945215 17.736847 0.00023375504 -0.99999964 0.00077252183 0.074661255 -0.99452186 -0.00015172397 0.10452855 -5.0179634 0 0 0 1</matrix>
                          <node id="B_R_UpperArm"  name="B_R_UpperArm" type="NODE">
                            <matrix sid="matrix">0.65678817 0.18435121 -0.73119342 17.464649 -0.58112299 0.74166942 -0.33499634 9.5367432e-06 0.48054683 0.64493495 0.59425044 1.5258789e-05 0 0 0 1</matrix>
                            <node id="B_R_Forearm"  name="B_R_Forearm" type="NODE">
                              <matrix sid="matrix">0.1257856 0.99193633 -0.015499767 27.628181 -0.99205744 0.12577026 -0.0019650764 -7.6293945e-06 1.7881398e-07 0.015623838 0.99987793 0 0 0 0 1</matrix>
                              <node id="B_R_ForeArmTwist"  name="B_R_ForeArmTwist" type="NODE">
                                <matrix sid="matrix">1 2.9798684e-08 -4.6562673e-10 11.99263 -2.9802322e-08 0.99987793 -0.015623841 -7.6293945e-06 0 0.015623841 0.99987793 0 0 0 0 1</matrix>
                                <node id="B_R_Hand"  name="B_R_Hand" type="NODE">
                                  <matrix sid="matrix">0.86458039 -0.066815846 -0.4980326 11.992653 -0.49769521 0.022792438 -0.8670525 7.6293945e-06 0.069284223 0.99750501 -0.01354803 -7.6293945e-06 0 0 0 1</matrix>
                                  <node id="B_R_Finger0"  name="B_R_Finger0" type="NODE">
                                    <matrix sid="matrix">0.80900669 0.13246347 -0.57267934 1.4603195 0.15583259 0.89108139 0.42625132 1.9355469 0.56676662 -0.43408227 0.70024872 2.4376602 0 0 0 1</matrix>
                                    <node id="B_R_Finger01"  name="B_R_Finger01" type="NODE">
                                      <matrix sid="matrix">0.80299306 -0.59598833 -3.9374382e-07 3.7140274 0.59598833 0.80299306 -6.9555725e-08 -1.5258789e-05 3.5762798e-07 -1.7881398e-07 1 0 0 0 0 1</matrix>
                                      <node id="B_R_Finger02"  name="B_R_Finger02" type="NODE">
                                        <matrix sid="matrix">0.55218488 -0.8337217 1.8231826e-07 5.5299358 0.8337217 0.55218488 -1.564979e-07 1.5258789e-05 2.980231e-08 2.3841847e-07 1 1.5258789e-05 0 0 0 1</matrix>
                                      </node>
                                    </node>
                                  </node>
                                  <node id="B_R_Finger1"  name="B_R_Finger1" type="NODE">
                                    <matrix sid="matrix">0.27254868 -0.95552653 -0.11263333 11.62545 0.92804086 0.23019072 0.29283503 3.1205521 -0.25388449 -0.18434013 0.94950587 3.0983467 0 0 0 1</matrix>
                                    <node id="B_R_Finger11"  name="B_R_Finger11" type="NODE">
                                      <matrix sid="matrix">-0.25881937 -0.96592575 -1.6164623e-07 4.4568176 0.96592575 -0.25881937 -2.6439954e-08 1.5258789e-05 -1.6298142e-08 -1.6298142e-07 1 7.6293945e-06 0 0 0 1</matrix>
                                      <node id="B_R_Finger12"  name="B_R_Finger12" type="NODE">
                                        <matrix sid="matrix">0.57357585 -0.81915247 1.8489467e-07 3.3311234 0.81915247 0.57357585 4.1608658e-08 7.6293945e-06 -1.4013494e-07 1.2759119e-07 1 -3.8146973e-06 0 0 0 1</matrix>
                                      </node>
                                    </node>
                                  </node>
                                  <node id="B_R_Finger2"  name="B_R_Finger2" type="NODE">
                                    <matrix sid="matrix">0.25808468 -0.96503472 -0.045829095 11.814049 0.9609651 0.25152326 0.11524804 2.438118 -0.099691272 -0.073783919 0.99227899 -0.83572388 0 0 0 1</matrix>
                                    <node id="B_R_Finger21"  name="B_R_Finger21" type="NODE">
                                      <matrix sid="matrix">-0.62068546 -0.7840597 -1.0953059e-07 5.1996002 0.7840597 -0.62068546 -2.969233e-08 1.5258789e-05 -4.4703484e-08 -1.0430811e-07 1 -3.0517578e-05 0 0 0 1</matrix>
                                      <node id="B_R_Finger22"  name="B_R_Finger22" type="NODE">
                                        <matrix sid="matrix">0.44828629 -0.89389002 -6.9979976e-08 5.1996002 0.89389002 0.44828629 -6.5800556e-09 1.5258789e-05 3.725291e-08 -5.9604652e-08 1 2.4795532e-05 0 0 0 1</matrix>
                                      </node>
                                    </node>
                                  </node>
                                  <node id="B_R_Finger3"  name="B_R_Finger3" type="NODE">
                                    <matrix sid="matrix">0.13846996 -0.99036658 -0.00029830821 11.814064 0.99036664 0.13846998 -5.9431441e-05 1.9342651 0.00010016565 -0.00028720504 0.99999994 -4.6002541 0 0 0 1</matrix>
                                    <node id="B_R_Finger31"  name="B_R_Finger31" type="NODE">
                                      <matrix sid="matrix">-0.058766864 -0.99827176 -6.9941537e-09 4.4567871 0.99827176 -0.058766864 -1.3475434e-07 0 1.3411044e-07 -1.4901156e-08 1 -7.6293945e-06 0 0 0 1</matrix>
                                      <node id="B_R_Finger32"  name="B_R_Finger32" type="NODE">
                                        <matrix sid="matrix">-0.058766864 -0.99827176 5.8977349e-07 4.4568176 0.99827176 -0.058766864 -1.2947744e-07 7.6293945e-06 1.639128e-07 5.8114523e-07 1 -7.6293945e-06 0 0 0 1</matrix>
                                      </node>
                                    </node>
                                  </node>
                                  <node id="B_R_Finger4"  name="B_R_Finger4" type="NODE">
                                    <matrix sid="matrix">0.14714432 -0.9812296 0.12464812 11.857231 0.9836868 0.15835464 0.085346863 4.0529099 -0.10348346 0.1100564 0.98852354 -6.5145607 0 0 0 1</matrix>
                                    <node id="B_R_Finger41"  name="B_R_Finger41" type="NODE">
                                      <matrix sid="matrix">-0.18123123 -0.98344052 2.698942e-07 3.3276672 0.98344052 -0.18123123 8.3764468e-07 3.0517578e-05 -7.7486044e-07 4.1723226e-07 1 3.0517578e-05 0 0 0 1</matrix>
                                      <node id="B_R_Finger42"  name="B_R_Finger42" type="NODE">
                                        <matrix sid="matrix">0.0019766835 -0.99999803 3.5883463e-07 3.3277206 0.99999803 0.0019766835 6.1023962e-07 3.8146973e-05 -6.1094772e-07 3.576277e-07 1 -1.1444092e-05 0 0 0 1</matrix>
                                      </node>
                                    </node>
                                  </node>
                                </node>
                              </node>
                            </node>
                          </node>
                        </node>
                        <node id="B_Neck"  name="B_Neck" type="NODE">
                          <matrix sid="matrix">0.9745459 -0.20556872 -0.089452885 27.039749 0.20928563 0.97725385 0.034270987 1.128232 0.080373131 -0.052119851 0.99540126 0.00061225891 0 0 0 1</matrix>
                          <node id="B_Head"  name="B_Head" type="NODE">
                            <matrix sid="matrix">0.98408651 0.17358992 -0.037950225 10.019318 -0.16961536 0.85404319 -0.49177316 1.4083138 -0.052955735 0.49038428 0.86989594 1.9073486e-06 0 0 0 1</matrix>
                          </node>
                        </node>
                      </node>
                    </node>
                  </node>
                  <node id="B_L_Thigh"  name="B_L_Thigh" type="NODE">
                    <matrix sid="matrix">-0.88179475 0.28008378 -0.37946168 0 0.3516188 0.92662686 -0.13314238 1.7642975e-05 0.31432834 -0.25083011 -0.91557741 11.161455 0 0 0 1</matrix>
                    <node id="B_L_Calf"  name="B_L_Calf" type="NODE">
                      <matrix sid="matrix">0.87463498 0.4847821 4.3496789e-07 50.282745 -0.4847821 0.87463498 8.0388936e-06 1.9073486e-06 3.5166734e-06 -7.2419621e-06 1 7.6293945e-06 0 0 0 1</matrix>
                      <node id="B_L_Foot"  name="B_L_Foot" type="NODE">
                        <matrix sid="matrix">0.90702945 -0.23339358 -0.35046399 39.728134 0.18250579 0.96799004 -0.17229885 -4.2915344e-06 0.37945911 0.092318423 0.92059118 -3.8146973e-06 0 0 0 1</matrix>
                        <node id="B_L_Toe0"  name="B_L_Toe0" type="NODE">
                          <matrix sid="matrix">-4.3711388e-08 -1 -5.6529217e-08 18.214441 1 -4.3711388e-08 -2.4709704e-15 14.545954 0 -5.6529217e-08 1 0.012397766 0 0 0 1</matrix>
                        </node>
                      </node>
                    </node>
                  </node>
                  <node id="B_R_Thigh"  name="B_R_Thigh" type="NODE">
                    <matrix sid="matrix">-0.87342465 0.42952541 0.22942796 0 0.18168969 0.72456944 -0.66482174 -1.2397766e-05 -0.45179436 -0.53898704 -0.71089721 -11.161448 0 0 0 1</matrix>
                    <node id="B_R_Calf"  name="B_R_Calf" type="NODE">
                      <matrix sid="matrix">0.69287789 0.72105491 -1.2217197e-07 50.282742 -0.72105491 0.69287789 -4.8085285e-06 3.8146973e-06 -3.3825631e-06 3.419816e-06 1 3.8146973e-06 0 0 0 1</matrix>
                      <node id="B_R_Foot"  name="B_R_Foot" type="NODE">
                        <matrix sid="matrix">0.91488826 -0.31722856 0.24969107 39.728134 0.33217877 0.9430244 -0.01903221 -2.8610229e-06 -0.2294272 0.10035441 0.96813852 1.9073486e-06 0 0 0 1</matrix>
                        <node id="B_R_Toe0"  name="B_R_Toe0" type="NODE">
                          <matrix sid="matrix">-4.3711388e-08 -1 5.8227153e-07 18.214441 1 -4.3711768e-08 -6.5565109e-07 14.545956 6.5565109e-07 5.8227147e-07 1 -0.012397766 0 0 0 1</matrix>
                        </node>
                      </node>
                    </node>
                  </node>
                </node>
              </node>
            </node>
          </node>
        </node>
      </node>
      <node id="Exporter_aAssimpFbxa_PreRotation"  name="Exporter_$AssimpFbx$_PreRotation" type="NODE">
        <matrix sid="matrix">1 0 0 0 0 -4.3711388e-08 1 0 0 -1 -4.3711388e-08 0 0 0 0 1</matrix>
        <node id="Exporter"  name="Exporter" type="NODE">
          <matrix sid="matrix">1 0 0 0 0 1 0 0 0 0 1 0 0 0 0 1</matrix>
        </node>
      </node>
    </visual_scene>
  </library_visual_scenes>
  <library_animations>
    <animation id="TakeW001AnimId0" name="Take 001">
      <source id="B_Head_matrix-input" name="B_Head_matrix-input">
        <float_array id="B_Head_matrix-input-array" count="53"> 0 1 2 3 4 5 6 7 8 9 10 11 12 13 14 15 16 17 18 19 20 21 22 23 24 25 26 27 28 29 30 31 32 33 34 35 36 37 38 39 40 41 42 43 44 45 46 47 48 49 50 51 52 </float_array>
        <technique_common>
          <accessor count="53" offset="0" source="#B_Head_matrix-input-array" stride="1">
            <param name="TIME" type="float" />
          </accessor>
        </technique_common>
      </source>
      <source id="B_Head_matrix-output" name="B_Head_matrix-output">
        <float_array id="B_Head_matrix-output-array" count="848"> 0.98408663 0.17358992 -0.037950229 10.019318 -0.16961537 0.85404319 -0.49177322 1.4083138 -0.052955739 0.49038431 0.86989605 1.9073486e-06 0 0 0 1 0.92641044 0.20569305 0.3153632 10.019318 -0.33302686 0.83841872 0.43144718 1.4083138 -0.17566077 -0.50472146 0.84522152 -1.9073486e-06 0 0 0 1 0.92627412 0.20613661 0.31547415 10.019318 -0.33347815 0.83826447 0.43139863 1.4083099 -0.17552373 -0.50479704 0.84520489 -1.9073486e-06 0 0 0 1 0.94157583 0.24088651 0.23539086 10.019333 -0.32539058 0.83099812 0.4511798 1.4083099 -0.086926259 -0.50141412 0.86082947 0 0 0 0 1 0.91539001 0.40181893 -0.024559427 10.019318 -0.28886992 0.61313909 -0.73526514 1.4083176 -0.28038508 0.68014872 0.67733461 0 0 0 0 1 0.91530085 0.40165538 -0.029963002 10.019302 -0.28659579 0.59721601 -0.74913007 1.4083138 -0.28299779 0.69426644 0.66174495 -3.8146973e-06 0 0 0 1 0.91535068 0.40173364 -0.027265567 10.019318 -0.2877312 0.6052202 -0.74223942 1.4083138 -0.28168085 0.68725443 0.66958004 0 0 0 0 1 0.91540939 0.40177271 -0.024571067 10.019302 -0.28884855 0.61315435 -0.73526078 1.4083176 -0.28034171 0.68016201 0.67733914 -3.8146973e-06 0 0 0 1 0.91479635 0.40351364 -0.017999953 10.019333 -0.29101595 0.62754178 -0.72215039 1.4083138 -0.28010169 0.66585857 0.69150233 -7.6293945e-06 0 0 0 1 0.91418028 0.40514654 -0.011391968 10.019302 -0.29319695 0.64164716 -0.70874846 1.4083176 -0.27983719 0.65126431 0.70536929 -3.8146973e-06 0 0 0 1 0.915443 0.40169638 -0.024589926 10.019287 -0.28881329 0.61317962 -0.73525345 1.4083176 -0.2802707 0.68018419 0.67734611 7.6293945e-06 0 0 0 1 0.91971636 0.38817966 -0.058642156 10.019302 -0.27197424 0.52229047 -0.80823445 1.4083176 -0.2831119 0.75929552 0.58593374 3.8146973e-06 0 0 0 1 0.92622721 0.36479974 -0.094999701 10.019318 -0.24608389 0.39421967 -0.88545704 1.4083099 -0.2855638 0.84351134 0.45490846 0 0 0 0 1 0.93337357 0.33642679 -0.12502131 10.019318 -0.21956421 0.2596862 -0.94040126 1.4083214 -0.28390971 0.90519655 0.31625143 0 0 0 0 1 0.93881285 0.31305513 -0.1436177 10.019302 -0.20084475 0.1588425 -0.96665955 1.4083138 -0.27980489 0.93635798 0.21199891 -3.8146973e-06 0 0 0 1 0.94037151 0.27746555 -0.19676059 10.019302 -0.21436219 0.034280363 -0.97615242 1.4083176 -0.26410371 0.96012402 0.091714315 0 0 0 0 1 0.93668664 0.24376823 -0.25138777 10.019318 -0.2425788 -0.066020817 -0.96788251 1.4083176 -0.25253603 0.96758336 -0.0027078383 3.8146973e-06 0 0 0 1 0.93455273 0.29280022 -0.2021849 10.019302 -0.22787648 0.056093447 -0.97207272 1.4083099 -0.27328187 0.95452678 0.11914459 0 0 0 0 1 0.84977698 0.48463574 0.20738196 10.01931 -0.2621032 0.72978342 -0.63144183 1.4083138 -0.45736277 0.48222929 0.74717778 7.6293945e-06 0 0 0 1 0.9737739 0.087249227 0.21012191 10.019333 -0.22678454 0.29822466 0.92716306 1.4083061 0.018230692 -0.95049959 0.31019038 1.1444092e-05 0 0 0 1 0.97452217 0.076565169 0.21081656 10.019333 -0.22369662 0.26349285 0.93836671 1.4083061 0.016297529 -0.96161783 0.27390727 7.6293945e-06 0 0 0 1 0.97480559 0.072404452 0.21097656 10.019318 -0.22251469 0.24987334 0.94236451 1.4083061 0.015513959 -0.96556741 0.25968921 7.6293945e-06 0 0 0 1 0.97476536 0.072998911 0.2109575 10.019333 -0.22268289 0.25182271 0.94180578 1.4083061 0.015626902 -0.96501583 0.26172394 7.6293945e-06 0 0 0 1 0.97452259 0.076565221 0.2108167 10.019318 -0.2236969 0.26349312 0.93836647 1.4083099 0.016297469 -0.96161801 0.27390742 7.6293945e-06 0 0 0 1 0.97419316 0.081317209 0.21055821 10.019333 -0.22506079 0.27898279 0.93355036 1.4083099 0.017171588 -0.95684683 0.29008454 7.6293945e-06 0 0 0 1 0.97390074 0.085470468 0.21026616 10.019318 -0.22626536 0.2924667 0.92912185 1.4083099 0.017916631 -0.95244884 0.30417249 1.1444092e-05 0 0 0 1 0.97377414 0.087249197 0.2101222 10.019333 -0.22678496 0.29822445 0.92716259 1.4083061 0.0182306 -0.95049959 0.31019008 7.6293945e-06 0 0 0 1 0.96539801 0.19563052 0.17243753 10.019302 -0.25387868 0.55394441 0.7929008 1.4083176 0.059594732 -0.80924314 0.58444363 0 0 0 0 1 0.94733101 0.30769411 0.08881522 10.019333 -0.29959774 0.75347149 0.5852536 1.4083099 0.11315934 -0.58103758 0.80597168 -3.8146973e-06 0 0 0 1 0.91903341 0.39333948 -0.025720041 10.019318 -0.36382592 0.87156492 0.32864153 1.4083061 0.15168437 -0.29267499 0.94410431 4.7683716e-07 0 0 0 1 0.88948083 0.43462434 -0.14115714 10.019287 -0.43170401 0.90049672 0.052319195 1.4083138 0.14985074 0.014401183 0.98860371 1.9073486e-06 0 0 0 1 0.87425578 0.432284 -0.22092439 10.019318 -0.47651601 0.85111028 -0.22032884 1.4083099 0.092786357 0.29789805 0.95007741 -3.8146973e-06 0 0 0 1 0.88554758 0.40412033 -0.22911191 10.019318 -0.46409309 0.74775547 -0.47484612 1.4083176 -0.020575332 0.52682799 0.84972239 -7.6293945e-06 0 0 0 1 0.92418832 0.37599942 -0.067083612 10.019302 -0.3058649 0.62341726 -0.71958166 1.4083061 -0.22874117 0.68554693 0.69116068 -1.1444092e-05 0 0 0 1 0.88744211 0.38678962 0.25068048 10.019302 0.024403667 0.5036779 -0.86354685 1.4083099 -0.46027327 0.77246505 0.4375459 7.6293945e-06 0 0 0 1 0.72184569 0.42935473 0.54276466 10.019321 0.37555549 0.4157275 -0.82832891 1.4083252 -0.58128929 0.80176359 0.13884461 -7.6293945e-06 0 0 0 1 0.55897373 0.46074241 0.68939471 10.019302 0.59199417 0.36040446 -0.72086877 1.4083252 -0.58059537 0.81106442 -0.071300283 0 0 0 0 1 0.51254767 0.44164723 0.7363714 10.019314 0.66889876 0.33235446 -0.66491729 1.4083099 -0.53839505 0.83335984 -0.12506975 7.6293945e-06 0 0 0 1 0.54237735 0.3747023 0.75194734 10.019314 0.67730433 0.33453968 -0.65524179 1.4083099 -0.49707669 0.86468601 -0.072340712 0 0 0 0 1 0.61232752 0.28655651 0.73684496 10.019306 0.6443556 0.35915235 -0.6751411 1.4083176 -0.45810553 0.88819772 0.035274629 -7.6293945e-06 0 0 0 1 0.68636882 0.21128863 0.69588405 10.019306 0.59114254 0.39526853 -0.70307404 1.4083252 -0.42361248 0.89393508 0.14639837 0 0 0 0 1 0.75509822 0.15445004 0.63715911 10.01931 0.5245049 0.4407683 -0.72843492 1.4082947 -0.39334661 0.88423306 0.25181341 7.6293945e-06 0 0 0 1 0.82458299 0.10402412 0.55609465 10.019306 0.43860069 0.503317 -0.74451405 1.4083252 -0.35733917 0.85781735 0.3694019 0 0 0 0 1 0.88729328 0.06886331 0.45603529 10.01931 0.33735582 0.57732743 -0.74356204 1.4083252 -0.31448555 0.81360406 0.48902744 0 0 0 0 1 0.93726897 0.055157833 0.34421465 10.019325 0.22635506 0.65464681 -0.72124946 1.4083252 -0.26512146 0.7539199 0.60109508 -1.5258789e-05 0 0 0 1 0.97098166 0.06449347 0.23029336 10.019302 0.11256096 0.72638261 -0.67801118 1.4083099 -0.21100819 0.68425924 0.69804412 7.6293945e-06 0 0 0 1 0.9878934 0.093177482 0.12403403 10.019318 0.0036659313 0.78528434 -0.61912417 1.4083252 -0.15509042 0.61208308 0.77543616 -3.8146973e-06 0 0 0 1 0.99055064 0.1330875 0.033124141 10.019302 -0.092694774 0.82767427 -0.55350059 1.4083099 -0.10108002 0.54519993 0.8321898 0 0 0 0 1 0.98408663 0.17358992 -0.037950229 10.019302 -0.16961537 0.85404319 -0.49177322 1.4083138 -0.052955739 0.49038431 0.86989605 0 0 0 0 1 0.97813708 0.19533376 -0.071365848 10.019318 -0.20605808 0.86399102 -0.45941228 1.4083176 -0.028079279 0.46407354 0.88535166 0 0 0 0 1 0.97889274 0.19283085 -0.067712404 10.019318 -0.20203032 0.86298341 -0.46308053 1.4083138 -0.030861525 0.4669863 0.88372576 0 0 0 0 1 0.98231715 0.1806397 -0.049219601 10.019318 -0.18180948 0.85757655 -0.48115227 1.4083118 -0.044705633 0.48159254 0.87525421 7.6293945e-06 0 0 0 1 0.98408663 0.17358992 -0.037950229 10.019302 -0.16961537 0.85404319 -0.49177322 1.4083099 -0.052955739 0.49038431 0.86989605 -7.6293945e-06 0 0 0 1 </float_array>
        <technique_common>
          <accessor count="53" offset="0" source="#B_Head_matrix-output-array" stride="16">
            <param name="TRANSFORM" type="float4x4" />
          </accessor>
        </technique_common>
      </source>
      <source id="B_Head_matrix-interpolation">
        <Name_array id="B_Head_matrix-interpolation-array" count="53"> LINEAR LINEAR LINEAR LINEAR LINEAR LINEAR LINEAR LINEAR LINEAR LINEAR LINEAR LINEAR LINEAR LINEAR LINEAR LINEAR LINEAR LINEAR LINEAR LINEAR LINEAR LINEAR LINEAR LINEAR LINEAR LINEAR LINEAR LINEAR LINEAR LINEAR LINEAR LINEAR LINEAR LINEAR LINEAR LINEAR LINEAR LINEAR LINEAR LINEAR LINEAR LINEAR LINEAR LINEAR LINEAR LINEAR LINEAR LINEAR LINEAR LINEAR LINEAR LINEAR LINEAR </Name_array>
        <technique_common>
          <accessor source="#B_Head_matrix-interpolation-array" count="53" stride="1">
            <param name="INTERPOLATION" type="name"></param>
          </accessor>
        </technique_common>
      </source>
      <source id="B_L_Calf_matrix-input" name="B_L_Calf_matrix-input">
        <float_array id="B_L_Calf_matrix-input-array" count="53"> 0 1 2 3 4 5 6 7 8 9 10 11 12 13 14 15 16 17 18 19 20 21 22 23 24 25 26 27 28 29 30 31 32 33 34 35 36 37 38 39 40 41 42 43 44 45 46 47 48 49 50 51 52 </float_array>
        <technique_common>
          <accessor count="53" offset="0" source="#B_L_Calf_matrix-input-array" stride="1">
            <param name="TIME" type="float" />
          </accessor>
        </technique_common>
      </source>
      <source id="B_L_Calf_matrix-output" name="B_L_Calf_matrix-output">
        <float_array id="B_L_Calf_matrix-output-array" count="848"> 0.8746351 0.48478228 4.3496811e-07 50.282745 -0.48478216 0.87463528 8.0388936e-06 1.9073486e-06 3.516674e-06 -7.2419643e-06 1 7.6293945e-06 0 0 0 1 0.96993226 0.24337654 2.7625219e-07 50.282753 -0.24337654 0.96993226 8.0808049e-06 -1.9073486e-06 1.6987325e-06 -7.905066e-06 1 0 0 0 0 1 0.78952754 0.61371553 6.1068204e-07 50.282745 -0.61371535 0.78952771 7.9240181e-06 0 4.3809414e-06 -6.6310167e-06 1 0 0 0 0 1 0.51802951 0.85536307 7.6048866e-07 50.282761 -0.85536289 0.51802963 7.6902315e-06 0 6.1839824e-06 -4.6342611e-06 1.0000001 0 0 0 0 1 0.54929304 0.83563 7.8918083e-07 50.282745 -0.83562982 0.54929316 7.6159959e-06 3.8146973e-06 5.9306612e-06 -4.8428778e-06 1 3.8146973e-06 0 0 0 1 0.56063169 0.82806557 8.5901104e-07 50.282753 -0.82806569 0.56063163 7.6086862e-06 1.9073486e-06 5.8189025e-06 -4.9769874e-06 1.0000001 3.8146973e-06 0 0 0 1 0.55702865 0.83049345 7.1820455e-07 50.282761 -0.83049351 0.55702859 7.7035847e-06 3.8146973e-06 5.9977169e-06 -4.8875804e-06 1 3.8146973e-06 0 0 0 1 0.54405648 0.8390488 8.7732946e-07 50.282757 -0.83904874 0.54405653 7.5483972e-06 1.9073486e-06 5.8561563e-06 -4.8428778e-06 0.99999994 3.8146973e-06 0 0 0 1 0.52746093 0.84957939 8.5370812e-07 50.282745 -0.84957927 0.52746099 7.6510451e-06 0 6.0498714e-06 -4.7609205e-06 1 3.8146973e-06 0 0 0 1 0.51295286 0.85841691 7.5611888e-07 50.282761 -0.85841691 0.51295286 7.6384031e-06 1.9073486e-06 6.1690812e-06 -4.5672055e-06 1 0 0 0 0 1 0.50618237 0.8624267 7.8938035e-07 50.282761 -0.86242664 0.50618243 7.6337546e-06 -3.8146973e-06 6.1839828e-06 -4.5448542e-06 1.0000001 3.8146973e-06 0 0 0 1 0.19205903 0.98138362 9.1268743e-07 50.282745 -0.98138362 0.19205903 7.2846469e-06 0 6.9737439e-06 -2.2947788e-06 0.99999994 3.8146973e-06 0 0 0 1 0.064871684 0.99789387 9.1465336e-07 50.282753 -0.99789387 0.064871684 7.0628553e-06 0 6.9886446e-06 -1.3709067e-06 1 7.6293945e-06 0 0 0 1 0.50521106 0.86299622 9.1497043e-07 50.282753 -0.8629961 0.50521111 7.5804837e-06 -3.8146973e-06 6.0796738e-06 -4.61936e-06 1.0000001 7.6293945e-06 0 0 0 1 0.89035839 0.45526087 5.1143479e-07 50.282749 -0.45526087 0.89035839 7.9391993e-06 0 3.1590464e-06 -7.301569e-06 1 3.8146973e-06 0 0 0 1 0.93984658 0.34159762 3.7813967e-07 50.282757 -0.34159762 0.93984658 8.0198997e-06 0 2.3841856e-06 -7.6666474e-06 0.99999994 3.8146973e-06 0 0 0 1 0.95355874 0.30120832 1.8088849e-07 50.282749 -0.30120838 0.95355862 8.0922864e-06 9.5367432e-07 2.2649765e-06 -7.7709547e-06 1 3.8146973e-06 0 0 0 1 0.89035845 0.45526084 5.0525125e-07 50.282764 -0.45526081 0.89035851 7.9925694e-06 1.9073486e-06 3.1888487e-06 -7.3462729e-06 1 3.8146973e-06 0 0 0 1 -0.014178278 0.99989969 9.5090195e-07 50.282738 -0.99989969 -0.014178278 7.1546947e-06 0 7.1674585e-06 -8.4936539e-07 1 3.8146973e-06 0 0 0 1 -0.014179232 0.99989957 9.5006288e-07 50.282757 -0.99989969 -0.01417923 7.0950941e-06 0 7.1078539e-06 -8.4936505e-07 0.99999994 3.8146973e-06 0 0 0 1 -0.014179232 0.99989957 8.8364868e-07 50.282742 -0.99989969 -0.01417923 7.1407449e-06 0 7.1525574e-06 -7.8231028e-07 1 5.7220459e-06 0 0 0 1 -0.014178991 0.99989957 1.0547819e-06 50.282742 -0.99989957 -0.014178991 7.1234163e-06 0 7.1376562e-06 -9.5367318e-07 1 3.8146973e-06 0 0 0 1 -0.014178637 0.99989957 9.5920029e-07 50.282753 -0.9998998 -0.014178634 7.2141861e-06 0 7.2270632e-06 -8.56817e-07 0.99999994 3.8146973e-06 0 0 0 1 -0.014178631 0.99989957 9.7880172e-07 50.282738 -0.99989939 -0.014178634 7.0201772e-06 0 7.0333485e-06 -8.7916737e-07 0.99999994 1.9073486e-06 0 0 0 1 -0.014178276 0.99989969 9.0620324e-07 50.282753 -0.99989957 -0.014178278 7.1553286e-06 -7.6293945e-06 7.1674576e-06 -8.0466214e-07 1 3.8146973e-06 0 0 0 1 -0.014178157 0.99989969 1.0460584e-06 50.282757 -0.99989957 -0.014178159 7.0341257e-06 0 7.0482492e-06 -9.4622294e-07 1.0000001 3.8146973e-06 0 0 0 1 -0.014178159 0.9998998 1.0015704e-06 50.282757 -0.99989969 -0.014178161 7.0496585e-06 7.6293945e-06 7.0631513e-06 -9.0151912e-07 1 0 0 0 0 1 -0.087888382 0.99613047 1.0066988e-06 50.282738 -0.99613059 -0.087888367 7.0017659e-06 0 7.0631504e-06 -3.8743002e-07 1 1.9073486e-06 0 0 0 1 -0.13427986 0.99094355 9.8873534e-07 50.282749 -0.99094355 -0.13427986 6.9636458e-06 -1.5258789e-05 7.0333472e-06 -4.4703491e-08 1 3.8146973e-06 0 0 0 1 -0.15250148 0.98830348 9.5368898e-07 50.282753 -0.98830336 -0.15250149 7.0598944e-06 7.6293945e-06 7.1227551e-06 1.3411025e-07 1.0000001 3.8146973e-06 0 0 0 1 -0.1436 0.98963594 8.9010609e-07 50.282753 -0.98963594 -0.1436 7.0681895e-06 0 7.1227532e-06 1.3411046e-07 1 3.8146973e-06 0 0 0 1 -0.10439731 0.99453592 9.7526754e-07 50.282757 -0.9945358 -0.10439732 7.0070737e-06 0 7.070601e-06 -2.3841886e-07 1 0 0 0 0 1 -0.017938854 0.99983943 9.38418e-07 50.282745 -0.99983931 -0.017938856 7.0325464e-06 7.6293945e-06 7.0482497e-06 -8.1211209e-07 1 7.6293945e-06 0 0 0 1 0.14440586 0.98951876 9.7566669e-07 50.282745 -0.98951864 0.14440587 7.2191729e-06 0 7.0026144e-06 -2.0079319e-06 0.99999994 1.9073486e-06 0 0 0 1 0.58900189 0.80813181 7.9999626e-07 50.282738 -0.80813169 0.58900195 7.6336937e-06 -7.6293945e-06 5.6978315e-06 -5.1427637e-06 0.99999994 2.8610229e-06 0 0 0 1 0.96956354 0.24484035 2.5430086e-07 50.282745 -0.24484035 0.96956354 8.158162e-06 -1.5258789e-05 1.7508862e-06 -7.9721203e-06 1 0 0 0 0 1 0.9999994 0.0012919308 -4.9189651e-08 50.282745 -0.0012919308 0.9999994 8.0615973e-06 -1.1444092e-05 5.9604645e-08 -8.0615282e-06 1 -1.9073486e-06 0 0 0 1 0.99995577 0.0094302893 6.1086894e-08 50.282761 -0.0094302893 0.99995577 8.0575837e-06 -7.6293945e-06 1.4901165e-08 -8.0578029e-06 1.0000001 -1.9073486e-06 0 0 0 1 0.90596426 0.42335498 3.7464406e-07 50.282753 -0.42335504 0.9059642 7.9028787e-06 -7.6293945e-06 3.0063093e-06 -7.3183323e-06 1 -3.8146973e-06 0 0 0 1 0.82518029 0.5648697 5.2221003e-07 50.282745 -0.56486964 0.82518035 7.8623307e-06 0 4.010275e-06 -6.7828219e-06 1 0 0 0 0 1 0.84805417 0.52990997 4.1912386e-07 50.282749 -0.52990991 0.84805429 7.8976418e-06 -1.5258789e-05 3.8295984e-06 -6.9197258e-06 1.0000001 5.7220459e-06 0 0 0 1 0.85739595 0.51465762 4.4041036e-07 50.282761 -0.51465762 0.85739595 7.9431375e-06 0 3.7103898e-06 -7.0370738e-06 1.0000001 3.8146973e-06 0 0 0 1 0.79676998 0.60428321 6.5755603e-07 50.282757 -0.60428309 0.7967701 7.7839286e-06 0 4.1797757e-06 -6.5993513e-06 1 3.8146973e-06 0 0 0 1 0.67973143 0.73346132 7.0816594e-07 50.282745 -0.7334612 0.67973155 7.7060176e-06 -1.5258789e-05 5.1707034e-06 -5.7574366e-06 0.99999994 3.8146973e-06 0 0 0 1 0.51373821 0.85794711 8.9214791e-07 50.282742 -0.85794711 0.51373821 7.5380212e-06 7.6293945e-06 6.0088933e-06 -4.637986e-06 1 7.6293945e-06 0 0 0 1 0.1958793 0.98062837 9.836582e-07 50.282753 -0.98062837 0.1958793 7.2282137e-06 0 6.8955123e-06 -2.3804603e-06 1.0000001 0 0 0 0 1 0.039173786 0.99923265 9.8244072e-07 50.282749 -0.99923253 0.039173793 7.177925e-06 7.6293945e-06 7.13393e-06 -1.2628738e-06 1 0 0 0 0 1 0.43967563 0.89815694 8.5290822e-07 50.282753 -0.8981567 0.43967575 7.5142507e-06 0 6.3739712e-06 -4.0698797e-06 1 0 0 0 0 1 0.84201753 0.53945053 5.4117442e-07 50.282745 -0.53945047 0.84201759 7.9575939e-06 0 3.837049e-06 -6.9923699e-06 1.0000001 1.5258789e-05 0 0 0 1 0.8648746 0.50198829 4.7648948e-07 50.282749 -0.50198823 0.86487466 7.885802e-06 0 3.546477e-06 -7.0594238e-06 0.99999994 0 0 0 0 1 0.8712337 0.49086872 4.3413894e-07 50.282745 -0.49086872 0.8712337 7.9650863e-06 0 3.531575e-06 -7.1525556e-06 1.0000001 0 0 0 0 1 0.87141895 0.49053961 4.1814448e-07 50.282742 -0.49053955 0.87141907 7.9725578e-06 0 3.5464761e-06 -7.1525565e-06 0.99999994 7.6293945e-06 0 0 0 1 0.87463474 0.48478279 3.8284139e-07 50.282742 -0.48478279 0.87463474 8.067791e-06 0 3.5762791e-06 -7.2419643e-06 1.0000001 7.6293945e-06 0 0 0 1 </float_array>
        <technique_common>
          <accessor count="53" offset="0" source="#B_L_Calf_matrix-output-array" stride="16">
            <param name="TRANSFORM" type="float4x4" />
          </accessor>
        </technique_common>
      </source>
      <source id="B_L_Calf_matrix-interpolation">
        <Name_array id="B_L_Calf_matrix-interpolation-array" count="53"> LINEAR LINEAR LINEAR LINEAR LINEAR LINEAR LINEAR LINEAR LINEAR LINEAR LINEAR LINEAR LINEAR LINEAR LINEAR LINEAR LINEAR LINEAR LINEAR LINEAR LINEAR LINEAR LINEAR LINEAR LINEAR LINEAR LINEAR LINEAR LINEAR LINEAR LINEAR LINEAR LINEAR LINEAR LINEAR LINEAR LINEAR LINEAR LINEAR LINEAR LINEAR LINEAR LINEAR LINEAR LINEAR LINEAR LINEAR LINEAR LINEAR LINEAR LINEAR LINEAR LINEAR </Name_array>
        <technique_common>
          <accessor source="#B_L_Calf_matrix-interpolation-array" count="53" stride="1">
            <param name="INTERPOLATION" type="name"></param>
          </accessor>
        </technique_common>
      </source>
      <source id="B_L_Clavicle_matrix-input" name="B_L_Clavicle_matrix-input">
        <float_array id="B_L_Clavicle_matrix-input-array" count="53"> 0 1 2 3 4 5 6 7 8 9 10 11 12 13 14 15 16 17 18 19 20 21 22 23 24 25 26 27 28 29 30 31 32 33 34 35 36 37 38 39 40 41 42 43 44 45 46 47 48 49 50 51 52 </float_array>
        <technique_common>
          <accessor count="53" offset="0" source="#B_L_Clavicle_matrix-input-array" stride="1">
            <param name="TIME" type="float" />
          </accessor>
        </technique_common>
      </source>
      <source id="B_L_Clavicle_matrix-output" name="B_L_Clavicle_matrix-output">
