<?xml version="1.0" encoding="UTF-8" standalone="no" ?>
<COLLADA xmlns="http://www.collada.org/2005/11/COLLADASchema" version="1.4.1">
  <asset>
    <contributor>
      <author>Assimp</author>
      <authoring_tool>FBX SDK/FBX Plugins version 2013.1</authoring_tool>
    </contributor>
    <created>2020-08-21T10:31:11</created>
    <modified>2020-08-21T10:31:11</modified>
    <unit name="meter" meter="1" />
    <up_axis>Y_UP</up_axis>
  </asset>
  <library_geometries>
  </library_geometries>
  <library_controllers>
  </library_controllers>
  <library_visual_scenes>
    <visual_scene id="RootNode" name="RootNode">
      <node id="Motion_aAssimpFbxa_Translation"  name="Motion_$AssimpFbx$_Translation" type="NODE">
        <matrix sid="matrix">1 0 0 9.92585e-07 0 1 0 0 0 0 1 -0.17328988 0 0 0 1</matrix>
        <node id="Motion_aAssimpFbxa_PreRotation"  name="Motion_$AssimpFbx$_PreRotation" type="NODE">
          <matrix sid="matrix">1 0 0 0 0 -4.3711388e-08 1 0 0 -1 -4.3711388e-08 0 0 0 0 1</matrix>
          <node id="Motion_aAssimpFbxa_Rotation"  name="Motion_$AssimpFbx$_Rotation" type="NODE">
            <matrix sid="matrix">1.3868001e-06 1 0 0 -1 1.3868001e-06 0 0 0 0 1 0 0 0 0 1</matrix>
            <node id="Motion_aAssimpFbxa_Scaling"  name="Motion_$AssimpFbx$_Scaling" type="NODE">
              <matrix sid="matrix">1 0 0 0 0 1 0 0 0 0 1 0 0 0 0 1</matrix>
              <node id="Motion"  name="Motion" type="NODE">
                <matrix sid="matrix">1 0 0 0 0 1 0 0 0 0 1 0 0 0 0 1</matrix>
                <node id="B_Pelvis"  name="B_Pelvis" type="NODE">
                  <matrix sid="matrix">0.072122976 0.41093397 0.90880775 1.645843 -0.15303712 -0.89583153 0.41721153 12.564929 0.98558509 -0.16917185 -0.0017218929 81.792191 0 0 0 1</matrix>
                  <node id="B_Spine"  name="B_Spine" type="NODE">
                    <matrix sid="matrix">0.99837977 -0.056365527 0.0077996552 7.6484833 0.053002454 0.97104484 0.23294353 -1.6268253 -0.020703798 -0.23215269 0.97245896 -0.66284895 0 0 0 1</matrix>
                    <node id="B_Spine1"  name="B_Spine1" type="NODE">
                      <matrix sid="matrix">0.99344075 -0.1076135 -0.038661879 12.748955 0.10803539 0.99410635 0.0089878589 -0.014194489 0.037466809 -0.013105757 0.99921191 0.00018668175 0 0 0 1</matrix>
                      <node id="B_Spine2"  name="B_Spine2" type="NODE">
                        <matrix sid="matrix">0.99060851 -0.13165857 -0.036889568 17.937645 0.1324165 0.99101382 0.018906092 -0.026241302 0.03406892 -0.023613324 0.99914056 0.00060462952 0 0 0 1</matrix>
                        <node id="B_L_Clavicle"  name="B_L_Clavicle" type="NODE">
                          <matrix sid="matrix">-0.017590661 -0.00078421831 0.99984497 17.736855 -0.17375694 -0.98478115 -0.0038293824 0.073139191 0.98463148 -0.17379735 0.017186686 5.0180159 0 0 0 1</matrix>
                          <node id="B_L_UpperArm"  name="B_L_UpperArm" type="NODE">
                            <matrix sid="matrix">0.48767549 -0.85522109 0.1754126 17.464663 0.59113997 0.47133493 0.65452039 3.8146973e-06 -0.6424377 -0.21550016 0.73541385 7.6293945e-06 0 0 0 1</matrix>
                            <node id="B_L_Forearm"  name="B_L_Forearm" type="NODE">
                              <matrix sid="matrix">0.032895308 0.99512118 0.093014598 27.628193 -0.99945879 0.032752577 0.0030610443 3.8146973e-06 -3.576279e-07 -0.093064949 0.99566007 -1.5258789e-05 0 0 0 1</matrix>
                              <node id="B_L_ForeArmTwist"  name="B_L_ForeArmTwist" type="NODE">
                                <matrix sid="matrix">1 7.4325229e-08 -3.1482404e-07 11.992638 -4.4703462e-08 0.99566001 0.093065314 -1.5258789e-05 3.203748e-07 -0.093065314 0.99566001 1.5258789e-05 0 0 0 1</matrix>
                                <node id="B_L_Hand"  name="B_L_Hand" type="NODE">
                                  <matrix sid="matrix">0.96226168 -0.26206908 0.073295727 11.992647 -0.094868332 -0.070618168 0.99298191 -3.8146973e-06 -0.25505382 -0.96246189 -0.092815213 0 0 0 0 1</matrix>
                                  <node id="B_L_Finger0"  name="B_L_Finger0" type="NODE">
                                    <matrix sid="matrix">0.36339337 0.55035752 0.75169927 1.4603252 0.41223976 0.62857991 -0.65950418 1.9355469 -0.83546615 0.5495398 0.0015424843 -2.4376602 0 0 0 1</matrix>
                                    <node id="B_L_Finger01"  name="B_L_Finger01" type="NODE">
                                      <matrix sid="matrix">0.93559521 -0.35307449 -4.8927788e-08 3.7140026 0.35307449 0.93559521 4.5243389e-08 0 2.9802319e-08 -5.9604652e-08 1 -2.2888184e-05 0 0 0 1</matrix>
                                      <node id="B_L_Finger02"  name="B_L_Finger02" type="NODE">
                                        <matrix sid="matrix">0.75955158 -0.65044707 -1.1637125e-07 5.5299377 0.65044707 0.75955158 -1.563496e-09 0 8.9406946e-08 -7.4505792e-08 1 3.0517578e-05 0 0 0 1</matrix>
                                      </node>
                                    </node>
                                  </node>
                                  <node id="B_L_Finger1"  name="B_L_Finger1" type="NODE">
                                    <matrix sid="matrix">0.90883511 -0.20027596 0.36593467 11.625452 0.3122007 0.90835822 -0.27823731 3.1205444 -0.27667555 0.36711693 0.88807416 -3.0983467 0 0 0 1</matrix>
                                    <node id="B_L_Finger11"  name="B_L_Finger11" type="NODE">
                                      <matrix sid="matrix">0.87383699 -0.48621905 1.5194759e-07 4.4568272 0.48621905 0.87383699 3.3388734e-08 -1.5258789e-05 -1.4901165e-07 4.4703494e-08 1 1.9073486e-05 0 0 0 1</matrix>
                                      <node id="B_L_Finger12"  name="B_L_Finger12" type="NODE">
                                        <matrix sid="matrix">0.8738367 -0.4862195 9.213592e-08 3.3311386 0.4862195 0.8738367 -3.494691e-07 -7.6293945e-06 8.9406946e-08 3.5017723e-07 1 -3.0517578e-05 0 0 0 1</matrix>
                                      </node>
                                    </node>
                                  </node>
                                  <node id="B_L_Finger2"  name="B_L_Finger2" type="NODE">
                                    <matrix sid="matrix">0.95049232 0.29467383 0.09864907 11.81406 -0.26550269 0.9350481 -0.23493288 2.4380951 -0.16147019 0.1971103 0.96699268 0.83571625 0 0 0 1</matrix>
                                    <node id="B_L_Finger21"  name="B_L_Finger21" type="NODE">
                                      <matrix sid="matrix">0.60933506 -0.79291284 5.6603062e-07 5.1996117 0.79291284 0.60933506 -2.1536835e-08 0 -3.2782546e-07 4.6193608e-07 1 1.1444092e-05 0 0 0 1</matrix>
                                      <node id="B_L_Finger22"  name="B_L_Finger22" type="NODE">
                                        <matrix sid="matrix">0.8873446 -0.4611069 -2.9880443e-08 5.1996231 0.4611069 0.8873446 -7.130823e-09 1.5258789e-05 2.9802322e-08 -7.4505815e-09 1 -3.8146973e-06 0 0 0 1</matrix>
                                      </node>
                                    </node>
                                  </node>
                                  <node id="B_L_Finger3"  name="B_L_Finger3" type="NODE">
                                    <matrix sid="matrix">0.86341405 -0.47425354 -0.17204571 11.814062 0.47807133 0.87806451 -0.021225154 1.9342346 0.16113333 -0.063924022 0.98486024 4.600235 0 0 0 1</matrix>
                                    <node id="B_L_Finger31"  name="B_L_Finger31" type="NODE">
                                      <matrix sid="matrix">0.9012059 -0.43339124 -2.0430261e-07 4.4568253 0.43339124 0.9012059 1.4977098e-07 2.2888184e-05 1.1920929e-07 -2.2351745e-07 1 7.6293945e-06 0 0 0 1</matrix>
                                      <node id="B_L_Finger32"  name="B_L_Finger32" type="NODE">
                                        <matrix sid="matrix">0.9012059 -0.43339118 -9.2874615e-07 4.4567719 0.43339118 0.9012059 2.8089144e-07 2.2888184e-05 7.1525562e-07 -6.5565143e-07 1 0 0 0 0 1</matrix>
                                      </node>
                                    </node>
                                  </node>
                                  <node id="B_L_Finger4"  name="B_L_Finger4" type="NODE">
                                    <matrix sid="matrix">0.71233845 -0.58182645 -0.39249456 11.857187 0.65071625 0.75704426 0.058757097 4.052887 0.26294932 -0.29725751 0.91787559 6.5145302 0 0 0 1</matrix>
                                    <node id="B_L_Finger41"  name="B_L_Finger41" type="NODE">
                                      <matrix sid="matrix">0.80560839 -0.59244841 -1.6753514e-06 3.3276672 0.59244841 0.80560839 -9.9160366e-07 2.2888184e-05 1.9371512e-06 -1.937151e-07 1 1.9073486e-05 0 0 0 1</matrix>
                                      <node id="B_L_Finger42"  name="B_L_Finger42" type="NODE">
                                        <matrix sid="matrix">0.90049982 -0.43485633 -1.1123589e-06 3.3276596 0.43485633 0.90049982 -4.378783e-07 -1.9073486e-05 1.1920931e-06 -8.9406953e-08 1 -1.5258789e-05 0 0 0 1</matrix>
                                      </node>
                                    </node>
                                  </node>
                                </node>
                              </node>
                            </node>
                          </node>
                        </node>
                        <node id="B_R_Clavicle"  name="B_R_Clavicle" type="NODE">
                          <matrix sid="matrix">-0.10452852 -0.00079608813 -0.9945215 17.736855 0.00023395466 -0.99999964 0.00077588344 0.074661255 -0.99452186 -0.000151571 0.10452867 -5.0179634 0 0 0 1</matrix>
                          <node id="B_R_UpperArm"  name="B_R_UpperArm" type="NODE">
                            <matrix sid="matrix">0.88200742 -0.070656143 -0.46590832 17.464647 -0.0054712892 0.98709327 -0.16005278 1.1444092e-05 0.47120366 0.14371687 0.87023705 7.6293945e-06 0 0 0 1</matrix>
                            <node id="B_R_Forearm"  name="B_R_Forearm" type="NODE">
                              <matrix sid="matrix">0.31187329 0.9350186 -0.16874635 27.628181 -0.95012373 0.30691513 -0.055389978 -3.8146973e-06 1.4901165e-07 0.17760456 0.98410195 7.6293945e-06 0 0 0 1</matrix>
                              <node id="B_R_ForeArmTwist"  name="B_R_ForeArmTwist" type="NODE">
                                <matrix sid="matrix">1 9.3712345e-09 -3.1975038e-08 11.992632 -1.4901161e-08 0.98410195 -0.17760453 -1.335144e-05 2.9802322e-08 0.17760453 0.98410195 0 0 0 0 1</matrix>
                                <node id="B_R_Hand"  name="B_R_Hand" type="NODE">
                                  <matrix sid="matrix">0.97121835 -0.092054889 -0.21968329 11.992651 -0.23198491 -0.15641253 -0.96006155 0 0.054017138 0.9833926 -0.17326607 -7.6293945e-06 0 0 0 1</matrix>
                                  <node id="B_R_Finger0"  name="B_R_Finger0" type="NODE">
                                    <matrix sid="matrix">0.45805332 0.47448441 -0.75169915 1.4603214 0.52040088 0.54243606 0.65950429 1.9355392 0.72067332 -0.69327307 0.0015425335 2.4376602 0 0 0 1</matrix>
                                    <node id="B_R_Finger01"  name="B_R_Finger01" type="NODE">
                                      <matrix sid="matrix">0.85509455 -0.51847214 -3.9404756e-07 3.7140198 0.51847214 0.85509455 -1.6921875e-07 -1.5258789e-05 4.2468309e-07 -5.9604638e-08 1 3.8146973e-06 0 0 0 1</matrix>
                                      <node id="B_R_Finger02"  name="B_R_Finger02" type="NODE">
                                        <matrix sid="matrix">0.62756014 -0.77856809 3.5779993e-07 5.5299416 0.77856809 0.62756014 -1.3147456e-09 1.5258789e-05 -2.2351736e-07 2.7939669e-07 1 2.6702881e-05 0 0 0 1</matrix>
                                      </node>
                                    </node>
                                  </node>
                                  <node id="B_R_Finger1"  name="B_R_Finger1" type="NODE">
                                    <matrix sid="matrix">0.85677505 -0.36335707 -0.36593461 11.625458 0.47330087 0.83580518 0.2782374 3.1205521 0.20475048 -0.41158402 0.88807422 3.0983505 0 0 0 1</matrix>
                                    <node id="B_R_Finger11"  name="B_R_Finger11" type="NODE">
                                      <matrix sid="matrix">0.76999348 -0.63805175 -2.3276264e-07 4.4568157 0.63805175 0.76999348 6.454286e-10 0 1.7881391e-07 -1.4901158e-07 1 -3.8146973e-06 0 0 0 1</matrix>
                                      <node id="B_R_Finger12"  name="B_R_Finger12" type="NODE">
                                        <matrix sid="matrix">0.76999301 -0.63805228 1.5112535e-07 3.3311386 0.63805228 0.76999301 1.4458188e-07 0 -2.0861627e-07 -1.490116e-08 1 -1.5258789e-05 0 0 0 1</matrix>
                                      </node>
                                    </node>
                                  </node>
                                  <node id="B_R_Finger2"  name="B_R_Finger2" type="NODE">
                                    <matrix sid="matrix">0.98838633 0.11558869 -0.098649204 11.814075 -0.089739911 0.96786004 0.23493321 2.438118 0.12263425 -0.223352 0.96699262 -0.83570862 0 0 0 1</matrix>
                                    <node id="B_R_Finger21"  name="B_R_Finger21" type="NODE">
                                      <matrix sid="matrix">0.45378998 -0.89110869 -1.6106071e-07 5.1996021 0.89110869 0.45378998 -1.5208977e-07 -1.5258789e-05 2.0861624e-07 -7.4505778e-08 1 -3.0517578e-05 0 0 0 1</matrix>
                                      <node id="B_R_Finger22"  name="B_R_Finger22" type="NODE">
                                        <matrix sid="matrix">0.78787225 -0.61583865 1.0309842e-07 5.1996078 0.61583865 0.78787225 6.1673482e-08 0 -1.192093e-07 1.4901165e-08 1 2.2888184e-05 0 0 0 1</matrix>
                                      </node>
                                    </node>
                                  </node>
                                  <node id="B_R_Finger3"  name="B_R_Finger3" type="NODE">
                                    <matrix sid="matrix">0.76193845 -0.62437987 0.17204499 11.814072 0.6308164 0.7756418 0.021226071 1.9342651 -0.14669842 0.09235584 0.98486042 -4.6002579 0 0 0 1</matrix>
                                    <node id="B_R_Finger31"  name="B_R_Finger31" type="NODE">
                                      <matrix sid="matrix">0.80657572 -0.59113079 -7.8534235e-08 4.4567871 0.59113079 0.80657572 -9.4506106e-08 -7.6293945e-06 1.1920928e-07 2.9802321e-08 1 7.6293945e-06 0 0 0 1</matrix>
                                      <node id="B_R_Finger32"  name="B_R_Finger32" type="NODE">
                                        <matrix sid="matrix">0.80657572 -0.59113079 1.7288025e-07 4.4568253 0.59113079 0.80657572 -5.3838323e-07 -1.7166138e-05 1.7881392e-07 5.3644169e-07 1 -1.5258789e-05 0 0 0 1</matrix>
                                      </node>
                                    </node>
                                  </node>
                                  <node id="B_R_Finger4"  name="B_R_Finger4" type="NODE">
                                    <matrix sid="matrix">0.59371465 -0.70246142 0.39249301 11.857216 0.77837348 0.62504601 -0.058755398 4.052887 -0.20405279 0.34039012 0.91787636 -6.5145645 0 0 0 1</matrix>
                                    <node id="B_R_Finger41"  name="B_R_Finger41" type="NODE">
                                      <matrix sid="matrix">0.68346173 -0.72998637 4.3190315e-07 3.3276367 0.72998637 0.68346173 3.3048883e-07 1.1444092e-05 -5.3644158e-07 8.9406939e-08 1 3.0517578e-05 0 0 0 1</matrix>
                                      <node id="B_R_Finger42"  name="B_R_Finger42" type="NODE">
                                        <matrix sid="matrix">0.80561292 -0.59244227 2.7195409e-07 3.3277054 0.59244227 0.80561292 2.3698655e-07 2.6702881e-05 -3.5949057e-07 -2.9802319e-08 1 -3.8146973e-06 0 0 0 1</matrix>
                                      </node>
                                    </node>
                                  </node>
                                </node>
                              </node>
                            </node>
                          </node>
                        </node>
                        <node id="B_Neck"  name="B_Neck" type="NODE">
                          <matrix sid="matrix">0.9745459 -0.2055687 -0.089452833 27.039772 0.20928562 0.97725385 0.034271017 1.1282234 0.080373071 -0.052119873 0.99540126 0.00061130524 0 0 0 1</matrix>
                          <node id="B_Head"  name="B_Head" type="NODE">
                            <matrix sid="matrix">0.76541501 0.31179073 -0.56296223 10.01931 -0.64322227 0.34330088 -0.68440461 1.4083099 -0.020125566 0.88596338 0.46331838 1.9073486e-06 0 0 0 1</matrix>
                          </node>
                        </node>
                      </node>
                    </node>
                  </node>
                  <node id="B_L_Thigh"  name="B_L_Thigh" type="NODE">
                    <matrix sid="matrix">-0.5244658 0.69700927 -0.48899248 0 0.50814742 0.71705997 0.4770861 1.7166138e-05 0.68317038 0.0017350881 -0.73025697 11.161454 0 0 0 1</matrix>
                    <node id="B_L_Calf"  name="B_L_Calf" type="NODE">
                      <matrix sid="matrix">0.18882273 0.9820112 9.3106974e-07 50.282753 -0.9820112 0.18882273 7.3108658e-06 0 7.0035449e-06 -2.2947786e-06 1 7.6293945e-06 0 0 0 1</matrix>
                      <node id="B_L_Foot"  name="B_L_Foot" type="NODE">
                        <matrix sid="matrix">0.76677555 -0.49288002 -0.41124749 39.72813 0.34292102 0.85609829 -0.38665354 -1.9073486e-06 0.54264212 0.15545103 0.82545412 -3.8146973e-06 0 0 0 1</matrix>
                        <node id="B_L_Toe0"  name="B_L_Toe0" type="NODE">
                          <matrix sid="matrix">-0.17364736 -0.98480791 -2.4192059e-07 18.214441 0.98480791 -0.17364736 9.8625321e-07 14.545954 -1.0132788e-06 -6.6985052e-08 1 0.020648956 0 0 0 1</matrix>
                        </node>
                      </node>
                    </node>
                  </node>
                  <node id="B_R_Thigh"  name="B_R_Thigh" type="NODE">
                    <matrix sid="matrix">-0.4081082 0.8250069 0.39091092 0 0.41527051 0.5490877 -0.72529513 -1.335144e-05 -0.81301785 -0.13366514 -0.56668824 -11.161448 0 0 0 1</matrix>
                    <node id="B_R_Calf"  name="B_R_Calf" type="NODE">
                      <matrix sid="matrix">0.40975285 0.91219658 -1.5535181e-07 50.282761 -0.91219658 0.40975285 -4.7090562e-06 7.6293945e-06 -4.2319289e-06 2.0712605e-06 1 0 0 0 0 1</matrix>
                      <node id="B_R_Foot"  name="B_R_Foot" type="NODE">
                        <matrix sid="matrix">0.91164577 0.03006928 0.40987545 39.728123 -0.027539885 0.99954778 -0.01207456 -3.8146973e-06 -0.41005319 -0.00028020152 0.91206157 3.8146973e-06 0 0 0 1</matrix>
                        <node id="B_R_Toe0"  name="B_R_Toe0" type="NODE">
                          <matrix sid="matrix">-0.16546774 -0.98009384 0.10971081 18.214439 0.98552191 -0.16015458 0.055651423 14.545956 -0.036972929 0.11733091 0.99240434 -0.020648956 0 0 0 1</matrix>
                        </node>
                      </node>
                    </node>
                  </node>
                </node>
              </node>
            </node>
          </node>
        </node>
      </node>
      <node id="Exporter_aAssimpFbxa_PreRotation"  name="Exporter_$AssimpFbx$_PreRotation" type="NODE">
        <matrix sid="matrix">1 0 0 0 0 -4.3711388e-08 1 0 0 -1 -4.3711388e-08 0 0 0 0 1</matrix>
        <node id="Exporter"  name="Exporter" type="NODE">
          <matrix sid="matrix">1 0 0 0 0 1 0 0 0 0 1 0 0 0 0 1</matrix>
        </node>
      </node>
    </visual_scene>
  </library_visual_scenes>
  <library_animations>
    <animation id="TakeW001AnimId0" name="Take 001">
      <source id="B_Head_matrix-input" name="B_Head_matrix-input">
        <float_array id="B_Head_matrix-input-array" count="31"> 0 1 2 3 4 5 6 7 8 9 10 11 12 13 14 15 16 17 18 19 20 21 22 23 24 25 26 27 28 29 30 </float_array>
        <technique_common>
          <accessor count="31" offset="0" source="#B_Head_matrix-input-array" stride="1">
            <param name="TIME" type="float" />
          </accessor>
        </technique_common>
      </source>
      <source id="B_Head_matrix-output" name="B_Head_matrix-output">
        <float_array id="B_Head_matrix-output-array" count="496"> 0.90257579 -0.12357035 -0.41241598 10.019318 -0.19725956 0.73276776 -0.65126032 1.4083099 0.38268155 0.6691649 0.63700318 0 0 0 0 1 0.90942228 -0.15445024 -0.38612962 10.019318 -0.10410951 0.81436199 -0.57094288 1.4083099 0.40263146 0.55942798 0.72451925 0 0 0 0 1 0.91705203 -0.20123027 -0.34427011 10.019287 0.068293765 0.92983532 -0.36158276 1.4083138 0.39287594 0.30807865 0.86645037 0 0 0 0 1 0.91474229 -0.2267839 -0.33438838 10.019318 0.19926812 0.97318453 -0.11490739 1.4083252 0.35148075 0.038477704 0.93540418 0 0 0 0 1 0.91627127 -0.17169568 -0.36189467 10.019287 0.19050801 0.98154426 0.016662465 1.4083099 0.35235476 -0.084211148 0.9320702 0 0 0 0 1 0.81871068 0.23637541 -0.52329665 10.019318 -0.35376909 0.92547464 -0.1354394 1.4083252 0.45228341 0.29601189 0.84131819 1.5258789e-05 0 0 0 1 0.56740153 0.51823807 -0.63991034 10.01931 -0.80724031 0.50346708 -0.30803308 1.4083405 0.16253936 0.69133979 0.70401037 0 0 0 0 1 0.78442848 0.33933136 -0.51915902 10.019314 -0.61543679 0.52961105 -0.58373779 1.4082947 0.07687176 0.77741027 0.62427908 -7.6293945e-06 0 0 0 1 0.97207212 0.11054336 -0.20701721 10.01931 -0.23035398 0.61807549 -0.75161147 1.4083099 0.044866595 0.77830768 0.62627798 -7.6293945e-06 0 0 0 1 0.97108895 -0.0039907615 -0.23868425 10.019314 -0.14183106 0.79460567 -0.59032673 1.4083023 0.19201571 0.60711265 0.7710669 1.9073486e-06 0 0 0 1 0.97140712 -0.0052980701 -0.23736 10.019321 -0.14277452 0.78574264 -0.60185027 1.4083176 0.1896925 0.61853063 0.76251996 0 0 0 0 1 0.97143316 -0.0060957521 -0.23723461 10.019318 -0.14439449 0.77814305 -0.61126381 1.4083176 0.18832856 0.62805754 0.75503373 -1.9073486e-06 0 0 0 1 0.97089571 -0.0057810238 -0.23943345 10.019314 -0.14817692 0.77091169 -0.61946636 1.4083252 0.18816327 0.6369155 0.74761826 3.8146973e-06 0 0 0 1 0.96989357 -0.004441998 -0.24348845 10.01931 -0.15378337 0.76409245 -0.62650877 1.4083099 0.18883064 0.64509124 0.74040544 -3.8146973e-06 0 0 0 1 0.96852309 -0.0021320137 -0.24891463 10.019314 -0.16087182 0.75772035 -0.63244003 1.4083099 0.18995601 0.65257615 0.73352665 0 0 0 0 1 0.9668833 0.0011199564 -0.25521624 10.01931 -0.16909477 0.75182277 -0.63731444 1.4083176 0.19116357 0.65936428 0.7271145 7.6293945e-06 0 0 0 1 0.96508241 0.005297638 -0.26189265 10.01931 -0.17809774 0.7464233 -0.64119679 1.4083099 0.19208597 0.66545022 0.72130358 -3.8146973e-06 0 0 0 1 0.96323919 0.010390825 -0.26844347 10.01931 -0.18752071 0.74154317 -0.64416581 1.4083099 0.192369 0.67082453 0.71623218 0 0 0 0 1 0.96148384 0.016390396 -0.27437243 10.019306 -0.19700103 0.73720497 -0.64631218 1.4083252 0.19167539 0.67547017 0.71203965 -3.8146973e-06 0 0 0 1 0.95995325 0.023286507 -0.27919057 10.019314 -0.20617703 0.73343867 -0.64773351 1.4083099 0.18968572 0.67935669 0.70886797 3.8146973e-06 0 0 0 1 0.95878756 0.031069787 -0.2824192 10.01931 -0.21469499 0.73028457 -0.64852923 1.4083099 0.18609673 0.68243599 0.70685834 0 0 0 0 1 0.95812178 0.039733503 -0.28359076 10.01931 -0.22221443 0.72780091 -0.64878839 1.4083099 0.18061899 0.68463629 0.70615131 0 0 0 0 1 0.95807445 0.049279608 -0.28224942 10.01931 -0.22841708 0.72606784 -0.6485762 1.4083176 0.17297062 0.68585497 0.70688343 3.8146973e-06 0 0 0 1 0.95873678 0.059723541 -0.27795172 10.019318 -0.23301633 0.72519279 -0.64791882 1.4083176 0.1628726 0.68595082 0.70918536 3.8146973e-06 0 0 0 1 0.96015638 0.07110168 -0.27026701 10.019306 -0.23576973 0.72531486 -0.64678508 1.4083176 0.15004119 0.68473566 0.71317923 0 0 0 0 1 0.96232265 0.083475053 -0.2587792 10.01931 -0.23649362 0.72660965 -0.64506507 1.4083176 0.13418463 0.6819604 0.71897441 1.9073486e-06 0 0 0 1 0.97099435 0.129895 -0.2007418 10.01931 -0.22873846 0.74914026 -0.62166524 1.4083176 0.069632553 0.64955074 0.75712305 0 0 0 0 1 0.97289604 0.2059745 -0.10510786 10.01931 -0.22913015 0.7973718 -0.55829895 1.4083252 -0.031185294 0.56725037 0.82295465 1.9073486e-06 0 0 0 1 0.9651438 0.25895354 -0.037949979 10.019318 -0.24362579 0.83594602 -0.49177298 1.4083138 -0.095622227 0.4838773 0.86989605 0 0 0 0 1 0.96347344 0.26626012 -0.028702356 10.019302 -0.24683814 0.8413645 -0.48080829 1.4083176 -0.1038709 0.47033104 0.87635583 1.9073486e-06 0 0 0 1 0.9651438 0.25895354 -0.037949979 10.019318 -0.24362579 0.83594602 -0.49177298 1.4083138 -0.095622227 0.4838773 0.86989605 0 0 0 0 1 </float_array>
        <technique_common>
          <accessor count="31" offset="0" source="#B_Head_matrix-output-array" stride="16">
            <param name="TRANSFORM" type="float4x4" />
          </accessor>
        </technique_common>
      </source>
      <source id="B_Head_matrix-interpolation">
        <Name_array id="B_Head_matrix-interpolation-array" count="31"> LINEAR LINEAR LINEAR LINEAR LINEAR LINEAR LINEAR LINEAR LINEAR LINEAR LINEAR LINEAR LINEAR LINEAR LINEAR LINEAR LINEAR LINEAR LINEAR LINEAR LINEAR LINEAR LINEAR LINEAR LINEAR LINEAR LINEAR LINEAR LINEAR LINEAR LINEAR </Name_array>
        <technique_common>
          <accessor source="#B_Head_matrix-interpolation-array" count="31" stride="1">
            <param name="INTERPOLATION" type="name"></param>
          </accessor>
        </technique_common>
      </source>
      <source id="B_L_Calf_matrix-input" name="B_L_Calf_matrix-input">
        <float_array id="B_L_Calf_matrix-input-array" count="31"> 0 1 2 3 4 5 6 7 8 9 10 11 12 13 14 15 16 17 18 19 20 21 22 23 24 25 26 27 28 29 30 </float_array>
        <technique_common>
          <accessor count="31" offset="0" source="#B_L_Calf_matrix-input-array" stride="1">
            <param name="TIME" type="float" />
          </accessor>
        </technique_common>
      </source>
      <source id="B_L_Calf_matrix-output" name="B_L_Calf_matrix-output">
        <float_array id="B_L_Calf_matrix-output-array" count="496"> 0.40049785 0.91629815 8.9297021e-07 50.282761 -0.91629785 0.40049797 7.450325e-06 1.5258789e-05 6.469083e-06 -3.8020664e-06 1.0000001 3.8146973e-06 0 0 0 1 0.42356458 0.90586603 8.5624106e-07 50.28273 -0.90586585 0.42356467 7.4695909e-06 -3.0517578e-05 6.4037736e-06 -3.939494e-06 1 1.9073486e-06 0 0 0 1 0.36137238 0.93242198 9.2869323e-07 50.282745 -0.93242186 0.36137241 7.4795239e-06 0 6.6384669e-06 -3.5688281e-06 1 3.8146973e-06 0 0 0 1 0.26611418 0.96394181 9.1903075e-07 50.282745 -0.96394157 0.26611423 7.3801175e-06 0 6.8694344e-06 -2.8498469e-06 1 0 0 0 0 1 0.19518892 0.98076564 9.1867099e-07 50.282742 -0.98076564 0.19518892 7.2933412e-06 3.0517578e-05 6.9737443e-06 -2.3245807e-06 0.99999994 0 0 0 0 1 0.19326089 0.98114777 8.8604338e-07 50.282753 -0.98114765 0.19326092 7.2215189e-06 -3.8146973e-06 6.9141388e-06 -2.2649767e-06 1 1.5258789e-05 0 0 0 1 0.17651211 0.98429871 1.0330577e-06 50.282745 -0.98429871 0.17651211 7.2399648e-06 0 6.9439411e-06 -2.2947788e-06 1 0 0 0 0 1 0.06332881 0.99799293 9.8033877e-07 50.282745 -0.99799281 0.063328817 7.1395648e-06 3.8146973e-06 7.0631513e-06 -1.4305116e-06 0.99999994 0 0 0 0 1 -0.080487847 0.99675572 1.0092849e-06 50.282749 -0.9967556 -0.080487855 6.9448406e-06 1.9073486e-06 7.0035435e-06 -4.4703512e-07 1 0 0 0 0 1 -0.32804024 0.94466406 9.9027056e-07 50.282753 -0.9446637 -0.32804036 6.8490835e-06 1.9073486e-06 6.7949295e-06 1.3113029e-06 1 7.6293945e-06 0 0 0 1 -0.32869682 0.94443554 8.2856764e-07 50.282734 -0.94443583 -0.3286967 6.732771e-06 -2.8610229e-06 6.6310163e-06 1.4305107e-06 1 7.6293945e-06 0 0 0 1 -0.33024418 0.9438957 9.7812108e-07 50.282749 -0.94389594 -0.33024409 6.8565928e-06 0 6.7949286e-06 1.3411051e-06 1 3.8146973e-06 0 0 0 1 -0.33244762 0.94312209 9.3468606e-07 50.282749 -0.94312179 -0.33244774 6.6856496e-06 -9.5367432e-07 6.6161151e-06 1.3411051e-06 0.99999994 3.8146973e-06 0 0 0 1 -0.33507204 0.94219285 9.3020952e-07 50.282738 -0.94219261 -0.33507213 6.7070464e-06 -1.9073486e-06 6.6310167e-06 1.3709069e-06 0.99999994 7.6293945e-06 0 0 0 1 -0.33788678 0.9411872 9.0638241e-07 50.282757 -0.94118708 -0.33788681 6.8466438e-06 -3.8146973e-06 6.7502269e-06 1.4603148e-06 1 7.6293945e-06 0 0 0 1 -0.34066442 0.94018525 9.3431072e-07 50.282753 -0.94018513 -0.34066448 6.7777455e-06 0 6.6906218e-06 1.4305118e-06 1 3.8146973e-06 0 0 0 1 -0.34318951 0.93926632 9.8320288e-07 50.282753 -0.93926632 -0.34318951 6.8591871e-06 0 6.7800283e-06 1.4305117e-06 1 1.1444092e-05 0 0 0 1 -0.34524962 0.93851113 1.0365106e-06 50.282753 -0.93851084 -0.34524974 6.874694e-06 -2.8610229e-06 6.8098298e-06 1.4007095e-06 1 7.6293945e-06 0 0 0 1 -0.34664014 0.93799835 8.4494036e-07 50.282749 -0.93799835 -0.34664014 6.7570763e-06 9.5367432e-07 6.6310167e-06 1.549721e-06 1 1.1444092e-05 0 0 0 1 -0.34715581 0.9378078 8.0619316e-07 50.282753 -0.93780756 -0.3471559 6.8994459e-06 1.9073486e-06 6.7502269e-06 1.639129e-06 1 7.6293945e-06 0 0 0 1 -0.34658921 0.93801731 9.2114101e-07 50.282753 -0.93801743 -0.34658918 6.7923729e-06 -9.5367432e-07 6.6906209e-06 1.4901165e-06 1 3.8146973e-06 0 0 0 1 -0.34472096 0.93870556 8.2827387e-07 50.282753 -0.93870556 -0.34472096 6.664588e-06 -1.9073486e-06 6.5416093e-06 1.5199181e-06 1 7.6293945e-06 0 0 0 1 -0.34131408 0.93994945 9.1348466e-07 50.282745 -0.93994933 -0.34131411 6.8814807e-06 2.8610229e-06 6.7800283e-06 1.4901173e-06 1 7.6293945e-06 0 0 0 1 -0.33609763 0.94182742 9.2749485e-07 50.282745 -0.9418273 -0.33609769 6.6779603e-06 -9.5367432e-07 6.6012149e-06 1.3709072e-06 0.99999988 3.8146973e-06 0 0 0 1 -0.32876447 0.94441229 9.9552244e-07 50.282761 -0.94441205 -0.32876456 6.8483214e-06 -1.9073486e-06 6.79493e-06 1.3113017e-06 1 0 0 0 0 1 -0.31894672 0.94777286 7.7339917e-07 50.282749 -0.94777274 -0.31894675 6.7833234e-06 -1.9073486e-06 6.6757202e-06 1.4305119e-06 1.0000001 7.6293945e-06 0 0 0 1 -0.17191379 0.98511249 1.0623359e-06 50.282757 -0.98511225 -0.17191383 6.9542525e-06 -3.8146973e-06 7.0333485e-06 1.4901168e-07 1.0000001 3.8146973e-06 0 0 0 1 0.34823027 0.93740922 9.5751136e-07 50.282757 -0.93740886 0.34823039 7.34999e-06 1.9073486e-06 6.5565109e-06 -3.4570699e-06 1.0000001 3.8146973e-06 0 0 0 1 0.86703861 0.49824136 4.7763115e-07 50.282753 -0.49824136 0.86703861 7.949161e-06 1.9073486e-06 3.5464759e-06 -7.1302056e-06 1 7.6293945e-06 0 0 0 1 0.97920811 0.20285951 1.5355249e-07 50.282753 -0.20285951 0.97920811 8.0867594e-06 4.7683716e-07 1.4901161e-06 -7.9497695e-06 1 0 0 0 0 1 0.86703861 0.49824136 4.7763115e-07 50.282753 -0.49824136 0.86703861 7.949161e-06 1.9073486e-06 3.5464759e-06 -7.1302056e-06 1 7.6293945e-06 0 0 0 1 </float_array>
        <technique_common>
          <accessor count="31" offset="0" source="#B_L_Calf_matrix-output-array" stride="16">
            <param name="TRANSFORM" type="float4x4" />
          </accessor>
        </technique_common>
      </source>
      <source id="B_L_Calf_matrix-interpolation">
        <Name_array id="B_L_Calf_matrix-interpolation-array" count="31"> LINEAR LINEAR LINEAR LINEAR LINEAR LINEAR LINEAR LINEAR LINEAR LINEAR LINEAR LINEAR LINEAR LINEAR LINEAR LINEAR LINEAR LINEAR LINEAR LINEAR LINEAR LINEAR LINEAR LINEAR LINEAR LINEAR LINEAR LINEAR LINEAR LINEAR LINEAR </Name_array>
        <technique_common>
          <accessor source="#B_L_Calf_matrix-interpolation-array" count="31" stride="1">
            <param name="INTERPOLATION" type="name"></param>
          </accessor>
        </technique_common>
      </source>
      <source id="B_L_Clavicle_matrix-input" name="B_L_Clavicle_matrix-input">
        <float_array id="B_L_Clavicle_matrix-input-array" count="31"> 0 1 2 3 4 5 6 7 8 9 10 11 12 13 14 15 16 17 18 19 20 21 22 23 24 25 26 27 28 29 30 </float_array>
        <technique_common>
          <accessor count="31" offset="0" source="#B_L_Clavicle_matrix-input-array" stride="1">
            <param name="TIME" type="float" />
          </accessor>
        </technique_common>
      </source>
      <source id="B_L_Clavicle_matrix-output" name="B_L_Clavicle_matrix-output">
        <float_array id="B_L_Clavicle_matrix-output-array" count="496"> 0.10480128 -0.00068101269 0.99449283 17.736847 -0.51509577 -0.85544902 0.053695891 0.073139191 0.85070145 -0.51788646 -0.090003118 5.0180054 0 0 0 1 0.10247444 -0.00067418808 0.99473524 17.736816 -0.52988696 -0.84634626 0.054013617 0.073141575 0.84185421 -0.53263235 -0.087086193 5.0180206 0 0 0 1 0.10273302 -0.00067463517 0.99470878 17.736847 -0.52825117 -0.84737062 0.053982805 0.073135376 0.84285039 -0.53100187 -0.087409489 5.0179901 0 0 0 1 0.10402584 -0.00067898625 0.99457449 17.736847 -0.52004325 -0.85244304 0.053811125 0.073135376 0.8477816 -0.5228194 -0.0890292 5.0180054 0 0 0 1 0.10480156 -0.0006808936 0.99449289 17.736847 -0.51509595 -0.8554489 0.053696066 0.073135376 0.85070163 -0.51788658 -0.090003133 5.0180054 0 0 0 1 0.1048014 -0.00068128097 0.99449277 17.736847 -0.51509577 -0.85544878 0.053695701 0.073143005 0.85070133 -0.5178864 -0.090003125 5.0180206 0 0 0 1 0.028525408 -0.00063124282 0.99959266 17.736855 -0.60953492 -0.792579 0.0168938 0.073135376 0.79224575 -0.60976857 -0.02299344 5.0180149 0 0 0 1 -0.04700733 -0.00071394444 0.99889427 17.736858 0.44250959 -0.89653659 0.020183459 0.073120117 0.895531 0.44296902 0.042459726 5.0180206 0 0 0 1 -0.047265284 -0.00079083798 0.99888194 17.736855 0.11860806 -0.99292922 0.0048261946 0.073135376 0.99181545 0.11870357 0.047024839 5.018013 0 0 0 1 -0.047265641 -0.00079069659 0.99888188 17.736851 0.11860812 -0.99292946 0.0048263702 0.073139191 0.99181533 0.11870366 0.047025196 5.0180187 0 0 0 1 -0.047262069 -0.00079022348 0.99888229 17.736855 0.12274509 -0.99242568 0.0050225519 0.073139191 0.99131221 0.12284526 0.047000945 5.0180168 0 0 0 1 -0.047258854 -0.00078972441 0.99888247 17.736855 0.12687969 -0.99190462 0.0052186809 0.073135376 0.99079174 0.12698454 0.046976328 5.0180149 0 0 0 1 -0.047255516 -0.00078986597 0.99888271 17.736858 0.13101231 -0.99136615 0.0054140543 0.073143005 0.99025387 0.13112175 0.046950944 5.0180168 0 0 0 1 -0.047252409 -0.00078909844 0.99888265 17.736847 0.13514256 -0.99081039 0.0056102048 0.073143005 0.98969871 0.13525671 0.046924584 5.0180187 0 0 0 1 -0.047248967 -0.00078810746 0.99888283 17.736855 0.1392704 -0.99023718 0.005806461 0.073143005 0.98912662 0.13938913 0.046897471 5.0180168 0 0 0 1 -0.047245614 -0.00078770518 0.99888289 17.736855 0.14339583 -0.98964715 0.0060019786 0.07314682 0.98853689 0.14351924 0.046869453 5.0180168 0 0 0 1 -0.047242634 -0.00078755588 0.99888313 17.736855 0.14751889 -0.98903954 0.006197169 0.073143005 0.98793024 0.14764686 0.046840843 5.0180187 0 0 0 1 -0.047239192 -0.00078740728 0.99888337 17.736855 0.15163931 -0.98841548 0.0063921586 0.073139191 0.98730659 0.15177195 0.046811163 5.0180187 0 0 0 1 -0.047235727 -0.00078642368 0.99888355 17.736855 0.15575695 -0.98777366 0.0065878252 0.073139191 0.98666549 0.15589422 0.046780523 5.0180168 0 0 0 1 -0.047232386 -0.00078640867 0.99888366 17.736851 0.15987211 -0.98711443 0.0067824419 0.073143005 0.98600715 0.16001399 0.046749409 5.0180206 0 0 0 1 -0.04722929 -0.00078549236 0.99888384 17.736855 0.16398427 -0.98643827 0.0069778115 0.073143005 0.98533177 0.16413079 0.046717584 5.0180149 0 0 0 1 -0.047225952 -0.00078520173 0.99888384 17.736847 0.16809377 -0.98574489 0.0071723904 0.073143005 0.98463911 0.16824487 0.046684738 5.0180187 0 0 0 1 -0.047222972 -0.00078444183 0.99888414 17.736851 0.17220032 -0.98503447 0.0073673129 0.073143005 0.98392946 0.17235607 0.046651185 5.0180206 0 0 0 1 -0.047219392 -0.00078387547 0.9988842 17.736847 0.17630373 -0.98430663 0.0075618098 0.073143005 0.98320258 0.17646405 0.046616491 5.0180187 0 0 0 1 -0.04721617 -0.0007833165 0.99888432 17.736858 0.18040429 -0.98356164 0.0077562104 0.073143005 0.98245853 0.1805692 0.046581265 5.0180168 0 0 0 1 -0.047212958 -0.00078313809 0.99888474 17.736855 0.18450138 -0.98280036 0.0079500237 0.073135376 0.98169774 0.18467093 0.046545152 5.0180187 0 0 0 1 -0.036464207 -0.00079562131 0.99933463 17.736855 0.054882307 -0.99849212 0.0012076217 0.073139191 0.99782664 0.054889835 0.036452767 5.0180149 0 0 0 1 -0.025712132 -0.00079414248 0.99966908 17.736855 -0.075783908 -0.9971205 -0.0027413331 0.073139191 0.99679267 -0.075829312 0.025577962 5.0180159 0 0 0 1 -0.017590642 -0.00078421825 0.99984509 17.736847 -0.17375694 -0.98478109 -0.0038293754 0.073140144 0.98463148 -0.17379734 0.017186644 5.0180159 0 0 0 1 -0.016109105 -0.00078156585 0.99987006 17.736847 -0.19147794 -0.9814896 -0.0038521141 0.073141098 0.98136467 -0.1915151 0.015661001 5.0180159 0 0 0 1 -0.017590642 -0.00078421825 0.99984509 17.736847 -0.17375694 -0.98478109 -0.0038293754 0.073140144 0.98463148 -0.17379734 0.017186644 5.0180159 0 0 0 1 </float_array>
        <technique_common>
          <accessor count="31" offset="0" source="#B_L_Clavicle_matrix-output-array" stride="16">
            <param name="TRANSFORM" type="float4x4" />
          </accessor>
        </technique_common>
      </source>
      <source id="B_L_Clavicle_matrix-interpolation">
        <Name_array id="B_L_Clavicle_matrix-interpolation-array" count="31"> LINEAR LINEAR LINEAR LINEAR LINEAR LINEAR LINEAR LINEAR LINEAR LINEAR LINEAR LINEAR LINEAR LINEAR LINEAR LINEAR LINEAR LINEAR LINEAR LINEAR LINEAR LINEAR LINEAR LINEAR LINEAR LINEAR LINEAR LINEAR LINEAR LINEAR LINEAR </Name_array>
        <technique_common>
          <accessor source="#B_L_Clavicle_matrix-interpolation-array" count="31" stride="1">
            <param name="INTERPOLATION" type="name"></param>
          </accessor>
        </technique_common>
      </source>
      <source id="B_L_Finger0_matrix-input" name="B_L_Finger0_matrix-input">
        <float_array id="B_L_Finger0_matrix-input-array" count="31"> 0 1 2 3 4 5 6 7 8 9 10 11 12 13 14 15 16 17 18 19 20 21 22 23 24 25 26 27 28 29 30 </float_array>
        <technique_common>
          <accessor count="31" offset="0" source="#B_L_Finger0_matrix-input-array" stride="1">
            <param name="TIME" type="float" />
          </accessor>
        </technique_common>
      </source>
      <source id="B_L_Finger0_matrix-output" name="B_L_Finger0_matrix-output">
