<?xml version="1.0" encoding="UTF-8" standalone="no" ?>
<COLLADA xmlns="http://www.collada.org/2005/11/COLLADASchema" version="1.4.1">
  <asset>
    <contributor>
      <author>Assimp</author>
      <authoring_tool>FBX SDK/FBX Plugins version 2013.1</authoring_tool>
    </contributor>
    <created>2020-08-21T10:28:57</created>
    <modified>2020-08-21T10:28:57</modified>
    <unit name="meter" meter="1" />
    <up_axis>Y_UP</up_axis>
  </asset>
  <library_geometries>
  </library_geometries>
  <library_controllers>
  </library_controllers>
  <library_visual_scenes>
    <visual_scene id="RootNode" name="RootNode">
      <node id="Motion_aAssimpFbxa_Translation"  name="Motion_$AssimpFbx$_Translation" type="NODE">
        <matrix sid="matrix">1 0 0 9.92585e-07 0 1 0 0 0 0 1 -0.17328988 0 0 0 1</matrix>
        <node id="Motion_aAssimpFbxa_PreRotation"  name="Motion_$AssimpFbx$_PreRotation" type="NODE">
          <matrix sid="matrix">1 0 0 0 0 -4.3711388e-08 1 0 0 -1 -4.3711388e-08 0 0 0 0 1</matrix>
          <node id="Motion_aAssimpFbxa_Rotation"  name="Motion_$AssimpFbx$_Rotation" type="NODE">
            <matrix sid="matrix">1.3868001e-06 1 0 0 -1 1.3868001e-06 0 0 0 0 1 0 0 0 0 1</matrix>
            <node id="Motion_aAssimpFbxa_Scaling"  name="Motion_$AssimpFbx$_Scaling" type="NODE">
              <matrix sid="matrix">1 0 0 0 0 1 0 0 0 0 1 0 0 0 0 1</matrix>
              <node id="Motion"  name="Motion" type="NODE">
                <matrix sid="matrix">1 0 0 0 0 1 0 0 0 0 1 0 0 0 0 1</matrix>
                <node id="B_Pelvis"  name="B_Pelvis" type="NODE">
                  <matrix sid="matrix">-4.3711388e-08 0.60876256 0.79335248 0.32882482 0 -0.79335248 0.60876256 -2.785001 1 2.6609857e-08 3.4678539e-08 57.236027 0 0 0 1</matrix>
                  <node id="B_Spine"  name="B_Spine" type="NODE">
                    <matrix sid="matrix">0.99587595 0.050653093 -0.075268127 7.6762733 -0.031831305 0.97196919 0.23294339 -1.6268339 0.084957607 -0.22958684 0.96957314 -0.007380724 0 0 0 1</matrix>
                    <node id="B_Spine1"  name="B_Spine1" type="NODE">
                      <matrix sid="matrix">0.99903959 -0.020619901 -0.038661521 12.747704 0.020982167 0.99973947 0.0089879306 -0.014276981 0.038466118 -0.0097905006 0.99921197 0.00013971329 0 0 0 1</matrix>
                      <node id="B_Spine2"  name="B_Spine2" type="NODE">
                        <matrix sid="matrix">0.9983142 -0.044820126 -0.036876369 17.935333 0.04553961 0.99878365 0.018907296 -0.026449203 0.035984084 -0.020554757 0.99914092 0.00052642822 0 0 0 1</matrix>
                        <node id="B_L_Clavicle"  name="B_L_Clavicle" type="NODE">
                          <matrix sid="matrix">-0.01759064 -0.00078421831 0.99984497 17.736855 -0.17375694 -0.98478109 -0.0038293749 0.073140383 0.98463148 -0.17379735 0.017186666 5.018014 0 0 0 1</matrix>
                          <node id="B_L_UpperArm"  name="B_L_UpperArm" type="NODE">
                            <matrix sid="matrix">0.3297576 0.082509995 0.94045311 17.464663 -0.93243748 -0.12740456 0.33812481 4.7683716e-06 0.14771669 -0.98841298 0.034922794 7.6293945e-06 0 0 0 1</matrix>
                            <node id="B_L_Forearm"  name="B_L_Forearm" type="NODE">
                              <matrix sid="matrix">0.032895308 0.99512112 0.093014687 27.628185 -0.99945879 0.032752573 0.003061092 0 -3.1292444e-07 -0.093065046 0.99566001 -1.6212463e-05 0 0 0 1</matrix>
                              <node id="B_L_ForeArmTwist"  name="B_L_ForeArmTwist" type="NODE">
                                <matrix sid="matrix">1 6.7842556e-08 -2.8549783e-07 11.992653 -4.0978179e-08 0.99566001 0.093065307 -7.6293945e-06 2.9057256e-07 -0.093065307 0.99566001 1.9073486e-05 0 0 0 1</matrix>
                                <node id="B_L_Hand"  name="B_L_Hand" type="NODE">
                                  <matrix sid="matrix">0.96226168 -0.26206902 0.073295787 11.992645 -0.094868332 -0.070617937 0.99298191 3.8146973e-06 -0.25505379 -0.96246189 -0.092814989 1.9073486e-06 0 0 0 1</matrix>
                                  <node id="B_L_Finger0"  name="B_L_Finger0" type="NODE">
                                    <matrix sid="matrix">0.80900651 0.13246377 0.57267946 1.4603348 0.15583242 0.89108133 -0.42625141 1.9355469 -0.56676686 0.43408224 0.70024848 -2.4376526 0 0 0 1</matrix>
                                    <node id="B_L_Finger01"  name="B_L_Finger01" type="NODE">
                                      <matrix sid="matrix">0.80299312 -0.59598833 4.1692893e-08 3.7139893 0.59598833 0.80299312 -6.1692269e-09 -1.9073486e-06 -2.9802315e-08 2.9802322e-08 1 -3.8146973e-05 0 0 0 1</matrix>
                                      <node id="B_L_Finger02"  name="B_L_Finger02" type="NODE">
                                        <matrix sid="matrix">0.5521847 -0.83372182 -9.9742479e-08 5.5299416 0.83372182 0.5521847 1.19261e-07 7.6293945e-06 -4.4354223e-08 -1.4901158e-07 1 2.2888184e-05 0 0 0 1</matrix>
                                      </node>
                                    </node>
                                  </node>
                                  <node id="B_L_Finger1"  name="B_L_Finger1" type="NODE">
                                    <matrix sid="matrix">0.27254906 -0.95552641 0.11263381 11.625458 0.92804098 0.23019104 -0.29283458 3.1205444 0.25388387 0.18434057 0.94950598 -3.0983505 0 0 0 1</matrix>
                                    <node id="B_L_Finger11"  name="B_L_Finger11" type="NODE">
                                      <matrix sid="matrix">-0.25881925 -0.96592575 -6.7086262e-08 4.4568253 0.96592575 -0.25881925 1.2877917e-08 0 -2.9802329e-08 -6.1467297e-08 1 2.2888184e-05 0 0 0 1</matrix>
                                      <node id="B_L_Finger12"  name="B_L_Finger12" type="NODE">
                                        <matrix sid="matrix">0.57357585 -0.81915247 2.8440471e-07 3.3311386 0.81915247 0.57357585 -2.1733297e-07 -7.6293945e-06 1.490116e-08 3.5762775e-07 1 -2.2888184e-05 0 0 0 1</matrix>
                                      </node>
                                    </node>
                                  </node>
                                  <node id="B_L_Finger2"  name="B_L_Finger2" type="NODE">
                                    <matrix sid="matrix">0.2580848 -0.96503466 0.04582921 11.814072 0.96096498 0.25152332 -0.11524847 2.4381065 0.099691652 0.07378415 0.99227893 0.83572769 0 0 0 1</matrix>
                                    <node id="B_L_Finger21"  name="B_L_Finger21" type="NODE">
                                      <matrix sid="matrix">-0.62068564 -0.78405952 4.882632e-07 5.1996307 0.78405952 -0.62068564 1.3945737e-07 1.5258789e-05 1.9371507e-07 4.6938658e-07 1 1.5258789e-05 0 0 0 1</matrix>
                                      <node id="B_L_Finger22"  name="B_L_Finger22" type="NODE">
                                        <matrix sid="matrix">0.44828618 -0.89389008 3.606478e-08 5.1996307 0.89389008 0.44828618 2.0487495e-07 2.2888184e-05 -1.9930303e-07 -5.9604659e-08 1 0 0 0 0 1</matrix>
                                      </node>
                                    </node>
                                  </node>
                                  <node id="B_L_Finger3"  name="B_L_Finger3" type="NODE">
                                    <matrix sid="matrix">0.13847044 -0.99036652 0.00029714688 11.814056 0.99036658 0.13847046 5.9196562e-05 1.9342422 -9.9772355e-05 0.00028608734 0.99999994 4.6002426 0 0 0 1</matrix>
                                    <node id="B_L_Finger31"  name="B_L_Finger31" type="NODE">
                                      <matrix sid="matrix">-0.058766864 -0.99827176 -8.4079318e-07 4.4567986 0.99827176 -0.058766864 -1.1690181e-06 1.5258789e-05 1.1175869e-06 -9.0803957e-07 1 3.8146973e-06 0 0 0 1</matrix>
                                      <node id="B_L_Finger32"  name="B_L_Finger32" type="NODE">
                                        <matrix sid="matrix">-0.058766745 -0.99827176 -1.896438e-06 4.4567719 0.99827176 -0.058766745 -1.6360553e-06 -2.2888184e-05 1.5217803e-06 -1.9893059e-06 1 3.8146973e-06 0 0 0 1</matrix>
                                      </node>
                                    </node>
                                  </node>
                                  <node id="B_L_Finger4"  name="B_L_Finger4" type="NODE">
                                    <matrix sid="matrix">0.14714384 -0.98122936 -0.12465004 11.857193 0.9836868 0.15835439 -0.085347056 4.0528946 0.10348392 -0.11005831 0.98852324 6.5145302 0 0 0 1</matrix>
                                    <node id="B_L_Finger41"  name="B_L_Finger41" type="NODE">
                                      <matrix sid="matrix">-0.18123157 -0.98344046 -2.0605116e-06 3.3276539 0.98344046 -0.18123157 -3.790828e-06 0 3.3546237e-06 -2.7134083e-06 1 1.9073486e-05 0 0 0 1</matrix>
                                      <node id="B_L_Finger42"  name="B_L_Finger42" type="NODE">
                                        <matrix sid="matrix">0.0019773988 -0.99999803 -2.2992949e-06 3.327652 0.99999803 0.0019773988 -3.2234241e-06 -2.2888184e-05 3.2279645e-06 -2.2929164e-06 1 -2.2888184e-05 0 0 0 1</matrix>
                                      </node>
                                    </node>
                                  </node>
                                </node>
                              </node>
                            </node>
                          </node>
                        </node>
                        <node id="B_R_Clavicle"  name="B_R_Clavicle" type="NODE">
                          <matrix sid="matrix">-0.10452852 -0.00079604262 -0.9945215 17.736855 0.00023395466 -0.99999964 0.00077583769 0.074661613 -0.99452186 -0.00015157579 0.10452867 -5.0179634 0 0 0 1</matrix>
                          <node id="B_R_UpperArm"  name="B_R_UpperArm" type="NODE">
                            <matrix sid="matrix">-0.40103272 0.62238383 -0.67216903 17.464664 -0.86648744 -0.019606262 0.49881375 1.5735626e-05 0.29727489 0.78246665 0.54715049 1.5258789e-05 0 0 0 1</matrix>
                            <node id="B_R_Forearm"  name="B_R_Forearm" type="NODE">
                              <matrix sid="matrix">0.39944056 0.91557515 -0.046577122 27.628183 -0.91675907 0.39892471 -0.020293895 7.6293945e-06 1.7881401e-07 0.050806206 0.99870855 0 0 0 0 1</matrix>
                              <node id="B_R_ForeArmTwist"  name="B_R_ForeArmTwist" type="NODE">
                                <matrix sid="matrix">1 5.9527668e-08 -3.028291e-09 11.992626 -5.9604645e-08 0.99870855 -0.050806291 -3.8146973e-06 0 0.050806291 0.99870855 7.6293945e-06 0 0 0 1</matrix>
                                <node id="B_R_Hand"  name="B_R_Hand" type="NODE">
                                  <matrix sid="matrix">0.80650473 -0.058809102 -0.58829546 11.992661 -0.58967483 -0.007942766 -0.80760169 0 0.042821638 0.99823767 -0.041084129 -1.5258789e-05 0 0 0 1</matrix>
                                  <node id="B_R_Finger0"  name="B_R_Finger0" type="NODE">
                                    <matrix sid="matrix">0.80900651 0.13246369 -0.5726794 1.4603119 0.15583247 0.89108133 0.42625141 1.9355469 0.5667668 -0.43408224 0.70024848 2.4376583 0 0 0 1</matrix>
                                    <node id="B_R_Finger01"  name="B_R_Finger01" type="NODE">
                                      <matrix sid="matrix">0.80299306 -0.59598839 -1.9799057e-07 3.7140274 0.59598839 0.80299306 -2.5829246e-07 -1.5258789e-05 3.1292436e-07 8.940696e-08 1 1.5258789e-05 0 0 0 1</matrix>
                                      <node id="B_R_Finger02"  name="B_R_Finger02" type="NODE">
                                        <matrix sid="matrix">0.55218494 -0.83372164 3.384917e-07 5.5299339 0.83372164 0.55218494 1.332736e-07 2.2888184e-05 -2.9802311e-07 2.086162e-07 1 2.2888184e-05 0 0 0 1</matrix>
                                      </node>
                                    </node>
                                  </node>
                                  <node id="B_R_Finger1"  name="B_R_Finger1" type="NODE">
                                    <matrix sid="matrix">0.27254859 -0.95552653 -0.11263383 11.625458 0.92804098 0.23019049 0.292835 3.1205521 -0.25388435 -0.18434057 0.94950587 3.0983524 0 0 0 1</matrix>
                                    <node id="B_R_Finger11"  name="B_R_Finger11" type="NODE">
                                      <matrix sid="matrix">-0.25881937 -0.96592575 -1.1219485e-07 4.4568176 0.96592575 -0.25881937 8.504486e-09 -7.6293945e-06 -3.7252899e-08 -1.0617077e-07 1 7.6293945e-06 0 0 0 1</matrix>
                                      <node id="B_R_Finger12"  name="B_R_Finger12" type="NODE">
                                        <matrix sid="matrix">0.57357562 -0.81915259 2.1548439e-07 3.3311386 0.81915259 0.57357562 1.5836261e-07 -3.8146973e-06 -2.5331974e-07 8.568167e-08 1 -1.5258789e-05 0 0 0 1</matrix>
                                      </node>
                                    </node>
                                  </node>
                                  <node id="B_R_Finger2"  name="B_R_Finger2" type="NODE">
                                    <matrix sid="matrix">0.25808468 -0.96503466 -0.045829326 11.814049 0.96096504 0.25152317 0.11524843 2.4381256 -0.0996916 -0.073784232 0.99227887 -0.83571815 0 0 0 1</matrix>
                                    <node id="B_R_Finger21"  name="B_R_Finger21" type="NODE">
                                      <matrix sid="matrix">-0.62068546 -0.7840597 -1.7354478e-07 5.1995964 0.7840597 -0.62068546 -3.2855063e-08 -7.6293945e-06 -8.1956387e-08 -1.5646212e-07 1 -3.4332275e-05 0 0 0 1</matrix>
                                      <node id="B_R_Finger22"  name="B_R_Finger22" type="NODE">
                                        <matrix sid="matrix">0.44828641 -0.89388996 -3.3180061e-08 5.1996078 0.89388996 0.44828641 1.1665995e-07 0 -8.9406996e-08 -8.1956401e-08 1 2.6702881e-05 0 0 0 1</matrix>
                                      </node>
                                    </node>
                                  </node>
                                  <node id="B_R_Finger3"  name="B_R_Finger3" type="NODE">
                                    <matrix sid="matrix">0.1384702 -0.99036652 -0.00029833658 11.814056 0.99036658 0.13847022 -5.9419832e-05 1.9342804 0.00010015815 -0.00028723472 0.99999994 -4.6002522 0 0 0 1</matrix>
                                    <node id="B_R_Finger31"  name="B_R_Finger31" type="NODE">
                                      <matrix sid="matrix">-0.058766864 -0.99827176 -1.0053385e-08 4.4567871 0.99827176 -0.058766864 -2.0956925e-07 -1.5258789e-05 2.0861626e-07 -2.2351736e-08 1 -1.9073486e-06 0 0 0 1</matrix>
                                      <node id="B_R_Finger32"  name="B_R_Finger32" type="NODE">
                                        <matrix sid="matrix">-0.058766864 -0.99827176 6.4839935e-07 4.4568253 0.99827176 -0.058766864 -1.1109923e-07 0 1.4901161e-07 6.4074976e-07 1 -2.0980835e-05 0 0 0 1</matrix>
                                      </node>
                                    </node>
                                  </node>
                                  <node id="B_R_Finger4"  name="B_R_Finger4" type="NODE">
                                    <matrix sid="matrix">0.14714396 -0.98122966 0.12464768 11.857231 0.98368686 0.15835427 0.085347176 4.0529175 -0.10348367 0.11005596 0.98852354 -6.5145645 0 0 0 1</matrix>
                                    <node id="B_R_Finger41"  name="B_R_Finger41" type="NODE">
                                      <matrix sid="matrix">-0.18123135 -0.98344052 2.9304746e-07 3.3276787 0.98344052 -0.18123135 6.2978239e-07 3.0517578e-05 -5.6624413e-07 4.0233104e-07 1 2.6702881e-05 0 0 0 1</matrix>
                                      <node id="B_R_Finger42"  name="B_R_Finger42" type="NODE">
                                        <matrix sid="matrix">0.0019769219 -0.99999803 2.6939861e-07 3.3277054 0.99999803 0.0019769219 5.9551519e-07 4.5776367e-05 -5.9604662e-07 2.6822082e-07 1 -3.8146973e-06 0 0 0 1</matrix>
                                      </node>
                                    </node>
                                  </node>
                                </node>
                              </node>
                            </node>
                          </node>
                        </node>
                        <node id="B_Neck"  name="B_Neck" type="NODE">
                          <matrix sid="matrix">0.9745459 -0.20556866 -0.08945284 27.039749 0.20928557 0.97725385 0.034271069 1.1282327 0.080373071 -0.052119918 0.99540126 0.00061225891 0 0 0 1</matrix>
                          <node id="B_Head"  name="B_Head" type="NODE">
                            <matrix sid="matrix">0.94820386 0.1166549 -0.29546744 10.01931 -0.27651119 0.76095271 -0.58693492 1.4083138 0.15636791 0.63823396 0.75379467 0 0 0 0 1</matrix>
                          </node>
                        </node>
                      </node>
                    </node>
                  </node>
                  <node id="B_L_Thigh"  name="B_L_Thigh" type="NODE">
                    <matrix sid="matrix">-0.22730236 0.77524698 -0.58934343 3.8146973e-06 0.71271485 0.54483193 0.44180951 1.6212463e-05 0.66360468 -0.31960952 -0.67637163 11.161454 0 0 0 1</matrix>
                    <node id="B_L_Calf"  name="B_L_Calf" type="NODE">
                      <matrix sid="matrix">-0.34339032 0.93919277 8.928713e-07 50.282753 -0.93919277 -0.34339032 6.7814785e-06 0 6.6757193e-06 1.4901158e-06 1 7.6293945e-06 0 0 0 1</matrix>
                      <node id="B_L_Foot"  name="B_L_Foot" type="NODE">
                        <matrix sid="matrix">0.65014619 -0.64855254 -0.39584026 39.72813 0.48062286 0.75453675 -0.4468511 0 0.5884825 0.10026868 0.80226839 -7.6293945e-06 0 0 0 1</matrix>
                        <node id="B_L_Toe0"  name="B_L_Toe0" type="NODE">
                          <matrix sid="matrix">-4.3711388e-08 -1 -5.6529259e-08 18.214443 1 -4.3711388e-08 -2.4709723e-15 14.545956 0 -5.6529259e-08 1 0.020648956 0 0 0 1</matrix>
                        </node>
                      </node>
                    </node>
                  </node>
                  <node id="B_R_Thigh"  name="B_R_Thigh" type="NODE">
                    <matrix sid="matrix">-0.58057421 0.40094191 0.70864594 0 0.53461218 0.84416801 -0.039625257 -1.2636185e-05 -0.61410367 0.35584536 -0.70445061 -11.16145 0 0 0 1</matrix>
                    <node id="B_R_Calf"  name="B_R_Calf" type="NODE">
                      <matrix sid="matrix">-0.45702022 0.88945627 -6.6372195e-08 50.282753 -0.88945627 -0.45702022 -4.8242973e-06 9.5367432e-06 -4.3213354e-06 -2.1457665e-06 1 -3.8146973e-06 0 0 0 1</matrix>
                      <node id="B_R_Foot"  name="B_R_Foot" type="NODE">
                        <matrix sid="matrix">0.55178177 -0.76929212 0.32206574 39.728127 0.46332017 0.60386014 0.64860415 1.9073486e-06 -0.69344878 -0.2086684 0.68962759 3.8146973e-06 0 0 0 1</matrix>
                        <node id="B_R_Toe0"  name="B_R_Toe0" type="NODE">
                          <matrix sid="matrix">-0.42301264 -0.90612376 0.00013913529 18.214439 0.90612376 -0.42301264 0.00010988349 14.545956 -4.0712068e-05 0.0001725559 1 -0.020652771 0 0 0 1</matrix>
                        </node>
                      </node>
                    </node>
                  </node>
                </node>
              </node>
            </node>
          </node>
        </node>
      </node>
      <node id="Exporter_aAssimpFbxa_PreRotation"  name="Exporter_$AssimpFbx$_PreRotation" type="NODE">
        <matrix sid="matrix">1 0 0 0 0 -4.3711388e-08 1 0 0 -1 -4.3711388e-08 0 0 0 0 1</matrix>
        <node id="Exporter"  name="Exporter" type="NODE">
          <matrix sid="matrix">1 0 0 0 0 1 0 0 0 0 1 0 0 0 0 1</matrix>
        </node>
      </node>
    </visual_scene>
  </library_visual_scenes>
  <library_animations>
    <animation id="TakeW001AnimId0" name="Take 001">
      <source id="B_Head_matrix-input" name="B_Head_matrix-input">
        <float_array id="B_Head_matrix-input-array" count="61"> 0 1 2 3 4 5 6 7 8 9 10 11 12 13 14 15 16 17 18 19 20 21 22 23 24 25 26 27 28 29 30 31 32 33 34 35 36 37 38 39 40 41 42 43 44 45 46 47 48 49 50 51 52 53 54 55 56 57 58 59 60 </float_array>
        <technique_common>
          <accessor count="61" offset="0" source="#B_Head_matrix-input-array" stride="1">
            <param name="TIME" type="float" />
          </accessor>
        </technique_common>
      </source>
      <source id="B_Head_matrix-output" name="B_Head_matrix-output">
        <float_array id="B_Head_matrix-output-array" count="976"> 0.94820386 0.11665489 -0.29546741 10.01931 -0.27651116 0.76095259 -0.58693486 1.4083138 0.1563679 0.63823396 0.75379455 0 0 0 0 1 0.9476977 0.12065293 -0.29548594 10.019318 -0.27950644 0.76070511 -0.58583611 1.4083157 0.15409485 0.63778573 0.75464171 0 0 0 0 1 0.94668221 0.12690361 -0.2961221 10.019318 -0.28454232 0.76041454 -0.58378536 1.4083118 0.1510911 0.63691854 0.75598031 0 0 0 0 1 0.94521052 0.13490304 -0.29728484 10.019318 -0.29119855 0.76006192 -0.58095574 1.4083138 0.14758214 0.6356945 0.75770205 0 0 0 0 1 0.94334012 0.14414708 -0.29888287 10.019302 -0.29905322 0.75963187 -0.57751775 1.4083176 0.14379345 0.63417768 0.75969869 1.9073486e-06 0 0 0 1 0.94113994 0.15413278 -0.30082983 10.019318 -0.30768436 0.75912148 -0.57364184 1.4083157 0.13994937 0.63243788 0.76186383 -1.9073486e-06 0 0 0 1 0.93869603 0.16435926 -0.30304417 10.019318 -0.31667042 0.75854516 -0.5694989 1.4083157 0.13627028 0.6305514 0.76409113 -1.9073486e-06 0 0 0 1 0.93611348 0.17432848 -0.30545193 10.019318 -0.32559136 0.75793689 -0.5652625 1.4083138 0.13297193 0.62860239 0.76627505 0 0 0 0 1 0.93351793 0.18354554 -0.30798611 10.019318 -0.33402932 0.75735116 -0.56110907 1.4083138 0.13026465 0.62668169 0.76831043 0 0 0 0 1 0.93105108 0.19151925 -0.31058735 10.019318 -0.34156922 0.75686085 -0.55721831 1.4083099 0.1283534 0.62488562 0.7700932 -1.9073486e-06 0 0 0 1 0.92886788 0.19776125 -0.31320104 10.01931 -0.34779885 0.75655168 -0.55377376 1.4083176 0.12743782 0.62331367 0.77151769 1.9073486e-06 0 0 0 1 0.92717952 0.20148483 -0.31581992 10.01931 -0.35210195 0.75656867 -0.55102473 1.4083176 0.12791632 0.62209964 0.77241796 0 0 0 0 1 0.92611337 0.20237549 -0.31836841 10.019318 -0.35418761 0.75697446 -0.5491277 1.4083138 0.1298667 0.62131655 0.77272302 0 0 0 0 1 0.92568791 0.20065045 -0.32068858 10.01931 -0.35413352 0.75771868 -0.5481348 1.4083118 0.13300824 0.6209684 0.77246803 0 0 0 0 1 0.9259032 0.19652292 -0.3226178 10.01931 -0.35201815 0.75872809 -0.54810113 1.4083138 0.13706477 0.62105566 0.77168852 0 0 0 0 1 0.92674422 0.19020277 -0.32398811 10.019302 -0.34791964 0.75990963 -0.54908061 1.4083118 0.14176501 0.62157905 0.77041709 1.9073486e-06 0 0 0 1 0.92815852 0.18198608 -0.32465866 10.01931 -0.34200051 0.76115078 -0.55107623 1.4083138 0.14682604 0.62251931 0.76870799 1.9073486e-06 0 0 0 1 0.92997903 0.17252387 -0.32461432 10.019318 -0.33476144 0.76232159 -0.55389553 1.4083138 0.15190034 0.62377959 0.76669747 0 0 0 0 1 0.9320296 0.16256025 -0.32387501 10.019318 -0.32678795 0.76330578 -0.55729175 1.4083138 0.15662219 0.62525088 0.76454622 1.9073486e-06 0 0 0 1 0.9341591 0.15284438 -0.32246801 10.019302 -0.31866524 0.76401365 -0.56101328 1.4083138 0.16062222 0.62683493 0.76241636 -1.9073486e-06 0 0 0 1 0.93624318 0.14413075 -0.32042915 10.019302 -0.31097886 0.76438606 -0.56480622 1.4083138 0.16352563 0.62844265 0.76047313 -1.9073486e-06 0 0 0 1 0.93823439 0.13666825 -0.31786516 10.019318 -0.30396459 0.76445228 -0.56852305 1.4083138 0.16529368 0.63002753 0.75877762 -1.9073486e-06 0 0 0 1 0.94013518 0.1302121 -0.31494543 10.01931 -0.29751977 0.76430202 -0.57212269 1.4083176 0.16621614 0.63157523 0.75728792 -1.9073486e-06 0 0 0 1 0.94191623 0.12477951 -0.31180713 10.01931 -0.29172432 0.76398891 -0.57551491 1.4083157 0.16640477 0.63304859 0.75601488 1.9073486e-06 0 0 0 1 0.94354647 0.12038631 -0.30858877 10.01931 -0.28665978 0.76356429 -0.57861513 1.4083138 0.16597004 0.63441032 0.7549684 1.9073486e-06 0 0 0 1 0.94499338 0.11704738 -0.30543032 10.01931 -0.2824105 0.76307511 -0.58134413 1.4083138 0.16502146 0.63562298 0.75415623 0 0 0 0 1 0.94622225 0.11477742 -0.30247229 10.019302 -0.27906352 0.76256311 -0.58362752 1.4083176 0.16366693 0.63665038 0.75358444 1.9073486e-06 0 0 0 1 0.94719768 0.11359005 -0.29985622 10.019318 -0.27670836 0.76206601 -0.58539557 1.4083138 0.16201507 0.63745803 0.75325859 -1.9073486e-06 0 0 0 1 0.9478814 0.11349855 -0.29772326 10.019318 -0.27543637 0.76161522 -0.58658087 1.4083138 0.1601745 0.63801283 0.75318253 -1.9073486e-06 0 0 0 1 0.94823158 0.11451601 -0.29621416 10.01931 -0.27534002 0.76123697 -0.58711666 1.4083118 0.15825494 0.63828224 0.75335979 1.9073486e-06 0 0 0 1 0.94820392 0.11665493 -0.29546726 10.019318 -0.27651116 0.76095259 -0.5869348 1.4083118 0.15636781 0.6382339 0.75379461 0 0 0 0 1 0.9476977 0.12065295 -0.29548582 10.01931 -0.27950642 0.76070511 -0.58583599 1.4083118 0.15409476 0.63778567 0.75464165 0 0 0 0 1 0.94668204 0.12690367 -0.2961221 10.019318 -0.28454232 0.76041448 -0.58378536 1.4083138 0.15109105 0.63691843 0.75598037 -1.9073486e-06 0 0 0 1 0.9452104 0.13490309 -0.29728469 10.019318 -0.29119849 0.76006192 -0.58095562 1.4083138 0.14758204 0.63569438 0.75770193 -1.9073486e-06 0 0 0 1 0.94334012 0.14414716 -0.2988829 10.01931 -0.29905322 0.75963175 -0.57751781 1.4083157 0.14379337 0.63417757 0.75969893 3.8146973e-06 0 0 0 1 0.94114 0.1541329 -0.30082974 10.019302 -0.30768439 0.75912154 -0.57364172 1.4083138 0.13994926 0.63243777 0.76186395 1.9073486e-06 0 0 0 1 0.93869597 0.1643595 -0.30304402 10.01931 -0.31667045 0.75854522 -0.56949872 1.4083157 0.13627012 0.63055128 0.76409113 0 0 0 0 1 0.9361136 0.17432854 -0.30545175 10.01931 -0.3255913 0.75793701 -0.56526238 1.4083138 0.13297185 0.62860227 0.76627517 0 0 0 0 1 0.93351769 0.18354568 -0.30798602 10.01931 -0.33402929 0.75735128 -0.56110889 1.4083138 0.13026452 0.62668151 0.76831055 1.9073486e-06 0 0 0 1 0.93105096 0.19151944 -0.31058726 10.019325 -0.34156927 0.75686097 -0.55721825 1.4083099 0.12835322 0.62488562 0.77009326 -3.8146973e-06 0 0 0 1 0.92886764 0.19776142 -0.31320089 10.01931 -0.34779882 0.75655168 -0.55377358 1.4083138 0.12743764 0.62331355 0.77151775 -1.9073486e-06 0 0 0 1 0.92717952 0.20148495 -0.31581983 10.019302 -0.35210198 0.75656867 -0.55102462 1.4083157 0.12791623 0.6220994 0.77241826 0 0 0 0 1 0.92611343 0.20237564 -0.31836829 10.019325 -0.35418761 0.75697464 -0.54912758 1.4083118 0.12986659 0.62131655 0.77272308 -1.9073486e-06 0 0 0 1 0.92568791 0.2006506 -0.32068855 10.01931 -0.35413361 0.75771874 -0.54813486 1.4083157 0.13300811 0.62096834 0.77246833 -1.9073486e-06 0 0 0 1 0.9259032 0.19652314 -0.32261768 10.019318 -0.35201821 0.75872833 -0.54810095 1.4083118 0.13706465 0.62105554 0.7716887 0 0 0 0 1 0.92674422 0.19020289 -0.32398811 10.01931 -0.34791967 0.75990963 -0.54908049 1.4083138 0.14176495 0.62157881 0.77041727 1.9073486e-06 0 0 0 1 0.92815852 0.18198623 -0.32465857 10.019318 -0.34200054 0.7611509 -0.55107611 1.4083118 0.14682597 0.62251908 0.76870811 1.9073486e-06 0 0 0 1 0.92997903 0.17252414 -0.32461432 10.019318 -0.33476162 0.76232177 -0.55389535 1.4083138 0.15190029 0.62377936 0.76669776 -3.8146973e-06 0 0 0 1 0.9320296 0.16256048 -0.32387498 10.019325 -0.32678801 0.7633059 -0.55729169 1.4083118 0.15662204 0.62525088 0.76454645 1.9073486e-06 0 0 0 1 0.9341591 0.15284447 -0.32246792 10.01931 -0.31866524 0.76401365 -0.56101322 1.4083157 0.16062211 0.62683487 0.76241648 0 0 0 0 1 0.93624312 0.14413087 -0.32042909 10.01931 -0.31097889 0.76438606 -0.56480598 1.4083157 0.16352558 0.62844253 0.76047301 -1.9073486e-06 0 0 0 1 0.93823439 0.13666838 -0.31786513 10.019318 -0.30396467 0.76445222 -0.56852305 1.4083118 0.16529356 0.63002747 0.75877774 -1.9073486e-06 0 0 0 1 0.9401353 0.13021225 -0.31494543 10.019318 -0.29751995 0.7643019 -0.57212263 1.4083157 0.16621609 0.63157517 0.75728786 1.9073486e-06 0 0 0 1 0.94191623 0.12477975 -0.31180719 10.019318 -0.29172447 0.76398909 -0.57551473 1.4083118 0.16640477 0.63304842 0.75601506 1.9073486e-06 0 0 0 1 0.94354665 0.1203863 -0.30858883 10.01931 -0.28665987 0.76356435 -0.57861513 1.4083157 0.16597013 0.63441032 0.75496835 1.9073486e-06 0 0 0 1 0.94499308 0.11704743 -0.30543035 10.019302 -0.28241056 0.76307487 -0.58134383 1.4083138 0.16502146 0.6356228 0.75415599 0 0 0 0 1 0.94622219 0.11477741 -0.30247226 10.019302 -0.27906355 0.76256299 -0.5836274 1.4083176 0.16366695 0.6366502 0.75358433 1.9073486e-06 0 0 0 1 0.94719774 0.11359005 -0.29985628 10.019318 -0.27670839 0.76206613 -0.58539557 1.4083138 0.16201514 0.63745803 0.75325871 -1.9073486e-06 0 0 0 1 0.94788116 0.11349854 -0.29772329 10.019318 -0.27543637 0.76161516 -0.58658069 1.4083138 0.16017456 0.63801265 0.75318235 0 0 0 0 1 0.94823176 0.11451595 -0.29621428 10.01931 -0.27534002 0.7612372 -0.58711672 1.4083138 0.15825509 0.6382823 0.75336003 1.9073486e-06 0 0 0 1 0.94820386 0.11665489 -0.29546741 10.01931 -0.27651116 0.76095259 -0.58693486 1.4083138 0.1563679 0.63823396 0.75379455 0 0 0 0 1 </float_array>
        <technique_common>
          <accessor count="61" offset="0" source="#B_Head_matrix-output-array" stride="16">
            <param name="TRANSFORM" type="float4x4" />
          </accessor>
        </technique_common>
      </source>
      <source id="B_Head_matrix-interpolation">
        <Name_array id="B_Head_matrix-interpolation-array" count="61"> LINEAR LINEAR LINEAR LINEAR LINEAR LINEAR LINEAR LINEAR LINEAR LINEAR LINEAR LINEAR LINEAR LINEAR LINEAR LINEAR LINEAR LINEAR LINEAR LINEAR LINEAR LINEAR LINEAR LINEAR LINEAR LINEAR LINEAR LINEAR LINEAR LINEAR LINEAR LINEAR LINEAR LINEAR LINEAR LINEAR LINEAR LINEAR LINEAR LINEAR LINEAR LINEAR LINEAR LINEAR LINEAR LINEAR LINEAR LINEAR LINEAR LINEAR LINEAR LINEAR LINEAR LINEAR LINEAR LINEAR LINEAR LINEAR LINEAR LINEAR LINEAR </Name_array>
        <technique_common>
          <accessor source="#B_Head_matrix-interpolation-array" count="61" stride="1">
            <param name="INTERPOLATION" type="name"></param>
          </accessor>
        </technique_common>
      </source>
      <source id="B_L_Calf_matrix-input" name="B_L_Calf_matrix-input">
        <float_array id="B_L_Calf_matrix-input-array" count="61"> 0 1 2 3 4 5 6 7 8 9 10 11 12 13 14 15 16 17 18 19 20 21 22 23 24 25 26 27 28 29 30 31 32 33 34 35 36 37 38 39 40 41 42 43 44 45 46 47 48 49 50 51 52 53 54 55 56 57 58 59 60 </float_array>
        <technique_common>
          <accessor count="61" offset="0" source="#B_L_Calf_matrix-input-array" stride="1">
            <param name="TIME" type="float" />
          </accessor>
        </technique_common>
      </source>
      <source id="B_L_Calf_matrix-output" name="B_L_Calf_matrix-output">
