<?xml version="1.0" encoding="UTF-8" standalone="no" ?>
<COLLADA xmlns="http://www.collada.org/2005/11/COLLADASchema" version="1.4.1">
  <asset>
    <contributor>
      <author>Assimp</author>
      <authoring_tool>FBX SDK/FBX Plugins version 2013.1</authoring_tool>
    </contributor>
    <created>2020-08-21T10:31:54</created>
    <modified>2020-08-21T10:31:54</modified>
    <unit name="meter" meter="1" />
    <up_axis>Y_UP</up_axis>
  </asset>
  <library_geometries>
  </library_geometries>
  <library_controllers>
  </library_controllers>
  <library_visual_scenes>
    <visual_scene id="RootNode" name="RootNode">
      <node id="Motion_aAssimpFbxa_Translation"  name="Motion_$AssimpFbx$_Translation" type="NODE">
        <matrix sid="matrix">1 0 0 9.92585e-07 0 1 0 0 0 0 1 -0.17328988 0 0 0 1</matrix>
        <node id="Motion_aAssimpFbxa_PreRotation"  name="Motion_$AssimpFbx$_PreRotation" type="NODE">
          <matrix sid="matrix">1 0 0 0 0 -4.3711388e-08 1 0 0 -1 -4.3711388e-08 0 0 0 0 1</matrix>
          <node id="Motion_aAssimpFbxa_Rotation"  name="Motion_$AssimpFbx$_Rotation" type="NODE">
            <matrix sid="matrix">1.3868001e-06 1 0 0 -1 1.3868001e-06 0 0 0 0 1 0 0 0 0 1</matrix>
            <node id="Motion_aAssimpFbxa_Scaling"  name="Motion_$AssimpFbx$_Scaling" type="NODE">
              <matrix sid="matrix">1 0 0 0 0 1 0 0 0 0 1 0 0 0 0 1</matrix>
              <node id="Motion"  name="Motion" type="NODE">
                <matrix sid="matrix">1 0 0 0 0 1 0 0 0 0 1 0 0 0 0 1</matrix>
                <node id="B_Pelvis"  name="B_Pelvis" type="NODE">
                  <matrix sid="matrix">-4.3711388e-08 0.60876256 0.79335248 0.17328635 0 -0.79335248 0.60876256 -2.785001 1 2.6609857e-08 3.4678539e-08 57.200001 0 0 0 1</matrix>
                  <node id="B_Spine"  name="B_Spine" type="NODE">
                    <matrix sid="matrix">0.99823147 0.047404021 -0.035873104 7.6763 -0.037805334 0.97190607 0.23231287 -1.6268333 0.045877852 -0.2305458 0.97197938 0.0023460388 0 0 0 1</matrix>
                    <node id="B_Spine1"  name="B_Spine1" type="NODE">
                      <matrix sid="matrix">0.99970514 -0.02419875 0.0019994171 12.747765 0.024175989 0.99965024 0.010716195 -0.014276028 -0.0022580363 -0.010664698 0.99994057 0.00015211105 0 0 0 1</matrix>
                      <node id="B_Spine2"  name="B_Spine2" type="NODE">
                        <matrix sid="matrix">0.9988209 -0.048403617 0.0037315516 17.935455 0.048312027 0.99859816 0.021625685 -0.026443481 -0.0047730817 -0.021419907 0.9997592 0.00054788589 0 0 0 1</matrix>
                        <node id="B_L_Clavicle"  name="B_L_Clavicle" type="NODE">
                          <matrix sid="matrix">-0.01759069 -0.00078458339 0.99984491 17.736847 -0.17375681 -0.98478109 -0.0038297325 0.073140621 0.98463148 -0.17379723 0.017186653 5.0180159 0 0 0 1</matrix>
                          <node id="B_L_UpperArm"  name="B_L_UpperArm" type="NODE">
                            <matrix sid="matrix">0.67658812 0.40229225 0.61675727 17.464661 -0.50647604 0.86222726 -0.0067963004 5.6028366e-06 -0.53451902 -0.30777445 0.78712404 0 0 0 0 1</matrix>
                            <node id="B_L_Forearm"  name="B_L_Forearm" type="NODE">
                              <matrix sid="matrix">-0.13640109 0.98478979 0.10762814 27.628181 -0.99065369 -0.13559364 -0.014819607 -1.9073486e-06 -5.0663959e-07 -0.10864362 0.99408078 -2.2888184e-05 0 0 0 1</matrix>
                              <node id="B_L_ForeArmTwist"  name="B_L_ForeArmTwist" type="NODE">
                                <matrix sid="matrix">1 2.9140464e-08 -2.6663309e-07 11.992638 0 0.99408078 0.10864358 -1.1444092e-05 2.6822076e-07 -0.10864358 0.99408078 3.0517578e-05 0 0 0 1</matrix>
                                <node id="B_L_Hand"  name="B_L_Hand" type="NODE">
                                  <matrix sid="matrix">0.96626538 -0.095601328 0.23914778 11.992645 -0.24727389 -0.08470796 0.96523589 0 -0.072020099 -0.99180895 -0.10549008 0 0 0 0 1</matrix>
                                  <node id="B_L_Finger0"  name="B_L_Finger0" type="NODE">
                                    <matrix sid="matrix">0.80900651 0.1324642 0.5726794 1.4603271 0.15583234 0.89108109 -0.42625195 1.9355469 -0.56676692 0.4340826 0.70024818 -2.4376564 0 0 0 1</matrix>
                                    <node id="B_L_Finger01"  name="B_L_Finger01" type="NODE">
                                      <matrix sid="matrix">0.80299312 -0.59598833 -2.0126572e-07 3.7140007 0.59598833 0.80299312 -1.9481966e-08 0 1.73226e-07 -1.0430813e-07 1 -2.6702881e-05 0 0 0 1</matrix>
                                      <node id="B_L_Finger02"  name="B_L_Finger02" type="NODE">
                                        <matrix sid="matrix">0.55218464 -0.83372188 5.6832505e-08 5.5299311 0.83372188 0.55218464 -1.8947812e-09 7.6293945e-06 -2.9802317e-08 4.842877e-08 1 2.2888184e-05 0 0 0 1</matrix>
                                      </node>
                                    </node>
                                  </node>
                                  <node id="B_L_Finger1"  name="B_L_Finger1" type="NODE">
                                    <matrix sid="matrix">0.27254933 -0.95552629 0.11263385 11.625465 0.92804062 0.23019111 -0.29283556 3.1205444 0.25388476 0.18434092 0.94950569 -3.0983543 0 0 0 1</matrix>
                                    <node id="B_L_Finger11"  name="B_L_Finger11" type="NODE">
                                      <matrix sid="matrix">-0.25881925 -0.96592575 7.093368e-08 4.4568329 0.96592575 -0.25881925 8.0713917e-08 0 -5.9604652e-08 8.9406988e-08 1 1.9073486e-05 0 0 0 1</matrix>
                                      <node id="B_L_Finger12"  name="B_L_Finger12" type="NODE">
                                        <matrix sid="matrix">0.57357568 -0.81915259 2.8563295e-07 3.3311615 0.81915259 0.57357568 -1.6362006e-07 -2.2888184e-05 -2.9802317e-08 3.2782543e-07 1 -1.9073486e-05 0 0 0 1</matrix>
                                      </node>
                                    </node>
                                  </node>
                                  <node id="B_L_Finger2"  name="B_L_Finger2" type="NODE">
                                    <matrix sid="matrix">0.25808534 -0.96503454 0.045829315 11.814079 0.9609648 0.25152376 -0.11524954 2.4381104 0.09969262 0.073784575 0.99227881 0.83572388 0 0 0 1</matrix>
                                    <node id="B_L_Finger21"  name="B_L_Finger21" type="NODE">
                                      <matrix sid="matrix">-0.62068564 -0.78405952 5.9170753e-07 5.1996231 0.78405952 -0.62068564 1.1681885e-07 1.5258789e-05 2.7567143e-07 5.3644169e-07 1 1.1444092e-05 0 0 0 1</matrix>
                                      <node id="B_L_Finger22"  name="B_L_Finger22" type="NODE">
                                        <matrix sid="matrix">0.44828641 -0.89388996 1.0679987e-07 5.1996269 0.89388996 0.44828641 1.4648002e-07 1.5258789e-05 -1.7881395e-07 2.9802326e-08 1 -3.8146973e-06 0 0 0 1</matrix>
                                      </node>
                                    </node>
                                  </node>
                                  <node id="B_L_Finger3"  name="B_L_Finger3" type="NODE">
                                    <matrix sid="matrix">0.1384709 -0.99036646 0.00029725357 11.814064 0.99036652 0.13847092 5.8344838e-05 1.9342575 -9.8943747e-05 0.00028631091 0.99999994 4.6002426 0 0 0 1</matrix>
                                    <node id="B_L_Finger31"  name="B_L_Finger31" type="NODE">
                                      <matrix sid="matrix">-0.058766745 -0.99827176 -9.117216e-07 4.4568024 0.99827176 -0.058766745 -1.2478283e-06 1.5258789e-05 1.1920928e-06 -9.8347675e-07 1 0 0 0 0 1</matrix>
                                      <node id="B_L_Finger32"  name="B_L_Finger32" type="NODE">
                                        <matrix sid="matrix">-0.058766745 -0.99827176 -1.8847423e-06 4.4567719 0.99827176 -0.058766745 -1.4543781e-06 -1.5258789e-05 1.3411043e-06 -1.9669542e-06 1 7.6293945e-06 0 0 0 1</matrix>
                                      </node>
                                    </node>
                                  </node>
                                  <node id="B_L_Finger4"  name="B_L_Finger4" type="NODE">
                                    <matrix sid="matrix">0.14714442 -0.98122925 -0.12464997 11.857193 0.98368663 0.15835504 -0.085347764 4.0529099 0.10348468 -0.11005807 0.98852319 6.514534 0 0 0 1</matrix>
                                    <node id="B_L_Finger41"  name="B_L_Finger41" type="NODE">
                                      <matrix sid="matrix">-0.18123157 -0.98344046 -2.0995858e-06 3.3276596 0.98344046 -0.18123157 -3.7355267e-06 7.6293945e-06 3.2931566e-06 -2.7418128e-06 1 7.6293945e-06 0 0 0 1</matrix>
                                      <node id="B_L_Finger42"  name="B_L_Finger42" type="NODE">
                                        <matrix sid="matrix">0.0019773988 -0.99999803 -2.3758209e-06 3.3276596 0.99999803 0.0019773988 -3.3033666e-06 -3.0517578e-05 3.3080582e-06 -2.3692842e-06 1 -1.5258789e-05 0 0 0 1</matrix>
                                      </node>
                                    </node>
                                  </node>
                                </node>
                              </node>
                            </node>
                          </node>
                        </node>
                        <node id="B_R_Clavicle"  name="B_R_Clavicle" type="NODE">
                          <matrix sid="matrix">-0.10452852 -0.00079348963 -0.9945215 17.736839 0.00023380516 -0.99999964 0.00077328645 0.074661493 -0.99452186 -0.00015169379 0.10452867 -5.0179629 0 0 0 1</matrix>
                          <node id="B_R_UpperArm"  name="B_R_UpperArm" type="NODE">
                            <matrix sid="matrix">0.65678841 0.18435106 -0.7311933 17.464645 -0.58112288 0.74166936 -0.33499658 9.5367432e-06 0.48054674 0.64493501 0.59425044 0 0 0 0 1</matrix>
                            <node id="B_R_Forearm"  name="B_R_Forearm" type="NODE">
                              <matrix sid="matrix">0.12578572 0.99193633 -0.0154997 27.628189 -0.99205744 0.12577038 -0.0019653402 0 -8.9407031e-08 0.015623804 0.99987793 7.6293945e-06 0 0 0 1</matrix>
                              <node id="B_R_ForeArmTwist"  name="B_R_ForeArmTwist" type="NODE">
                                <matrix sid="matrix">1 -5.9131743e-08 3.0729936e-08 11.992638 5.9604645e-08 0.99987793 -0.015623779 -1.1444092e-05 -2.9802322e-08 0.015623779 0.99987793 0 0 0 0 1</matrix>
                                <node id="B_R_Hand"  name="B_R_Hand" type="NODE">
                                  <matrix sid="matrix">0.86458021 -0.066816978 -0.49803266 11.992661 -0.49769527 0.022792552 -0.86705244 -7.6293945e-06 0.069285259 0.99750489 -0.013548504 -2.2888184e-05 0 0 0 1</matrix>
                                  <node id="B_R_Finger0"  name="B_R_Finger0" type="NODE">
                                    <matrix sid="matrix">0.80900645 0.13246432 -0.57267946 1.4603119 0.15583201 0.89108133 0.42625165 1.9355469 0.5667671 -0.43408215 0.70024836 2.437664 0 0 0 1</matrix>
                                    <node id="B_R_Finger01"  name="B_R_Finger01" type="NODE">
                                      <matrix sid="matrix">0.80299306 -0.59598833 -3.2774687e-07 3.7140121 0.59598833 0.80299306 1.6541776e-08 -1.9073486e-05 2.533198e-07 -2.0861627e-07 1 -7.6293945e-06 0 0 0 1</matrix>
                                      <node id="B_R_Finger02"  name="B_R_Finger02" type="NODE">
                                        <matrix sid="matrix">0.55218476 -0.83372176 1.6553737e-07 5.5299406 0.83372176 0.55218476 -7.3891449e-08 1.5258789e-05 -2.9802312e-08 1.7881385e-07 1 3.0517578e-05 0 0 0 1</matrix>
                                      </node>
                                    </node>
                                  </node>
                                  <node id="B_R_Finger1"  name="B_R_Finger1" type="NODE">
                                    <matrix sid="matrix">0.2725476 -0.95552677 -0.11263409 11.62545 0.92804128 0.23018953 0.29283473 3.1205444 -0.25388423 -0.18434048 0.94950587 3.0983524 0 0 0 1</matrix>
                                    <node id="B_R_Finger11"  name="B_R_Finger11" type="NODE">
                                      <matrix sid="matrix">-0.25881937 -0.96592575 -1.8006416e-07 4.4568214 0.96592575 -0.25881937 -2.6072058e-08 -7.6293945e-06 -2.1420416e-08 -1.8067655e-07 1 7.6293945e-06 0 0 0 1</matrix>
                                      <node id="B_R_Finger12"  name="B_R_Finger12" type="NODE">
                                        <matrix sid="matrix">0.57357585 -0.81915247 1.9965557e-07 3.331131 0.81915247 0.57357585 7.486733e-08 0 -1.7584536e-07 1.2060626e-07 1 -7.6293945e-06 0 0 0 1</matrix>
                                      </node>
                                    </node>
                                  </node>
                                  <node id="B_R_Finger2"  name="B_R_Finger2" type="NODE">
                                    <matrix sid="matrix">0.25808364 -0.96503502 -0.045829255 11.814041 0.96096539 0.25152221 0.11524795 2.4381104 -0.099691227 -0.073783942 0.99227899 -0.83572197 0 0 0 1</matrix>
                                    <node id="B_R_Finger21"  name="B_R_Finger21" type="NODE">
                                      <matrix sid="matrix">-0.62068564 -0.78405952 -1.2096953e-07 5.1995926 0.78405952 -0.62068564 8.7650918e-09 -2.2888184e-05 -8.1956401e-08 -8.9406946e-08 1 -3.0517578e-05 0 0 0 1</matrix>
                                      <node id="B_R_Finger22"  name="B_R_Finger22" type="NODE">
                                        <matrix sid="matrix">0.44828618 -0.89389008 -1.6659996e-08 5.1996117 0.89389008 0.44828618 1.998357e-11 7.6293945e-06 7.4505824e-09 -1.4901163e-08 1 2.6702881e-05 0 0 0 1</matrix>
                                      </node>
                                    </node>
                                  </node>
                                  <node id="B_R_Finger3"  name="B_R_Finger3" type="NODE">
                                    <matrix sid="matrix">0.13846914 -0.9903667 -0.0002981867 11.814049 0.99036676 0.13846916 -5.985488e-05 1.9342575 0.00010056794 -0.00028702614 0.99999994 -4.6002522 0 0 0 1</matrix>
                                    <node id="B_R_Finger31"  name="B_R_Finger31" type="NODE">
                                      <matrix sid="matrix">-0.058766745 -0.99827176 7.0055419e-09 4.4567947 0.99827176 -0.058766745 -1.1900327e-07 0 1.1920929e-07 0 1 -1.9073486e-06 0 0 0 1</matrix>
                                      <node id="B_R_Finger32"  name="B_R_Finger32" type="NODE">
                                        <matrix sid="matrix">-0.058766864 -0.99827176 6.1864841e-07 4.4568176 0.99827176 -0.058766864 -1.1285061e-07 1.5258789e-05 1.490116e-07 6.1094732e-07 1 -3.8146973e-06 0 0 0 1</matrix>
                                      </node>
                                    </node>
                                  </node>
                                  <node id="B_R_Finger4"  name="B_R_Finger4" type="NODE">
                                    <matrix sid="matrix">0.1471428 -0.98122984 0.12464789 11.857208 0.98368704 0.15835311 0.085346922 4.0529022 -0.10348332 0.11005633 0.98852354 -6.5145664 0 0 0 1</matrix>
                                    <node id="B_R_Finger41"  name="B_R_Finger41" type="NODE">
                                      <matrix sid="matrix">-0.18123135 -0.98344052 2.3518426e-07 3.3276711 0.98344052 -0.18123135 8.6155251e-07 3.0517578e-05 -8.0466282e-07 3.8743002e-07 1 3.4332275e-05 0 0 0 1</matrix>
                                      <node id="B_R_Finger42"  name="B_R_Finger42" type="NODE">
                                        <matrix sid="matrix">0.0019769219 -0.99999803 3.5904102e-07 3.3276978 0.99999803 0.0019769219 7.1454735e-07 3.8146973e-05 -7.1525579e-07 3.5762773e-07 1 -7.6293945e-06 0 0 0 1</matrix>
                                      </node>
                                    </node>
                                  </node>
                                </node>
                              </node>
                            </node>
                          </node>
                        </node>
                        <node id="B_Neck"  name="B_Neck" type="NODE">
                          <matrix sid="matrix">0.9745459 -0.20556875 -0.089452833 27.039757 0.20928566 0.97725385 0.034271009 1.1282322 0.080373071 -0.052119862 0.99540126 0.00061249733 0 0 0 1</matrix>
                          <node id="B_Head"  name="B_Head" type="NODE">
                            <matrix sid="matrix">0.98408651 0.17358993 -0.037950341 10.019302 -0.16961543 0.85404319 -0.49177313 1.4083138 -0.052955639 0.49038428 0.86989594 0 0 0 0 1</matrix>
                          </node>
                        </node>
                      </node>
                    </node>
                  </node>
                  <node id="B_L_Thigh"  name="B_L_Thigh" type="NODE">
                    <matrix sid="matrix">-0.22772369 0.77479303 -0.58977765 0 0.71230316 0.54552227 0.44162157 1.6450882e-05 0.66390216 -0.31953281 -0.67611587 11.161453 0 0 0 1</matrix>
                    <node id="B_L_Calf"  name="B_L_Calf" type="NODE">
                      <matrix sid="matrix">-0.34017819 0.94036102 8.5954935e-07 50.282757 -0.94036102 -0.34017819 6.756467e-06 0 6.6459174e-06 1.4901159e-06 1 7.6293945e-06 0 0 0 1</matrix>
                      <node id="B_L_Foot"  name="B_L_Foot" type="NODE">
                        <matrix sid="matrix">0.65112096 -0.64614153 -0.39817411 39.728127 0.47771233 0.75656664 -0.44653994 -3.8146973e-06 0.58977324 0.10053883 0.80128616 -3.8146973e-06 0 0 0 1</matrix>
                        <node id="B_L_Toe0"  name="B_L_Toe0" type="NODE">
                          <matrix sid="matrix">-4.3711388e-08 -1 -5.6529238e-08 18.214445 1 -4.3711388e-08 -2.4709715e-15 14.545956 0 -5.6529238e-08 1 0.020645142 0 0 0 1</matrix>
                        </node>
                      </node>
                    </node>
                  </node>
                  <node id="B_R_Thigh"  name="B_R_Thigh" type="NODE">
                    <matrix sid="matrix">-0.57820654 0.34574127 0.73901296 0 0.47583592 0.87867838 -0.038786829 -1.3113022e-05 -0.66276497 0.32922214 -0.67257375 -11.161449 0 0 0 1</matrix>
                    <node id="B_R_Calf"  name="B_R_Calf" type="NODE">
                      <matrix sid="matrix">-0.39429376 0.91898447 -1.3793294e-07 50.282749 -0.91898447 -0.39429376 -4.7809399e-06 3.8146973e-06 -4.4479957e-06 -1.7583366e-06 1 -3.8146973e-06 0 0 0 1</matrix>
                      <node id="B_R_Foot"  name="B_R_Foot" type="NODE">
                        <matrix sid="matrix">0.61651111 -0.74784845 0.24624529 39.72813 0.52960879 0.62531817 0.57314187 -1.9073486e-06 -0.58260494 -0.22293469 0.78158271 7.6293945e-06 0 0 0 1</matrix>
                        <node id="B_R_Toe0"  name="B_R_Toe0" type="NODE">
                          <matrix sid="matrix">-0.51018929 -0.83949631 0.18695664 18.214439 0.85674167 -0.51514983 0.024786673 14.545954 0.075502351 0.17281944 0.98205549 -0.020652771 0 0 0 1</matrix>
                        </node>
                      </node>
                    </node>
                  </node>
                </node>
              </node>
            </node>
          </node>
        </node>
      </node>
      <node id="Exporter_aAssimpFbxa_PreRotation"  name="Exporter_$AssimpFbx$_PreRotation" type="NODE">
        <matrix sid="matrix">1 0 0 0 0 -4.3711388e-08 1 0 0 -1 -4.3711388e-08 0 0 0 0 1</matrix>
        <node id="Exporter"  name="Exporter" type="NODE">
          <matrix sid="matrix">1 0 0 0 0 1 0 0 0 0 1 0 0 0 0 1</matrix>
        </node>
      </node>
    </visual_scene>
  </library_visual_scenes>
  <library_animations>
    <animation id="TakeW001AnimId0" name="Take 001">
      <source id="B_Head_matrix-input" name="B_Head_matrix-input">
        <float_array id="B_Head_matrix-input-array" count="13"> 0 1 2 3 4 5 6 7 8 9 10 11 12 </float_array>
        <technique_common>
          <accessor count="13" offset="0" source="#B_Head_matrix-input-array" stride="1">
            <param name="TIME" type="float" />
          </accessor>
        </technique_common>
      </source>
      <source id="B_Head_matrix-output" name="B_Head_matrix-output">
        <float_array id="B_Head_matrix-output-array" count="208"> 0.98408645 0.17358994 -0.037950344 10.019302 -0.16961543 0.85404319 -0.49177322 1.4083138 -0.052955642 0.49038431 0.86989605 0 0 0 0 1 0.8610186 -0.11735107 -0.49484915 10.019318 -0.37210399 0.51790756 -0.77026677 1.4083138 0.34667757 0.84734923 0.40226141 3.8146973e-06 0 0 0 1 0.61710846 0.20040792 -0.76092941 10.01931 -0.69829422 0.58523089 -0.4121775 1.4083099 0.36271593 0.78571105 0.50109422 -7.6293945e-06 0 0 0 1 0.39964783 0.79920322 0.44894981 10.01931 -0.86505926 0.49083412 -0.10370179 1.4083176 -0.30323872 -0.34692422 0.88751864 0 0 0 0 1 0.36307198 0.78832626 0.49670941 10.019318 -0.84631056 0.50201988 -0.1781404 1.4083138 -0.38979065 -0.35569242 0.84943908 -3.8146973e-06 0 0 0 1 0.35457224 0.7807228 0.514539 10.01931 -0.81166863 0.53018814 -0.24514139 1.4083099 -0.46418992 -0.33071485 0.82167834 -3.8146973e-06 0 0 0 1 0.37041771 0.77467477 0.5125128 10.01931 -0.76403809 0.56789273 -0.30617625 1.4083214 -0.52823979 -0.27816612 0.80223835 7.6293945e-06 0 0 0 1 0.40508854 0.76597989 0.49917725 10.01931 -0.70573896 0.60906982 -0.36189288 1.4083214 -0.5812366 -0.20569013 0.78730911 3.8146973e-06 0 0 0 1 0.45210212 0.75003552 0.48275349 10.019302 -0.63912165 0.6499325 -0.41123107 1.4083138 -0.62219405 -0.12261994 0.77320021 0 0 0 0 1 0.50459027 0.72310865 0.47170198 10.01931 -0.56658137 0.68959475 -0.45104876 1.4083176 -0.65144128 -0.039662708 0.75766158 0 0 0 0 1 0.55577427 0.68260586 0.4745149 10.019318 -0.49033728 0.73009229 -0.47595662 1.4083214 -0.67133063 0.031852096 0.74047333 7.6293945e-06 0 0 0 1 0.83162957 0.47639596 0.28537521 10.019302 -0.30246761 0.81954491 -0.48668206 1.4083157 -0.46573111 0.31842241 0.82565236 0 0 0 0 1 0.98408645 0.17358993 -0.037950326 10.019302 -0.16961539 0.85404319 -0.49177322 1.4083138 -0.052955646 0.49038431 0.86989605 0 0 0 0 1 </float_array>
        <technique_common>
          <accessor count="13" offset="0" source="#B_Head_matrix-output-array" stride="16">
            <param name="TRANSFORM" type="float4x4" />
          </accessor>
        </technique_common>
      </source>
      <source id="B_Head_matrix-interpolation">
        <Name_array id="B_Head_matrix-interpolation-array" count="13"> LINEAR LINEAR LINEAR LINEAR LINEAR LINEAR LINEAR LINEAR LINEAR LINEAR LINEAR LINEAR LINEAR </Name_array>
        <technique_common>
          <accessor source="#B_Head_matrix-interpolation-array" count="13" stride="1">
            <param name="INTERPOLATION" type="name"></param>
          </accessor>
        </technique_common>
      </source>
      <source id="B_L_Calf_matrix-input" name="B_L_Calf_matrix-input">
        <float_array id="B_L_Calf_matrix-input-array" count="13"> 0 1 2 3 4 5 6 7 8 9 10 11 12 </float_array>
        <technique_common>
          <accessor count="13" offset="0" source="#B_L_Calf_matrix-input-array" stride="1">
            <param name="TIME" type="float" />
          </accessor>
        </technique_common>
      </source>
      <source id="B_L_Calf_matrix-output" name="B_L_Calf_matrix-output">
        <float_array id="B_L_Calf_matrix-output-array" count="208"> -0.34017816 0.94036114 8.5954969e-07 50.282757 -0.94036114 -0.34017816 6.7564674e-06 0 6.6459188e-06 1.4901159e-06 1.0000001 7.6293945e-06 0 0 0 1 0.89646333 0.44311848 3.3850233e-07 50.282745 -0.44311848 0.89646333 7.9484516e-06 -1.9073486e-06 3.2186508e-06 -7.2754924e-06 1 7.6293945e-06 0 0 0 1 0.47681141 0.87900591 7.7395441e-07 50.282757 -0.87900579 0.47681147 7.5736939e-06 -1.9073486e-06 6.2882891e-06 -4.291534e-06 1.0000001 3.8146973e-06 0 0 0 1 -0.83424079 0.55140048 5.0954156e-07 50.282753 -0.55140048 -0.83424079 6.302676e-06 3.8146973e-06 3.9003789e-06 4.9769878e-06 1 0 0 0 0 1 -0.85115993 0.52490664 5.6808688e-07 50.282749 -0.52490664 -0.85115993 6.2326508e-06 3.8146973e-06 3.7550926e-06 5.0067897e-06 1 3.8146973e-06 0 0 0 1 -0.8585254 0.51277119 5.3141287e-07 50.282753 -0.51277119 -0.8585254 6.2880986e-06 0 3.6805873e-06 5.1259995e-06 1 3.8146973e-06 0 0 0 1 -0.86641955 0.49931762 5.2417465e-07 50.282753 -0.49931756 -0.86641961 6.2527815e-06 3.8146973e-06 3.5762782e-06 5.1558013e-06 1 3.8146973e-06 0 0 0 1 -0.87617999 0.48198467 5.2832411e-07 50.282749 -0.48198479 -0.87617981 6.2430681e-06 0 3.4719708e-06 5.215406e-06 1 3.8146973e-06 0 0 0 1 -0.88462478 0.46630427 4.9442286e-07 50.282757 -0.46630433 -0.88462472 6.1562369e-06 -3.8146973e-06 3.308058e-06 5.2154069e-06 1.0000001 0 0 0 0 1 -0.88723844 0.46131217 4.8627788e-07 50.282753 -0.46131217 -0.88723844 6.3326247e-06 7.6293945e-06 3.3527606e-06 5.3942208e-06 1.0000001 0 0 0 0 1 -0.88029265 0.47443119 4.2254635e-07 50.282753 -0.47443125 -0.88029253 6.2200679e-06 0 3.3229589e-06 5.2750102e-06 1 3.8146973e-06 0 0 0 1 -0.73014313 0.68329424 6.9455155e-07 50.282757 -0.68329436 -0.73014301 6.3235616e-06 -3.8146973e-06 4.8279762e-06 4.142521e-06 1 0 0 0 0 1 -0.34017837 0.94036114 9.5376345e-07 50.282753 -0.9403609 -0.34017846 6.7540755e-06 -3.8146973e-06 6.6757184e-06 1.400709e-06 1 7.6293945e-06 0 0 0 1 </float_array>
        <technique_common>
          <accessor count="13" offset="0" source="#B_L_Calf_matrix-output-array" stride="16">
            <param name="TRANSFORM" type="float4x4" />
          </accessor>
        </technique_common>
      </source>
      <source id="B_L_Calf_matrix-interpolation">
        <Name_array id="B_L_Calf_matrix-interpolation-array" count="13"> LINEAR LINEAR LINEAR LINEAR LINEAR LINEAR LINEAR LINEAR LINEAR LINEAR LINEAR LINEAR LINEAR </Name_array>
        <technique_common>
          <accessor source="#B_L_Calf_matrix-interpolation-array" count="13" stride="1">
            <param name="INTERPOLATION" type="name"></param>
          </accessor>
        </technique_common>
      </source>
      <source id="B_L_Clavicle_matrix-input" name="B_L_Clavicle_matrix-input">
        <float_array id="B_L_Clavicle_matrix-input-array" count="13"> 0 1 2 3 4 5 6 7 8 9 10 11 12 </float_array>
        <technique_common>
          <accessor count="13" offset="0" source="#B_L_Clavicle_matrix-input-array" stride="1">
            <param name="TIME" type="float" />
          </accessor>
        </technique_common>
      </source>
      <source id="B_L_Clavicle_matrix-output" name="B_L_Clavicle_matrix-output">
        <float_array id="B_L_Clavicle_matrix-output-array" count="208"> -0.017590877 -0.00078456831 0.99984485 17.736847 -0.17375681 -0.98478115 -0.0038297393 0.073140621 0.98463136 -0.17379721 0.017186638 5.0180159 0 0 0 1 -0.39394429 -0.00078292174 0.91913384 17.736839 -0.15943946 -0.98478079 -0.069175124 0.073137283 0.9052003 -0.17379726 0.38782388 5.0180244 0 0 0 1 -0.4234004 -0.00078540307 0.90594256 17.736847 -0.15712307 -0.98478138 -0.074286714 0.073139191 0.89221299 -0.17379752 0.41683343 5.0180187 0 0 0 1 -0.39394411 -0.0007820648 0.91913348 17.736839 -0.15943967 -0.98478067 -0.06917426 0.073143005 0.90520024 -0.17379715 0.38782376 5.0180187 0 0 0 1 -0.39606151 -0.00078430766 0.91822422 17.736855 -0.15927893 -0.98478121 -0.069543742 0.073135376 0.90430355 -0.17379729 0.38990933 5.018013 0 0 0 1 -0.40626913 -0.0007848664 0.91375297 17.736855 -0.15849411 -0.98478091 -0.071314886 0.073131561 0.89990264 -0.17379755 0.39996171 5.0180168 0 0 0 1 -0.41921914 -0.00078626705 0.90788466 17.736847 -0.15746392 -0.98478079 -0.073562451 0.073143005 0.89412522 -0.17379786 0.41271529 5.0180206 0 0 0 1 -0.42965737 -0.00078409869 0.90299213 17.736862 -0.15660608 -0.98478073 -0.07537064 0.073135376 0.88930875 -0.17379738 0.42299542 5.018013 0 0 0 1 -0.43243003 -0.00077962904 0.90166682 17.736847 -0.15637469 -0.98478162 -0.075847149 0.073137283 0.888004 -0.17379658 0.4257271 5.0180168 0 0 0 1 -0.42235649 -0.00078822719 0.90642917 17.736847 -0.15720814 -0.98478162 -0.074108481 0.073133469 0.89269263 -0.17379846 0.41580459 5.0180206 0 0 0 1 -0.39394435 -0.00078462064 0.9191339 17.736847 -0.15943903 -0.98478103 -0.069176823 0.073139191 0.90520024 -0.17379761 0.38782388 5.0180168 0 0 0 1 -0.24634936 -0.00078196812 0.96918088 17.736847 -0.16825114 -0.98478127 -0.043561116 0.073139191 0.95446533 -0.173797 0.24246848 5.0180149 0 0 0 1 -0.017590877 -0.00078456831 0.99984485 17.736847 -0.17375681 -0.98478115 -0.0038297393 0.073140621 0.98463136 -0.17379721 0.017186638 5.0180159 0 0 0 1 </float_array>
        <technique_common>
          <accessor count="13" offset="0" source="#B_L_Clavicle_matrix-output-array" stride="16">
            <param name="TRANSFORM" type="float4x4" />
          </accessor>
        </technique_common>
      </source>
      <source id="B_L_Clavicle_matrix-interpolation">
        <Name_array id="B_L_Clavicle_matrix-interpolation-array" count="13"> LINEAR LINEAR LINEAR LINEAR LINEAR LINEAR LINEAR LINEAR LINEAR LINEAR LINEAR LINEAR LINEAR </Name_array>
        <technique_common>
          <accessor source="#B_L_Clavicle_matrix-interpolation-array" count="13" stride="1">
            <param name="INTERPOLATION" type="name"></param>
          </accessor>
        </technique_common>
      </source>
      <source id="B_L_Finger0_matrix-input" name="B_L_Finger0_matrix-input">
        <float_array id="B_L_Finger0_matrix-input-array" count="13"> 0 1 2 3 4 5 6 7 8 9 10 11 12 </float_array>
        <technique_common>
          <accessor count="13" offset="0" source="#B_L_Finger0_matrix-input-array" stride="1">
            <param name="TIME" type="float" />
          </accessor>
        </technique_common>
      </source>
      <source id="B_L_Finger0_matrix-output" name="B_L_Finger0_matrix-output">
        <float_array id="B_L_Finger0_matrix-output-array" count="208"> 0.80900681 0.13246422 0.57267898 1.4603271 0.15583238 0.89108139 -0.42625168 1.9355469 -0.5667671 0.43408272 0.70024776 -2.4376564 0 0 0 1 0.80900651 0.13246821 0.57267874 1.4603195 0.15582953 0.89108014 -0.42625514 1.9355316 -0.56676757 0.43408319 0.7002477 -2.4376564 0 0 0 1 0.80900687 0.13246059 0.57268047 1.460331 0.15583387 0.89108139 -0.42624903 1.9355469 -0.56676638 0.43408048 0.70025039 -2.4376564 0 0 0 1 0.80900586 0.1324618 0.57268035 1.4603233 0.15583389 0.89108187 -0.42625052 1.9355545 -0.56676608 0.43408233 0.70024925 -2.4376583 0 0 0 1 0.80900687 0.13246742 0.57267791 1.4603271 0.15583076 0.89108074 -0.42625427 1.9355392 -0.56676751 0.43408424 0.70024616 -2.4376526 0 0 0 1 0.80900627 0.13245668 0.57268137 1.4603271 0.1558363 0.89108258 -0.4262462 1.9355621 -0.56676513 0.4340798 0.70025164 -2.4376621 0 0 0 1 0.80900675 0.1324728 0.57267737 1.4603176 0.15582708 0.89107895 -0.42625856 1.9355164 -0.56676865 0.43408471 0.70024544 -2.4376545 0 0 0 1 0.80900639 0.13247223 0.57267737 1.4603233 0.15582748 0.89107966 -0.42625806 1.935524 -0.56676829 0.43408498 0.7002455 -2.4376526 0 0 0 1 0.80900663 0.13244909 0.57268316 1.4603291 0.15584058 0.89108419 -0.42624024 1.935585 -0.56676382 0.43407726 0.70025456 -2.4376526 0 0 0 1 0.80900609 0.1324712 0.57267851 1.4603176 0.1558274 0.89107895 -0.42625734 1.9355316 -0.56676823 0.43408322 0.70024723 -2.4376659 0 0 0 1 0.80900627 0.13246967 0.57267839 1.4603195 0.15582864 0.89107949 -0.42625615 1.9355316 -0.56676793 0.43408334 0.70024699 -2.4376602 0 0 0 1 0.80900544 0.13246636 0.5726791 1.4603271 0.1558314 0.89108151 -0.42625383 1.9355392 -0.56676674 0.43408418 0.70024717 -2.4376526 0 0 0 1 0.80900681 0.13246422 0.57267898 1.4603271 0.15583238 0.89108139 -0.42625168 1.9355469 -0.5667671 0.43408272 0.70024776 -2.4376564 0 0 0 1 </float_array>
        <technique_common>
          <accessor count="13" offset="0" source="#B_L_Finger0_matrix-output-array" stride="16">
            <param name="TRANSFORM" type="float4x4" />
          </accessor>
        </technique_common>
      </source>
      <source id="B_L_Finger0_matrix-interpolation">
        <Name_array id="B_L_Finger0_matrix-interpolation-array" count="13"> LINEAR LINEAR LINEAR LINEAR LINEAR LINEAR LINEAR LINEAR LINEAR LINEAR LINEAR LINEAR LINEAR </Name_array>
        <technique_common>
          <accessor source="#B_L_Finger0_matrix-interpolation-array" count="13" stride="1">
            <param name="INTERPOLATION" type="name"></param>
          </accessor>
        </technique_common>
      </source>
      <source id="B_L_Finger01_matrix-input" name="B_L_Finger01_matrix-input">
        <float_array id="B_L_Finger01_matrix-input-array" count="13"> 0 1 2 3 4 5 6 7 8 9 10 11 12 </float_array>
        <technique_common>
          <accessor count="13" offset="0" source="#B_L_Finger01_matrix-input-array" stride="1">
            <param name="TIME" type="float" />
          </accessor>
        </technique_common>
      </source>
      <source id="B_L_Finger01_matrix-output" name="B_L_Finger01_matrix-output">
        <float_array id="B_L_Finger01_matrix-output-array" count="208"> 0.802993 -0.59598833 -2.0126565e-07 3.7140007 0.59598833 0.802993 -1.9481957e-08 0 1.73226e-07 -1.0430813e-07 0.99999958 -2.6702881e-05 0 0 0 1 0.80299336 -0.59598833 -5.8469485e-10 3.7140045 0.59598839 0.8029933 3.2040816e-08 -7.6293945e-06 -1.8626451e-08 -2.6077037e-08 0.99999982 -2.2888184e-05 0 0 0 1 0.8029933 -0.59598815 -6.5251015e-08 3.7139969 0.59598827 0.80299306 6.2912264e-08 0 1.4901163e-08 -8.9406953e-08 0.99999976 -1.9073486e-05 0 0 0 1 0.80299318 -0.59598833 -4.254006e-09 3.7140007 0.59598845 0.802993 4.323519e-08 0 -2.2351742e-08 -3.7252903e-08 0.99999976 -2.6702881e-05 0 0 0 1 0.80299336 -0.59598809 7.2657556e-08 3.7140045 0.59598821 0.80299318 7.7123303e-08 0 -1.0430813e-07 -1.8626455e-08 0.99999982 -2.2888184e-05 0 0 0 1 0.8029933 -0.59598827 -4.6133334e-08 3.7140045 0.59598833 0.80299318 1.2151989e-08 -7.6293945e-06 2.9802326e-08 -3.7252903e-08 0.99999964 -1.5258789e-05 0 0 0 1 0.80299336 -0.59598815 7.0064388e-08 3.7140121 0.59598821 0.80299324 5.6098273e-09 0 -5.9604645e-08 3.7252903e-08 0.9999997 -3.0517578e-05 0 0 0 1 0.80299324 -0.59598809 -3.5523659e-08 3.7140045 0.59598815 0.80299318 4.786212e-08 -7.6293945e-06 1.7763568e-15 -5.9604645e-08 0.9999997 -2.2888184e-05 0 0 0 1 0.80299294 -0.59598815 -2.6642757e-08 3.7140007 0.59598833 0.80299276 3.5896587e-08 7.6293945e-06 -3.5527133e-15 -4.4703484e-08 0.99999964 -3.0517578e-05 0 0 0 1 0.80299318 -0.59598827 1.7287669e-09 3.7140007 0.59598827 0.80299318 4.7675645e-08 7.6293945e-06 -2.9802319e-08 -3.7252903e-08 0.99999976 -2.2888184e-05 0 0 0 1 0.8029933 -0.59598821 2.3931053e-08 3.7139931 0.59598833 0.80299306 1.7761829e-08 0 -2.9802321e-08 -8.8817831e-16 0.99999988 -1.9073486e-05 0 0 0 1 0.80299306 -0.59598809 -1.2338448e-08 3.7140064 0.59598821 0.80299294 -8.3385778e-08 7.6293945e-06 5.9604645e-08 5.9604645e-08 0.99999964 -2.2888184e-05 0 0 0 1 0.802993 -0.59598833 -2.0126565e-07 3.7140007 0.59598833 0.802993 -1.9481957e-08 0 1.73226e-07 -1.0430813e-07 0.99999958 -2.6702881e-05 0 0 0 1 </float_array>
        <technique_common>
          <accessor count="13" offset="0" source="#B_L_Finger01_matrix-output-array" stride="16">
            <param name="TRANSFORM" type="float4x4" />
          </accessor>
        </technique_common>
      </source>
      <source id="B_L_Finger01_matrix-interpolation">
        <Name_array id="B_L_Finger01_matrix-interpolation-array" count="13"> LINEAR LINEAR LINEAR LINEAR LINEAR LINEAR LINEAR LINEAR LINEAR LINEAR LINEAR LINEAR LINEAR </Name_array>
        <technique_common>
          <accessor source="#B_L_Finger01_matrix-interpolation-array" count="13" stride="1">
            <param name="INTERPOLATION" type="name"></param>
          </accessor>
        </technique_common>
      </source>
      <source id="B_L_Finger02_matrix-input" name="B_L_Finger02_matrix-input">
        <float_array id="B_L_Finger02_matrix-input-array" count="13"> 0 1 2 3 4 5 6 7 8 9 10 11 12 </float_array>
        <technique_common>
          <accessor count="13" offset="0" source="#B_L_Finger02_matrix-input-array" stride="1">
            <param name="TIME" type="float" />
          </accessor>
        </technique_common>
      </source>
      <source id="B_L_Finger02_matrix-output" name="B_L_Finger02_matrix-output">
        <float_array id="B_L_Finger02_matrix-output-array" count="208"> 0.55218464 -0.833722 5.6832508e-08 5.5299311 0.833722 0.55218464 -1.8947759e-09 7.6293945e-06 -2.9802322e-08 4.8428781e-08 1 2.2888184e-05 0 0 0 1 0.55218482 -0.83372182 -3.9953136e-08 5.5299301 0.833722 0.5521847 5.7739324e-08 1.5258789e-05 -2.6077027e-08 -6.519258e-08 0.99999994 2.4795532e-05 0 0 0 1 0.55218494 -0.833722 -1.009403e-08 5.5299339 0.83372223 0.55218482 6.6854065e-09 7.6293945e-06 0 -1.2107193e-08 1.0000001 2.2888184e-05 0 0 0 1 0.55218476 -0.83372158 -2.9163777e-08 5.5299416 0.8337217 0.5521847 7.7402994e-08 0 -4.8428774e-08 -6.7055232e-08 0.99999982 2.2888184e-05 0 0 0 1 0.5521847 -0.83372188 -9.1078064e-08 5.5299339 0.83372223 0.55218446 5.138563e-08 3.8146973e-06 7.4505762e-09 -1.0430813e-07 0.99999994 3.8146973e-05 0 0 0 1 0.55218518 -0.83372182 -1.2504553e-08 5.5299339 0.83372217 0.55218488 3.509151e-08 3.8146973e-06 -2.235174e-08 -2.9802321e-08 1 1.9073486e-05 0 0 0 1 0.55218482 -0.8337217 -1.0761559e-07 5.5299377 0.833722 0.55218464 5.3402132e-08 1.1444092e-05 1.4901168e-08 -1.1920929e-07 1 1.5258789e-05 0 0 0 1 0.552185 -0.8337217 -2.4684573e-08 5.5299454 0.83372205 0.55218476 -3.7270251e-08 1.9073486e-05 4.4703476e-08 0 1 3.0517578e-05 0 0 0 1 0.55218512 -0.83372164 -4.9693682e-08 5.5299301 0.83372194 0.55218494 3.2912787e-08 1.5258789e-05 0 -5.9604645e-08 1 3.0517578e-05 0 0 0 1 0.55218494 -0.83372176 -4.9855945e-08 5.5299263 0.83372194 0.55218482 8.6639403e-08 1.9073486e-05 -4.4703473e-08 -8.940696e-08 0.99999994 2.2888184e-05 0 0 0 1 0.55218482 -0.83372164 -2.5171374e-08 5.5299377 0.83372176 0.55218476 1.2390969e-07 1.9073486e-05 -8.9406953e-08 -8.940696e-08 0.99999988 2.2888184e-05 0 0 0 1 0.55218488 -0.83372194 2.8879805e-08 5.5299301 0.83372211 0.55218476 1.6618644e-08 7.6293945e-06 -2.9802322e-08 1.4901161e-08 1 2.4795532e-05 0 0 0 1 0.55218464 -0.833722 5.6832508e-08 5.5299311 0.833722 0.55218464 -1.8947759e-09 7.6293945e-06 -2.9802322e-08 4.8428781e-08 1 2.2888184e-05 0 0 0 1 </float_array>
        <technique_common>
          <accessor count="13" offset="0" source="#B_L_Finger02_matrix-output-array" stride="16">
            <param name="TRANSFORM" type="float4x4" />
          </accessor>
        </technique_common>
      </source>
      <source id="B_L_Finger02_matrix-interpolation">
        <Name_array id="B_L_Finger02_matrix-interpolation-array" count="13"> LINEAR LINEAR LINEAR LINEAR LINEAR LINEAR LINEAR LINEAR LINEAR LINEAR LINEAR LINEAR LINEAR </Name_array>
        <technique_common>
          <accessor source="#B_L_Finger02_matrix-interpolation-array" count="13" stride="1">
            <param name="INTERPOLATION" type="name"></param>
          </accessor>
        </technique_common>
      </source>
      <source id="B_L_Finger1_matrix-input" name="B_L_Finger1_matrix-input">
        <float_array id="B_L_Finger1_matrix-input-array" count="13"> 0 1 2 3 4 5 6 7 8 9 10 11 12 </float_array>
        <technique_common>
          <accessor count="13" offset="0" source="#B_L_Finger1_matrix-input-array" stride="1">
            <param name="TIME" type="float" />
          </accessor>
        </technique_common>
      </source>
      <source id="B_L_Finger1_matrix-output" name="B_L_Finger1_matrix-output">
