<?xml version="1.0" encoding="UTF-8" standalone="no" ?>
<COLLADA xmlns="http://www.collada.org/2005/11/COLLADASchema" version="1.4.1">
  <asset>
    <contributor>
      <author>Assimp</author>
      <authoring_tool>FBX SDK/FBX Plugins version 2013.1</authoring_tool>
    </contributor>
    <created>2020-08-21T13:47:52</created>
    <modified>2020-08-21T13:47:52</modified>
    <unit name="meter" meter="1" />
    <up_axis>Y_UP</up_axis>
  </asset>
  <library_geometries>
  </library_geometries>
  <library_controllers>
  </library_controllers>
  <library_visual_scenes>
    <visual_scene id="RootNode" name="RootNode">
      <node id="Motion_aAssimpFbxa_Translation"  name="Motion_$AssimpFbx$_Translation" type="NODE">
        <matrix sid="matrix">1 0 0 9.92585e-07 0 1 0 0 0 0 1 -0.17328988 0 0 0 1</matrix>
        <node id="Motion_aAssimpFbxa_PreRotation"  name="Motion_$AssimpFbx$_PreRotation" type="NODE">
          <matrix sid="matrix">1 0 0 0 0 -4.3711388e-08 1 0 0 -1 -4.3711388e-08 0 0 0 0 1</matrix>
          <node id="Motion_aAssimpFbxa_Rotation"  name="Motion_$AssimpFbx$_Rotation" type="NODE">
            <matrix sid="matrix">1.3868001e-06 1 0 0 -1 1.3868001e-06 0 0 0 0 1 0 0 0 0 1</matrix>
            <node id="Motion_aAssimpFbxa_Scaling"  name="Motion_$AssimpFbx$_Scaling" type="NODE">
              <matrix sid="matrix">1 0 0 0 0 1 0 0 0 0 1 0 0 0 0 1</matrix>
              <node id="Motion"  name="Motion" type="NODE">
                <matrix sid="matrix">1 0 0 0 0 1 0 0 0 0 1 0 0 0 0 1</matrix>
                <node id="B_Pelvis"  name="B_Pelvis" type="NODE">
                  <matrix sid="matrix">-4.3711388e-08 0.60876256 0.79335248 0.17329331 0 -0.79335248 0.60876256 2.6999989 1 2.6609857e-08 3.4678539e-08 98.599998 0 0 0 1</matrix>
                  <node id="B_Spine"  name="B_Spine" type="NODE">
                    <matrix sid="matrix">0.99823147 0.047404032 -0.03587313 7.6762924 -0.037805337 0.97190607 0.23231289 -1.6268322 0.045877885 -0.23054582 0.97197938 0.0023474693 0 0 0 1</matrix>
                    <node id="B_Spine1"  name="B_Spine1" type="NODE">
                      <matrix sid="matrix">0.99970514 -0.024198718 0.0019994096 12.747765 0.024175957 0.99965024 0.010716196 -0.014275551 -0.0022580286 -0.0106647 0.99994057 0.00015211105 0 0 0 1</matrix>
                      <node id="B_Spine2"  name="B_Spine2" type="NODE">
                        <matrix sid="matrix">0.9988209 -0.048403606 0.0037315511 17.935463 0.048312016 0.99859816 0.021625748 -0.026443481 -0.0047730841 -0.02141997 0.9997592 0.00054788589 0 0 0 1</matrix>
                        <node id="B_L_Clavicle"  name="B_L_Clavicle" type="NODE">
                          <matrix sid="matrix">-0.017590661 -0.00078421831 0.99984497 17.736847 -0.17375694 -0.98478115 -0.0038293824 0.073140144 0.98463148 -0.17379735 0.017186686 5.0180159 0 0 0 1</matrix>
                          <node id="B_L_UpperArm"  name="B_L_UpperArm" type="NODE">
                            <matrix sid="matrix">0.67658818 0.40229216 0.61675727 17.464664 -0.50647587 0.86222738 -0.0067964792 2.8610229e-06 -0.53451914 -0.30777422 0.7871241 0 0 0 0 1</matrix>
                            <node id="B_L_Forearm"  name="B_L_Forearm" type="NODE">
                              <matrix sid="matrix">-0.13640085 0.98478985 0.10762778 27.628181 -0.99065375 -0.13559343 -0.014819292 -7.6293945e-06 -2.6822093e-07 -0.10864323 0.99408078 -1.5258789e-05 0 0 0 1</matrix>
                              <node id="B_L_ForeArmTwist"  name="B_L_ForeArmTwist" type="NODE">
                                <matrix sid="matrix">1 7.6817159e-08 -2.9140227e-07 11.992634 -4.4703462e-08 0.99408078 0.10864363 -1.5258789e-05 2.9802308e-07 -0.10864363 0.99408078 2.2888184e-05 0 0 0 1</matrix>
                                <node id="B_L_Hand"  name="B_L_Hand" type="NODE">
                                  <matrix sid="matrix">0.96626526 -0.09560217 0.2391479 11.992649 -0.24727416 -0.084708586 0.96523571 0 -0.072020747 -0.99180877 -0.10549091 0 0 0 0 1</matrix>
                                  <node id="B_L_Finger0"  name="B_L_Finger0" type="NODE">
                                    <matrix sid="matrix">0.80900651 0.13246366 0.57267952 1.4603348 0.15583245 0.89108139 -0.42625129 1.9355316 -0.56676686 0.43408212 0.70024854 -2.4376526 0 0 0 1</matrix>
                                    <node id="B_L_Finger01"  name="B_L_Finger01" type="NODE">
                                      <matrix sid="matrix">0.80299318 -0.59598827 -1.0395055e-07 3.7140121 0.59598827 0.80299318 -7.7152968e-08 -7.6293945e-06 1.2945384e-07 0 1 -2.6702881e-05 0 0 0 1</matrix>
                                      <node id="B_L_Finger02"  name="B_L_Finger02" type="NODE">
                                        <matrix sid="matrix">0.5521847 -0.83372182 8.4596863e-10 5.5299282 0.83372182 0.5521847 6.1995401e-08 1.5258789e-05 -5.215405e-08 -3.3527609e-08 1 2.2888184e-05 0 0 0 1</matrix>
                                      </node>
                                    </node>
                                  </node>
                                  <node id="B_L_Finger1"  name="B_L_Finger1" type="NODE">
                                    <matrix sid="matrix">0.27254894 -0.95552641 0.11263383 11.625465 0.92804092 0.23019093 -0.29283464 3.1205368 0.25388396 0.18434058 0.94950593 -3.0983582 0 0 0 1</matrix>
                                    <node id="B_L_Finger11"  name="B_L_Finger11" type="NODE">
                                      <matrix sid="matrix">-0.25881937 -0.96592575 1.3236402e-07 4.4568253 0.96592575 -0.25881937 8.1747331e-08 0 -4.4703476e-08 1.490116e-07 1 1.5258789e-05 0 0 0 1</matrix>
                                      <node id="B_L_Finger12"  name="B_L_Finger12" type="NODE">
                                        <matrix sid="matrix">0.57357556 -0.81915265 2.8808932e-07 3.3311615 0.81915265 0.57357556 -5.619431e-08 -1.5258789e-05 -1.1920928e-07 2.6822082e-07 1 -2.2888184e-05 0 0 0 1</matrix>
                                      </node>
                                    </node>
                                  </node>
                                  <node id="B_L_Finger2"  name="B_L_Finger2" type="NODE">
                                    <matrix sid="matrix">0.25808468 -0.96503472 0.045829251 11.814079 0.96096504 0.25152323 -0.1152484 2.4380951 0.099691577 0.07378415 0.99227893 0.83572388 0 0 0 1</matrix>
                                    <node id="B_L_Finger21"  name="B_L_Finger21" type="NODE">
                                      <matrix sid="matrix">-0.62068582 -0.78405941 4.5662017e-07 5.1996384 0.78405941 -0.62068582 9.5402754e-08 1.5258789e-05 2.0861621e-07 4.1723246e-07 1 3.8146973e-06 0 0 0 1</matrix>
                                      <node id="B_L_Finger22"  name="B_L_Finger22" type="NODE">
                                        <matrix sid="matrix">0.44828641 -0.89388996 -5.3200054e-08 5.1996288 0.89388996 0.44828641 9.335993e-08 0 -5.9604645e-08 -8.9406988e-08 1 7.6293945e-06 0 0 0 1</matrix>
                                      </node>
                                    </node>
                                  </node>
                                  <node id="B_L_Finger3"  name="B_L_Finger3" type="NODE">
                                    <matrix sid="matrix">0.13847044 -0.99036652 0.00029715351 11.814064 0.99036658 0.13847046 5.9351951e-05 1.9342422 -9.9927172e-05 0.00028607243 0.99999994 4.6002502 0 0 0 1</matrix>
                                    <node id="B_L_Finger31"  name="B_L_Finger31" type="NODE">
                                      <matrix sid="matrix">-0.058766745 -0.99827176 -9.1522452e-07 4.4568024 0.99827176 -0.058766745 -1.1883267e-06 1.5258789e-05 1.1324881e-06 -9.8347687e-07 1 7.6293945e-06 0 0 0 1</matrix>
                                      <node id="B_L_Finger32"  name="B_L_Finger32" type="NODE">
                                        <matrix sid="matrix">-0.058766745 -0.99827176 -1.8514889e-06 4.4567719 0.99827176 -0.058766745 -1.5121281e-06 -1.5258789e-05 1.4007087e-06 -1.9371519e-06 1 -3.8146973e-06 0 0 0 1</matrix>
                                      </node>
                                    </node>
                                  </node>
                                  <node id="B_L_Finger4"  name="B_L_Finger4" type="NODE">
                                    <matrix sid="matrix">0.14714384 -0.98122936 -0.12464998 11.857193 0.9836868 0.15835437 -0.085346922 4.052887 0.10348378 -0.11005827 0.98852324 6.514534 0 0 0 1</matrix>
                                    <node id="B_L_Finger41"  name="B_L_Finger41" type="NODE">
                                      <matrix sid="matrix">-0.18123157 -0.98344046 -2.1261942e-06 3.3276443 0.98344046 -0.18123157 -3.7555819e-06 7.6293945e-06 3.3080578e-06 -2.7716155e-06 1 1.1444092e-05 0 0 0 1</matrix>
                                      <node id="B_L_Finger42"  name="B_L_Finger42" type="NODE">
                                        <matrix sid="matrix">0.0019772795 -0.99999803 -2.2864131e-06 3.3276672 0.99999803 0.0019772795 -3.3035437e-06 -3.0517578e-05 3.3080582e-06 -2.2798768e-06 1 -1.9073486e-05 0 0 0 1</matrix>
                                      </node>
                                    </node>
                                  </node>
                                </node>
                              </node>
                            </node>
                          </node>
                        </node>
                        <node id="B_R_Clavicle"  name="B_R_Clavicle" type="NODE">
                          <matrix sid="matrix">-0.10452852 -0.00079657277 -0.9945215 17.736847 0.00023397958 -0.99999964 0.00077636808 0.074662209 -0.99452186 -0.00015154513 0.10452867 -5.0179634 0 0 0 1</matrix>
                          <node id="B_R_UpperArm"  name="B_R_UpperArm" type="NODE">
                            <matrix sid="matrix">0.65678835 0.184351 -0.73119336 17.464649 -0.58112282 0.74166942 -0.33499652 1.1444092e-05 0.48054683 0.64493495 0.59425038 1.5258789e-05 0 0 0 1</matrix>
                            <node id="B_R_Forearm"  name="B_R_Forearm" type="NODE">
                              <matrix sid="matrix">0.1257856 0.99193633 -0.015499796 27.628181 -0.99205744 0.12577026 -0.0019650802 0 1.7881398e-07 0.015623867 0.99987793 0 0 0 0 1</matrix>
                              <node id="B_R_ForeArmTwist"  name="B_R_ForeArmTwist" type="NODE">
                                <matrix sid="matrix">1 8.8464802e-08 -6.0994246e-08 11.99263 -8.9406967e-08 0.99987793 -0.01562378 -7.6293945e-06 5.9604645e-08 0.01562378 0.99987793 0 0 0 0 1</matrix>
                                <node id="B_R_Hand"  name="B_R_Hand" type="NODE">
                                  <matrix sid="matrix">0.86458033 -0.066815853 -0.49803263 11.992653 -0.49769527 0.022792313 -0.86705244 -3.8146973e-06 0.069284163 0.99750501 -0.013548149 -1.5258789e-05 0 0 0 1</matrix>
                                  <node id="B_R_Finger0"  name="B_R_Finger0" type="NODE">
                                    <matrix sid="matrix">0.80900657 0.13246366 -0.57267946 1.4603119 0.15583251 0.89108133 0.42625138 1.9355469 0.5667668 -0.43408227 0.70024854 2.437664 0 0 0 1</matrix>
                                    <node id="B_R_Finger01"  name="B_R_Finger01" type="NODE">
                                      <matrix sid="matrix">0.80299312 -0.59598833 -4.3487734e-07 3.7140198 0.59598833 0.80299312 4.8370808e-08 -2.2888184e-05 3.2037505e-07 -2.9802322e-07 1 0 0 0 0 1</matrix>
                                      <node id="B_R_Finger02"  name="B_R_Finger02" type="NODE">
                                        <matrix sid="matrix">0.55218482 -0.83372176 1.7392782e-07 5.5299358 0.83372176 0.55218482 -1.1519467e-07 0 0 2.0861614e-07 1 2.2888184e-05 0 0 0 1</matrix>
                                      </node>
                                    </node>
                                  </node>
                                  <node id="B_R_Finger1"  name="B_R_Finger1" type="NODE">
                                    <matrix sid="matrix">0.27254859 -0.95552653 -0.11263385 11.625458 0.92804098 0.2301905 0.29283494 3.1205521 -0.25388429 -0.18434057 0.94950587 3.0983467 0 0 0 1</matrix>
                                    <node id="B_R_Finger11"  name="B_R_Finger11" type="NODE">
                                      <matrix sid="matrix">-0.25881937 -0.96592575 -6.514459e-08 4.4568176 0.96592575 -0.25881937 -5.5540426e-08 1.5258789e-05 3.6787245e-08 -7.7299774e-08 1 0 0 0 0 1</matrix>
                                      <node id="B_R_Finger12"  name="B_R_Finger12" type="NODE">
                                        <matrix sid="matrix">0.57357585 -0.81915247 2.5463081e-07 3.3311386 0.81915247 0.57357585 1.330838e-07 0 -2.55066e-07 1.3224781e-07 1 -1.1444092e-05 0 0 0 1</matrix>
                                      </node>
                                    </node>
                                  </node>
                                  <node id="B_R_Finger2"  name="B_R_Finger2" type="NODE">
                                    <matrix sid="matrix">0.25808468 -0.96503472 -0.045829311 11.814056 0.9609651 0.25152323 0.11524831 2.4381104 -0.099691473 -0.073784195 0.99227899 -0.83571625 0 0 0 1</matrix>
                                    <node id="B_R_Finger21"  name="B_R_Finger21" type="NODE">
                                      <matrix sid="matrix">-0.62068546 -0.7840597 -4.7222507e-08 5.1996002 0.7840597 -0.62068546 -1.3240847e-07 1.5258789e-05 7.450582e-08 -1.1920928e-07 1 -3.4332275e-05 0 0 0 1</matrix>
                                      <node id="B_R_Finger22"  name="B_R_Finger22" type="NODE">
                                        <matrix sid="matrix">0.44828618 -0.89389008 3.3000216e-09 5.1996078 0.89389008 0.44828618 -2.6659986e-08 0 2.2351744e-08 1.490116e-08 1 2.8610229e-05 0 0 0 1</matrix>
                                      </node>
                                    </node>
                                  </node>
                                  <node id="B_R_Finger3"  name="B_R_Finger3" type="NODE">
                                    <matrix sid="matrix">0.1384702 -0.99036652 -0.00029822366 11.814056 0.99036658 0.13847022 -5.9473241e-05 1.9342651 0.00010019541 -0.00028711549 0.99999994 -4.6002502 0 0 0 1</matrix>
                                    <node id="B_R_Finger31"  name="B_R_Finger31" type="NODE">
                                      <matrix sid="matrix">-0.058766745 -0.99827176 -5.2427858e-09 4.4567871 0.99827176 -0.058766745 -1.6450518e-07 0 1.6391277e-07 -1.4901159e-08 1 -7.6293945e-06 0 0 0 1</matrix>
                                      <node id="B_R_Finger32"  name="B_R_Finger32" type="NODE">
                                        <matrix sid="matrix">-0.058766864 -0.99827176 6.0377306e-07 4.4568176 0.99827176 -0.058766864 -1.1372634e-07 0 1.4901164e-07 5.9604622e-07 1 -1.1444092e-05 0 0 0 1</matrix>
                                      </node>
                                    </node>
                                  </node>
                                  <node id="B_R_Finger4"  name="B_R_Finger4" type="NODE">
                                    <matrix sid="matrix">0.14714384 -0.98122966 0.12464785 11.857224 0.98368686 0.15835416 0.085347086 4.0529175 -0.10348359 0.11005615 0.98852354 -6.5145645 0 0 0 1</matrix>
                                    <node id="B_R_Finger41"  name="B_R_Finger41" type="NODE">
                                      <matrix sid="matrix">-0.18123135 -0.98344052 2.725946e-07 3.3276672 0.98344052 -0.18123135 8.2299027e-07 4.5776367e-05 -7.5995922e-07 4.172322e-07 1 3.0517578e-05 0 0 0 1</matrix>
                                      <node id="B_R_Finger42"  name="B_R_Finger42" type="NODE">
                                        <matrix sid="matrix">0.0019766835 -0.99999803 3.2909136e-07 3.3277206 0.99999803 0.0019766835 6.4010078e-07 3.0517578e-05 -6.4075005e-07 3.2782546e-07 1 -1.1444092e-05 0 0 0 1</matrix>
                                      </node>
                                    </node>
                                  </node>
                                </node>
                              </node>
                            </node>
                          </node>
                        </node>
                        <node id="B_Neck"  name="B_Neck" type="NODE">
                          <matrix sid="matrix">0.9745459 -0.20556861 -0.089452863 27.039749 0.20928553 0.97725385 0.034271039 1.1282334 0.080373101 -0.052119896 0.99540126 0.00061273575 0 0 0 1</matrix>
                          <node id="B_Head"  name="B_Head" type="NODE">
                            <matrix sid="matrix">0.98408651 0.17358989 -0.037950233 10.019318 -0.16961534 0.85404325 -0.49177304 1.4083176 -0.052955691 0.49038416 0.86989599 1.9073486e-06 0 0 0 1</matrix>
                          </node>
                        </node>
                      </node>
                    </node>
                  </node>
                  <node id="B_L_Thigh"  name="B_L_Thigh" type="NODE">
                    <matrix sid="matrix">-0.88179511 0.28008235 -0.37946182 0 0.35161725 0.92662746 -0.13314211 1.7642975e-05 0.31432897 -0.2508294 -0.91557735 11.161455 0 0 0 1</matrix>
                    <node id="B_L_Calf"  name="B_L_Calf" type="NODE">
                      <matrix sid="matrix">0.87463564 0.48478085 4.950964e-07 50.282753 -0.48478085 0.87463564 7.962969e-06 0 3.4272659e-06 -7.2047096e-06 1 3.8146973e-06 0 0 0 1</matrix>
                      <node id="B_L_Foot"  name="B_L_Foot" type="NODE">
                        <matrix sid="matrix">0.90702921 -0.23339419 -0.35046414 39.728119 0.18250628 0.96798992 -0.17229918 -7.1525574e-07 0.37945935 0.09231849 0.92059106 -7.6293945e-06 0 0 0 1</matrix>
                        <node id="B_L_Toe0"  name="B_L_Toe0" type="NODE">
                          <matrix sid="matrix">-4.3711388e-08 -1 -5.652916e-08 18.214443 1 -4.3711388e-08 -2.4709681e-15 14.545955 0 -5.652916e-08 1 0.020648956 0 0 0 1</matrix>
                        </node>
                      </node>
                    </node>
                  </node>
                  <node id="B_R_Thigh"  name="B_R_Thigh" type="NODE">
                    <matrix sid="matrix">-0.87342459 0.4295257 0.22942802 0 0.18169013 0.72456968 -0.66482145 -1.2397766e-05 -0.45179445 -0.53898656 -0.71089756 -11.161448 0 0 0 1</matrix>
                    <node id="B_R_Calf"  name="B_R_Calf" type="NODE">
                      <matrix sid="matrix">0.69287783 0.72105497 -5.8544856e-08 50.282745 -0.72105497 0.69287783 -4.7887188e-06 0 -3.412365e-06 3.3602109e-06 1 1.9073486e-06 0 0 0 1</matrix>
                      <node id="B_R_Foot"  name="B_R_Foot" type="NODE">
                        <matrix sid="matrix">0.91488826 -0.31722808 0.24969156 39.728127 0.33217859 0.94302446 -0.019033253 -1.9073486e-06 -0.22942737 0.10035549 0.96813834 1.9073486e-06 0 0 0 1</matrix>
                        <node id="B_R_Toe0"  name="B_R_Toe0" type="NODE">
                          <matrix sid="matrix">-1.6292068e-07 -1 6.2707812e-07 18.214441 1 -1.6292083e-07 -2.235173e-07 14.545952 2.235174e-07 6.2707807e-07 1 -0.020654678 0 0 0 1</matrix>
                        </node>
                      </node>
                    </node>
                  </node>
                </node>
              </node>
            </node>
          </node>
        </node>
      </node>
      <node id="Exporter_aAssimpFbxa_PreRotation"  name="Exporter_$AssimpFbx$_PreRotation" type="NODE">
        <matrix sid="matrix">1 0 0 0 0 -4.3711388e-08 1 0 0 -1 -4.3711388e-08 0 0 0 0 1</matrix>
        <node id="Exporter"  name="Exporter" type="NODE">
          <matrix sid="matrix">1 0 0 0 0 1 0 0 0 0 1 0 0 0 0 1</matrix>
        </node>
      </node>
    </visual_scene>
  </library_visual_scenes>
  <library_animations>
    <animation id="TakeW001AnimId0" name="Take 001">
      <source id="B_Head_matrix-input" name="B_Head_matrix-input">
        <float_array id="B_Head_matrix-input-array" count="61"> 0 1 2 3 4 5 6 7 8 9 10 11 12 13 14 15 16 17 18 19 20 21 22 23 24 25 26 27 28 29 30 31 32 33 34 35 36 37 38 39 40 41 42 43 44 45 46 47 48 49 50 51 52 53 54 55 56 57 58 59 60 </float_array>
        <technique_common>
          <accessor count="61" offset="0" source="#B_Head_matrix-input-array" stride="1">
            <param name="TIME" type="float" />
          </accessor>
        </technique_common>
      </source>
      <source id="B_Head_matrix-output" name="B_Head_matrix-output">
        <float_array id="B_Head_matrix-output-array" count="976"> 0.98408645 0.17358987 -0.037950233 10.019318 -0.16961531 0.85404319 -0.49177313 1.4083176 -0.052955676 0.49038419 0.86989611 1.9073486e-06 0 0 0 1 0.98289412 0.18368757 -0.01335126 10.019318 -0.17279363 0.89465636 -0.41198561 1.4083138 -0.063731864 0.40724519 0.9110924 0 0 0 0 1 0.98027349 0.1955739 0.028539553 10.019287 -0.18078892 0.94562423 -0.27038893 1.4083138 -0.079868712 0.25989553 0.9623279 1.9073486e-06 0 0 0 1 0.97647071 0.20114569 0.077752374 10.019318 -0.19306807 0.97604197 -0.10033467 1.4083099 -0.096071459 0.082962364 0.99191105 0 0 0 0 1 0.97238237 0.19870777 0.12242389 10.019302 -0.20668209 0.976794 0.056177653 1.4083214 -0.10842001 -0.079929002 0.99088651 0 0 0 0 1 0.96937716 0.19352946 0.15117684 10.019333 -0.21686068 0.96346712 0.15716976 1.4083099 -0.11523698 -0.1851411 0.97593182 -9.5367432e-07 0 0 0 1 0.96754533 0.19543594 0.16019002 10.019318 -0.22463381 0.95554101 0.19100055 1.4083099 -0.11573974 -0.22078583 0.96843064 0 0 0 0 1 0.96620846 0.20437625 0.15707107 10.019318 -0.23202609 0.95502508 0.18463714 1.4083176 -0.11227136 -0.21484256 0.97017413 0 0 0 0 1 0.96573412 0.21285294 0.14849649 10.019287 -0.23559853 0.95898747 0.15759392 1.4083138 -0.10886201 -0.18717934 0.97627497 9.5367432e-07 0 0 0 1 0.96669352 0.21340993 0.14128003 10.019318 -0.23174277 0.96414763 0.12928618 1.4083138 -0.10862384 -0.15772074 0.98149121 0 0 0 0 1 0.96955615 0.1991592 0.14246576 10.019302 -0.2165854 0.9689253 0.11947698 1.4083176 -0.11424372 -0.14669564 0.98256248 9.5367432e-07 0 0 0 1 0.97427571 0.16263729 0.15600137 10.019302 -0.18408445 0.97365177 0.13459449 1.4083176 -0.13000092 -0.15984954 0.97854388 0 0 0 0 1 0.97839785 0.10763665 0.17649829 10.019302 -0.13675795 0.97724605 0.16213313 1.4083176 -0.1550308 -0.18276829 0.97085583 9.5367432e-07 0 0 0 1 0.97932267 0.04479574 0.19728261 10.019318 -0.083707817 0.97750837 0.19357391 1.4083176 -0.18417408 -0.20608549 0.96104556 0 0 0 0 1 0.97700083 -0.014202921 0.21276136 10.019302 -0.033841345 0.97480571 0.2204729 1.4083099 -0.21053237 -0.22260235 0.95190555 0 0 0 0 1 0.97416043 -0.057153776 0.2185058 10.019318 0.0044149472 0.97208643 0.23458205 1.4083252 -0.2258137 -0.22755589 0.9472205 0 0 0 0 1 0.97221893 -0.084773913 0.21818337 10.019302 0.028885247 0.96843928 0.24756984 1.4083176 -0.23228489 -0.23438977 0.94398361 9.5367432e-07 0 0 0 1 0.97097123 -0.10491294 0.21496139 10.019318 0.045275513 0.96304411 0.26551095 1.4083099 -0.23487286 -0.24807094 0.93983817 0 0 0 0 1 0.9717508 -0.11630584 0.20536116 10.019318 0.057578556 0.96067977 0.27162233 1.4083099 -0.22887765 -0.25212479 0.94023818 9.5367432e-07 0 0 0 1 0.97512466 -0.11842002 0.18737306 10.019318 0.06952098 0.96606809 0.24875592 1.4083061 -0.21047276 -0.22954167 0.95026946 0 0 0 0 1 0.98085159 -0.11218657 0.15919892 10.019302 0.083104081 0.98036253 0.1788376 1.4083138 -0.17613584 -0.16218305 0.97091353 4.7683716e-07 0 0 0 1 0.98822564 -0.098227337 0.11730763 10.019302 0.091940768 0.99408162 0.057863045 1.4083099 -0.12229713 -0.046396405 0.99140823 0 0 0 0 1 0.99439424 -0.083742402 0.064553589 10.019302 0.089065626 0.99243075 -0.084546603 1.4083176 -0.056984834 0.089822143 0.99432635 0 0 0 0 1 0.99698228 -0.076840088 0.011019547 10.019318 0.077404283 0.97333765 -0.21592157 1.4083099 0.0058656903 0.21612297 0.97634852 9.5367432e-07 0 0 0 1 0.9964847 -0.078126281 -0.030232729 10.019302 0.06513679 0.9495368 -0.30681759 1.4083214 0.052677598 0.30376986 0.95128793 1.9073486e-06 0 0 0 1 0.9954859 -0.082571231 -0.046793263 10.019318 0.062427878 0.94104618 -0.33246776 1.4083214 0.07148689 0.32804585 0.941953 0 0 0 0 1 0.99528503 -0.086576752 -0.043725498 10.019302 0.069049932 0.94906288 -0.30742732 1.4083138 0.068114318 0.30295861 0.95056623 -9.5367432e-07 0 0 0 1 0.99530536 -0.090373695 -0.034636602 10.019318 0.07798782 0.96082598 -0.26595312 1.4083138 0.057314914 0.26200333 0.96336353 0 0 0 0 1 0.99530846 -0.094318204 -0.021572882 10.019318 0.087577641 0.97301006 -0.21349908 1.4083176 0.041127477 0.21060811 0.97670519 1.4305115e-06 0 0 0 1 0.99509925 -0.09866377 -0.0065410538 10.019302 0.096444204 0.98304999 -0.15591975 1.4083176 0.021813815 0.15452477 0.98774809 0 0 0 0 1 0.99460393 -0.10339394 0.0085092271 10.019318 0.10372672 0.98961776 -0.099485092 1.4083157 0.0018652716 0.099830918 0.99500263 2.3841858e-07 0 0 0 1 0.99428046 -0.10609768 0.012233122 10.019318 0.10676438 0.99038374 -0.08798673 1.4083138 -0.0027802968 0.088789545 0.99604666 2.3841858e-07 0 0 0 1 0.99391115 -0.10888503 0.016867597 10.019302 0.1098377 0.99123466 -0.073412955 1.4083118 -0.0087261731 0.074818641 0.99715912 -4.7683716e-07 0 0 0 1 0.99352568 -0.11163191 0.021080233 10.019287 0.11271413 0.99180776 -0.060104769 1.4083157 -0.014197931 0.062091697 0.99796915 9.5367432e-07 0 0 0 1 0.99318361 -0.11415258 0.023567148 10.019302 0.11525501 0.99195129 -0.052427467 1.4083138 -0.017392734 0.054786336 0.99834651 9.5367432e-07 0 0 0 1 0.99295348 -0.11624329 0.023047039 10.019302 0.11735336 0.99157971 -0.054754954 1.4083099 -0.016488081 0.057073772 0.99823374 -4.7683716e-07 0 0 0 1 0.99276638 -0.11778569 0.023274228 10.019302 0.11889961 0.99141842 -0.054333385 1.4083157 -0.016674809 0.056707643 0.9982515 4.7683716e-07 0 0 0 1 0.9923985 -0.12098841 0.022523403 10.019302 0.12212382 0.99077475 -0.058748927 1.4083138 -0.01520768 0.061052989 0.99801868 0 0 0 0 1 0.99192059 -0.12509163 0.021107983 10.019318 0.12623511 0.98977029 -0.066481128 1.4083118 -0.012575819 0.068608575 0.99756438 0 0 0 0 1 0.99141216 -0.12933855 0.019320855 10.019318 0.13044474 0.98853832 -0.076004192 1.4083176 -0.0092691304 0.077871799 0.99692029 2.3841858e-07 0 0 0 1 0.99096721 -0.13296744 0.01742536 10.019287 0.13397904 0.98726392 -0.085789442 1.4083157 -0.0057962276 0.087349176 0.99616075 0 0 0 0 1 0.99069345 -0.13520803 0.015660556 10.019318 0.13608527 0.98619837 -0.094307266 1.4083118 -0.0026933174 0.095560767 0.9954201 2.3841858e-07 0 0 0 1 0.99070483 -0.1352793 0.014259765 10.019302 0.13602777 0.9856419 -0.10003262 1.4083176 -0.00052267959 0.10104253 0.99488199 2.3841858e-07 0 0 0 1 0.99110585 -0.1323906 0.013482743 10.019318 0.13307531 0.98590022 -0.10144736 1.4083157 0.00013803829 0.1023393 0.99474949 2.3841858e-07 0 0 0 1 0.99196845 -0.12574483 0.013662571 10.019302 0.12647834 0.98721111 -0.097043745 1.4083118 -0.0012850937 0.097992368 0.99518633 2.3841858e-07 0 0 0 1 0.99329996 -0.11454979 0.015266298 10.019302 0.11543943 0.98964262 -0.085329607 1.4083118 -0.005333689 0.086520255 0.99623573 0 0 0 0 1 0.99555188 -0.094189346 0.0022413398 10.019302 0.09368328 0.98711604 -0.12971264 1.4083138 0.010005086 0.12934561 0.99154919 2.3841858e-07 0 0 0 1 0.99764806 -0.067726552 -0.010550988 10.019318 0.064851068 0.98249614 -0.17463015 1.4083138 0.022193402 0.17353523 0.98457742 4.7683716e-07 0 0 0 1 0.99908376 -0.036669664 -0.022062395 10.019302 0.030939698 0.97509694 -0.21961011 1.4083176 0.029566001 0.21872631 0.97533822 9.5367432e-07 0 0 0 1 0.99950266 -0.0026448139 -0.031421658 10.019318 -0.0057539628 0.96444839 -0.26420912 1.4083176 0.031003345 0.26425856 0.96395344 -4.7683716e-07 0 0 0 1 0.99874175 0.032644864 -0.038067929 10.019302 -0.042804386 0.95043254 -0.30797008 1.4083099 0.026127363 0.30921206 0.95063406 -4.7683716e-07 0 0 0 1 0.99684197 0.067500271 -0.041828699 10.019302 -0.077903889 0.93336803 -0.35036463 1.4083214 0.015391858 0.35251683 0.93567902 9.5367432e-07 0 0 0 1 0.99402773 0.10032395 -0.0429415 10.019302 -0.10912775 0.91400415 -0.39075246 1.4083214 4.6880916e-05 0.39310488 0.91949356 9.5367432e-07 0 0 0 1 0.9906621 0.12970251 -0.042021282 10.019318 -0.13514408 0.89344144 -0.42836696 1.4083176 -0.018016716 0.43004581 0.90262717 0 0 0 0 1 0.9871912 0.15444854 -0.039985903 10.019318 -0.15530916 0.87299353 -0.46234259 1.4083138 -0.036500726 0.46263078 0.88579893 -9.5367432e-07 0 0 0 1 0.98408645 0.1735899 -0.037950221 10.019318 -0.16961534 0.85404319 -0.49177313 1.4083176 -0.052955702 0.49038419 0.86989611 0 0 0 0 1 0.98228616 0.18374413 -0.036767561 10.019318 -0.17664379 0.84249145 -0.50892568 1.4083138 -0.062535733 0.50640547 0.86002505 0 0 0 0 1 0.98205769 0.18499613 -0.036601074 10.019318 -0.17747545 0.8410207 -0.51106435 1.4083138 -0.063762672 0.50839043 0.8587628 0 0 0 0 1 0.98274142 0.18122853 -0.037088174 10.019318 -0.17494908 0.845415 -0.50464457 1.4083138 -0.060101114 0.5024237 0.86253005 0 0 0 0 1 0.98364168 0.17615128 -0.037679557 10.019302 -0.17143448 0.8511911 -0.49606818 1.4083099 -0.055310555 0.49441281 0.86746556 1.9073486e-06 0 0 0 1 0.98408645 0.1735899 -0.037950221 10.019318 -0.16961534 0.85404319 -0.49177313 1.4083176 -0.052955702 0.49038419 0.86989611 0 0 0 0 1 </float_array>
        <technique_common>
          <accessor count="61" offset="0" source="#B_Head_matrix-output-array" stride="16">
            <param name="TRANSFORM" type="float4x4" />
          </accessor>
        </technique_common>
      </source>
      <source id="B_Head_matrix-interpolation">
        <Name_array id="B_Head_matrix-interpolation-array" count="61"> LINEAR LINEAR LINEAR LINEAR LINEAR LINEAR LINEAR LINEAR LINEAR LINEAR LINEAR LINEAR LINEAR LINEAR LINEAR LINEAR LINEAR LINEAR LINEAR LINEAR LINEAR LINEAR LINEAR LINEAR LINEAR LINEAR LINEAR LINEAR LINEAR LINEAR LINEAR LINEAR LINEAR LINEAR LINEAR LINEAR LINEAR LINEAR LINEAR LINEAR LINEAR LINEAR LINEAR LINEAR LINEAR LINEAR LINEAR LINEAR LINEAR LINEAR LINEAR LINEAR LINEAR LINEAR LINEAR LINEAR LINEAR LINEAR LINEAR LINEAR LINEAR </Name_array>
        <technique_common>
          <accessor source="#B_Head_matrix-interpolation-array" count="61" stride="1">
            <param name="INTERPOLATION" type="name"></param>
          </accessor>
        </technique_common>
      </source>
      <source id="B_L_Calf_matrix-input" name="B_L_Calf_matrix-input">
        <float_array id="B_L_Calf_matrix-input-array" count="61"> 0 1 2 3 4 5 6 7 8 9 10 11 12 13 14 15 16 17 18 19 20 21 22 23 24 25 26 27 28 29 30 31 32 33 34 35 36 37 38 39 40 41 42 43 44 45 46 47 48 49 50 51 52 53 54 55 56 57 58 59 60 </float_array>
        <technique_common>
          <accessor count="61" offset="0" source="#B_L_Calf_matrix-input-array" stride="1">
            <param name="TIME" type="float" />
          </accessor>
        </technique_common>
      </source>
      <source id="B_L_Calf_matrix-output" name="B_L_Calf_matrix-output">
        <float_array id="B_L_Calf_matrix-output-array" count="976"> 0.87463593 0.484781 4.9509669e-07 50.282753 -0.48478106 0.87463582 7.9629699e-06 0 3.4272673e-06 -7.2047114e-06 1.0000001 3.8146973e-06 0 0 0 1 0.87080562 0.49162793 3.7284971e-07 50.282753 -0.49162793 0.87080562 7.9347792e-06 -1.9073486e-06 3.5762787e-06 -7.0929523e-06 1.0000002 7.6293945e-06 0 0 0 1 0.8636719 0.50405478 4.7258214e-07 50.282753 -0.50405484 0.86367184 8.0230166e-06 0 3.6358833e-06 -7.1674599e-06 1.0000001 3.8146973e-06 0 0 0 1 0.86284572 0.50546801 5.5091419e-07 50.282749 -0.50546807 0.8628456 7.8976864e-06 0 3.5166745e-06 -7.0929532e-06 1.0000001 0 0 0 0 1 0.86925507 0.49436417 4.4580858e-07 50.282745 -0.49436417 0.86925507 7.9576912e-06 4.7683716e-07 3.5464761e-06 -7.1376562e-06 0.99999994 0 0 0 0 1 0.87745863 0.47965258 4.3304453e-07 50.282742 -0.47965264 0.87745851 7.9996398e-06 0 3.4570694e-06 -7.2270627e-06 1 0 0 0 0 1 0.88435018 0.46682471 4.6220288e-07 50.282745 -0.46682471 0.88435018 7.9618903e-06 7.1525574e-07 3.3080576e-06 -7.256866e-06 1.0000001 0 0 0 0 1 0.89090919 0.45418185 3.4198865e-07 50.282745 -0.45418179 0.89090931 7.9543888e-06 4.4703484e-07 3.3080576e-06 -7.2419639e-06 1 1.1444092e-05 0 0 0 1 0.89699525 0.44204083 4.5399406e-07 50.282753 -0.44204083 0.89699525 7.9329147e-06 4.7683716e-07 3.0994415e-06 -7.3164706e-06 1 3.8146973e-06 0 0 0 1 0.90246773 0.430758 4.2111157e-07 50.282757 -0.43075803 0.90246761 7.9392066e-06 7.1525574e-07 3.0398371e-06 -7.3462729e-06 1.0000001 7.6293945e-06 0 0 0 1 0.90718919 0.42072326 4.2041844e-07 50.282738 -0.42072326 0.90718919 7.9192887e-06 0 2.9504299e-06 -7.3611736e-06 0.99999994 3.8146973e-06 0 0 0 1 0.9110266 0.41234815 3.5973528e-07 50.282745 -0.41234818 0.91102648 7.9499769e-06 4.7683716e-07 2.9504301e-06 -7.3909755e-06 1 0 0 0 0 1 0.91385192 0.40604827 3.714083e-07 50.282761 -0.40604827 0.91385192 7.9553038e-06 0 2.890825e-06 -7.4207792e-06 1 3.8146973e-06 0 0 0 1 0.91554934 0.40220642 3.7127046e-07 50.282745 -0.40220648 0.91554928 7.9584488e-06 0 2.8610225e-06 -7.435679e-06 1.0000001 7.6293945e-06 0 0 0 1 0.91601515 0.40114427 4.0727218e-07 50.282753 -0.4011443 0.91601503 7.9878682e-06 4.7683716e-07 2.8312206e-06 -7.480382e-06 1 3.8146973e-06 0 0 0 1 0.91516358 0.40308329 3.8490094e-07 50.282742 -0.40308332 0.91516346 7.9717274e-06 -2.3841858e-07 2.8610229e-06 -7.4505797e-06 1.0000001 7.6293945e-06 0 0 0 1 0.91292137 0.40813568 3.8062717e-07 50.282745 -0.40813577 0.91292119 8.0074096e-06 0 2.9206276e-06 -7.4654813e-06 1 7.6293945e-06 0 0 0 1 0.90923733 0.41627878 3.7937468e-07 50.282745 -0.41627881 0.90923721 7.9878528e-06 7.1525574e-07 2.9802325e-06 -7.4207783e-06 1 3.8146973e-06 0 0 0 1 0.90407288 0.42737886 3.5662563e-07 50.282753 -0.42737886 0.90407288 8.0066138e-06 2.3841858e-07 3.0994415e-06 -7.390976e-06 1.0000001 3.8146973e-06 0 0 0 1 0.89740974 0.44119841 4.2637475e-07 50.282745 -0.44119835 0.89740986 7.9598585e-06 -2.9802322e-08 3.1292439e-06 -7.3313718e-06 1 7.6293945e-06 0 0 0 1 0.88923913 0.45744312 4.3095213e-07 50.282745 -0.45744318 0.88923901 7.9390684e-06 2.3841858e-07 3.2484534e-06 -7.2568655e-06 1 3.8146973e-06 0 0 0 1 0.85931808 0.51144212 4.5478282e-07 50.282745 -0.51144224 0.8593179 7.9314696e-06 0 3.6656852e-06 -7.0482483e-06 1 7.6293945e-06 0 0 0 1 0.80355251 0.59523404 5.0740431e-07 50.282745 -0.59523416 0.80355233 7.8948096e-06 -9.5367432e-07 4.2915344e-06 -6.6459174e-06 0.99999994 0 0 0 0 1 0.74445337 0.66767484 5.7905572e-07 50.282749 -0.6676746 0.74445367 7.7874029e-06 0 4.7683707e-06 -6.183981e-06 1 3.8146973e-06 0 0 0 1 0.69970089 0.71443623 6.9211927e-07 50.282745 -0.71443623 0.69970089 7.7693012e-06 0 5.0663944e-06 -5.9306626e-06 0.99999994 0 0 0 0 1 0.68229884 0.7310735 7.5658409e-07 50.282745 -0.73107368 0.68229866 7.7177119e-06 3.8146973e-06 5.1259999e-06 -5.818903e-06 1 3.8146973e-06 0 0 0 1 0.69754291 0.71654356 7.0543842e-07 50.282745 -0.71654356 0.69754291 7.7989262e-06 0 5.0961971e-06 -5.9455633e-06 1 0 0 0 0 1 0.73404098 0.67910534 6.1188774e-07 50.282745 -0.67910516 0.73404115 7.8584753e-06 3.8146973e-06 4.8875809e-06 -6.1839814e-06 0.99999994 3.8146973e-06 0 0 0 1 0.77866298 0.62744302 6.1441006e-07 50.282753 -0.62744302 0.77866298 7.9346955e-06 3.8146973e-06 4.5001507e-06 -6.5639606e-06 1 7.6293945e-06 0 0 0 1 0.81755972 0.57584411 5.675862e-07 50.282753 -0.57584405 0.81755978 7.9479096e-06 3.8146973e-06 4.1127209e-06 -6.8247323e-06 1 3.8146973e-06 0 0 0 1 0.83513021 0.55005264 5.361079e-07 50.282757 -0.5500527 0.83513016 7.9929214e-06 3.8146973e-06 3.9488077e-06 -6.9700172e-06 1 3.8146973e-06 0 0 0 1 0.84194732 0.53956008 5.2235157e-07 50.282745 -0.53955996 0.8419475 7.9127276e-06 -3.8146973e-06 3.8295989e-06 -6.9439416e-06 1 3.8146973e-06 0 0 0 1 0.84664416 0.53215963 4.8793999e-07 50.282745 -0.53215963 0.84664416 8.0006266e-06 0 3.8445e-06 -7.0333472e-06 0.99999988 7.6293945e-06 0 0 0 1 0.84938544 0.52777332 4.5957719e-07 50.282745 -0.52777332 0.84938544 7.8546045e-06 0 3.7550926e-06 -6.9141397e-06 0.99999994 3.8146973e-06 0 0 0 1 0.85033256 0.52624619 5.2779836e-07 50.282761 -0.52624613 0.85033268 7.9884603e-06 3.8146973e-06 3.7550922e-06 -7.0706014e-06 0.99999994 0 0 0 0 1 0.84964538 0.5273549 5.126783e-07 50.282753 -0.52735478 0.84964556 7.946619e-06 7.6293945e-06 3.7550924e-06 -7.0221731e-06 1 3.8146973e-06 0 0 0 1 0.8474769 0.53083265 5.7962342e-07 50.282745 -0.53083253 0.84747708 7.9712681e-06 7.6293945e-06 3.7401917e-06 -7.0631513e-06 0.99999994 0 0 0 0 1 0.84398174 0.5363723 5.7070429e-07 50.282734 -0.53637218 0.84398192 7.926692e-06 7.6293945e-06 3.7699933e-06 -6.9960952e-06 1 0 0 0 0 1 0.8393082 0.54365629 5.3183976e-07 50.282753 -0.54365629 0.8393082 7.9200372e-06 3.8146973e-06 3.8594007e-06 -6.9364905e-06 1 0 0 0 0 1 0.83360678 0.55235881 5.6269027e-07 50.282749 -0.55235875 0.8336069 7.8633029e-06 0 3.8743024e-06 -6.8657105e-06 1 0 0 0 0 1 0.82702667 0.56216305 5.4087724e-07 50.282745 -0.56216294 0.82702684 7.9790643e-06 -3.8146973e-06 4.0382142e-06 -6.9029625e-06 0.99999994 7.6293945e-06 0 0 0 1 0.81971955 0.57276529 5.2915709e-07 50.282742 -0.57276529 0.81971955 7.9377742e-06 -3.8146973e-06 4.1127209e-06 -6.8098316e-06 1 0 0 0 0 1 0.81184125 0.58387882 5.6423687e-07 50.282745 -0.58387864 0.81184143 7.8538451e-06 3.8146973e-06 4.1276217e-06 -6.705523e-06 1 3.8146973e-06 0 0 0 1 0.80355483 0.59523106 5.0160912e-07 50.282745 -0.59523112 0.80355477 7.8619933e-06 3.8146973e-06 4.2766333e-06 -6.6161165e-06 0.99999994 3.8146973e-06 0 0 0 1 0.79502982 0.6065709 6.4362717e-07 50.282757 -0.60657072 0.79503 7.9432439e-06 0 4.3064356e-06 -6.7055225e-06 1.0000001 3.8146973e-06 0 0 0 1 0.78645098 0.61765295 6.6659163e-07 50.282745 -0.61765289 0.78645104 7.9175243e-06 3.8146973e-06 4.3660407e-06 -6.6384669e-06 1 7.6293945e-06 0 0 0 1 0.76515096 0.64385128 5.5141004e-07 50.282745 -0.64385128 0.76515096 7.783583e-06 -3.8146973e-06 4.5895576e-06 -6.3106418e-06 1 7.6293945e-06 0 0 0 1 0.72785693 0.6857295 6.830781e-07 50.282753 -0.68572944 0.72785699 7.8526091e-06 -3.8146973e-06 4.8875813e-06 -6.1839824e-06 1.0000001 0 0 0 0 1 0.68854588 0.72519314 8.2754718e-07 50.282742 -0.72519314 0.68854588 7.7309014e-06 0 5.0365929e-06 -5.923212e-06 1 -3.8146973e-06 0 0 0 1 0.66039377 0.75091964 7.208007e-07 50.282753 -0.75091982 0.6603936 7.698326e-06 3.8146973e-06 5.3048138e-06 -5.6251884e-06 1 3.8146973e-06 0 0 0 1 0.65579373 0.75494033 7.4588888e-07 50.282745 -0.75494033 0.65579373 7.8326357e-06 7.6293945e-06 5.4240227e-06 -5.6996946e-06 1 0 0 0 0 1 0.68139142 0.73191959 7.612739e-07 50.282745 -0.73191959 0.68139142 7.8750927e-06 7.6293945e-06 5.2452087e-06 -5.9232116e-06 1 3.8146973e-06 0 0 0 1 0.72801828 0.68555778 7.0161394e-07 50.282749 -0.68555772 0.72801834 7.7005307e-06 0 4.7683716e-06 -6.0871253e-06 0.99999994 0 0 0 0 1 0.78398955 0.62077427 6.0312431e-07 50.282745 -0.62077427 0.78398955 7.8189196e-06 0 4.3809418e-06 -6.504356e-06 0.99999994 0 0 0 0 1 0.83712345 0.54701436 5.4293997e-07 50.282753 -0.54701442 0.83712339 7.9135225e-06 3.8146973e-06 3.8743019e-06 -6.9215898e-06 1.0000001 7.6293945e-06 0 0 0 1 0.87463605 0.48478037 4.8064271e-07 50.282753 -0.48478037 0.87463605 7.9369038e-06 1.9073486e-06 3.4272673e-06 -7.1749082e-06 1 3.8146973e-06 0 0 0 1 0.89091253 0.454175 5.2205837e-07 50.282742 -0.45417494 0.89091265 7.9796446e-06 3.8146973e-06 3.1590462e-06 -7.346272e-06 1 0 0 0 0 1 0.89295626 0.45014381 4.8934157e-07 50.282738 -0.45014372 0.89295644 7.988574e-06 0 3.1590457e-06 -7.3537235e-06 1 0 0 0 0 1 0.88683254 0.46209133 2.7605049e-07 50.282742 -0.46209127 0.88683265 7.9466499e-06 1.9073486e-06 3.4272671e-06 -7.17491e-06 0.99999988 3.8146973e-06 0 0 0 1 0.87869436 0.47738534 3.8166445e-07 50.282749 -0.47738534 0.87869436 7.8817538e-06 1.9073486e-06 3.4272675e-06 -7.1078539e-06 1 3.8146973e-06 0 0 0 1 0.87463546 0.48478141 4.7264598e-07 50.282745 -0.48478141 0.87463546 7.9839338e-06 0 3.4570696e-06 -7.2121616e-06 1 0 0 0 0 1 </float_array>
        <technique_common>
          <accessor count="61" offset="0" source="#B_L_Calf_matrix-output-array" stride="16">
