<?xml version="1.0" encoding="UTF-8" standalone="no" ?>
<COLLADA xmlns="http://www.collada.org/2005/11/COLLADASchema" version="1.4.1">
  <asset>
    <contributor>
      <author>Assimp</author>
      <authoring_tool>FBX SDK/FBX Plugins version 2013.1</authoring_tool>
    </contributor>
    <created>2020-08-21T10:29:00</created>
    <modified>2020-08-21T10:29:00</modified>
    <unit name="meter" meter="1" />
    <up_axis>Y_UP</up_axis>
  </asset>
  <library_geometries>
  </library_geometries>
  <library_controllers>
  </library_controllers>
  <library_visual_scenes>
    <visual_scene id="RootNode" name="RootNode">
      <node id="Motion_aAssimpFbxa_Translation"  name="Motion_$AssimpFbx$_Translation" type="NODE">
        <matrix sid="matrix">1 0 0 9.92585e-07 0 1 0 0 0 0 1 -0.17328988 0 0 0 1</matrix>
        <node id="Motion_aAssimpFbxa_PreRotation"  name="Motion_$AssimpFbx$_PreRotation" type="NODE">
          <matrix sid="matrix">1 0 0 0 0 -4.3711388e-08 1 0 0 -1 -4.3711388e-08 0 0 0 0 1</matrix>
          <node id="Motion_aAssimpFbxa_Rotation"  name="Motion_$AssimpFbx$_Rotation" type="NODE">
            <matrix sid="matrix">1.3868001e-06 1 0 0 -1 1.3868001e-06 0 0 0 0 1 0 0 0 0 1</matrix>
            <node id="Motion_aAssimpFbxa_Scaling"  name="Motion_$AssimpFbx$_Scaling" type="NODE">
              <matrix sid="matrix">1 0 0 0 0 1 0 0 0 0 1 0 0 0 0 1</matrix>
              <node id="Motion"  name="Motion" type="NODE">
                <matrix sid="matrix">1 0 0 0 0 1 0 0 0 0 1 0 0 0 0 1</matrix>
                <node id="B_Pelvis"  name="B_Pelvis" type="NODE">
                  <matrix sid="matrix">-4.3711388e-08 0.60876256 0.79335248 0.17328988 0 -0.79335248 0.60876256 -1.2122457e-06 1 2.6609857e-08 3.4678539e-08 57.236027 0 0 0 1</matrix>
                  <node id="B_Spine"  name="B_Spine" type="NODE">
                    <matrix sid="matrix">0.99587595 0.050653085 -0.075268134 7.6762695 -0.031831298 0.97196919 0.23294339 -1.626834 0.084957615 -0.22958684 0.96957314 -0.0073806122 0 0 0 1</matrix>
                    <node id="B_Spine1"  name="B_Spine1" type="NODE">
                      <matrix sid="matrix">0.99903959 -0.020619892 -0.038661513 12.747704 0.020982157 0.99973947 0.0089879334 -0.014277101 0.038466111 -0.0097905025 0.99921197 0.00013971329 0 0 0 1</matrix>
                      <node id="B_Spine2"  name="B_Spine2" type="NODE">
                        <matrix sid="matrix">0.9983142 -0.044820141 -0.036876369 17.935333 0.045539625 0.99878365 0.018907296 -0.026448965 0.035984084 -0.020554757 0.99914092 0.0005273819 0 0 0 1</matrix>
                        <node id="B_L_Clavicle"  name="B_L_Clavicle" type="NODE">
                          <matrix sid="matrix">-0.017590661 -0.00078433752 0.99984497 17.736855 -0.17375694 -0.98478115 -0.0038294941 0.073140144 0.98463148 -0.17379735 0.017186666 5.0180149 0 0 0 1</matrix>
                          <node id="B_L_UpperArm"  name="B_L_UpperArm" type="NODE">
                            <matrix sid="matrix">0.3297576 0.082509995 0.94045311 17.464663 -0.93243748 -0.12740456 0.33812481 3.8146973e-06 0.14771669 -0.98841298 0.034922794 7.6293945e-06 0 0 0 1</matrix>
                            <node id="B_L_Forearm"  name="B_L_Forearm" type="NODE">
                              <matrix sid="matrix">0.032895308 0.99512112 0.093014687 27.628187 -0.99945879 0.032752573 0.003061092 0 -3.1292444e-07 -0.093065046 0.99566001 -1.4305115e-05 0 0 0 1</matrix>
                              <node id="B_L_ForeArmTwist"  name="B_L_ForeArmTwist" type="NODE">
                                <matrix sid="matrix">1 6.7842556e-08 -2.8549783e-07 11.992645 -4.0978179e-08 0.99566001 0.093065307 -3.8146973e-06 2.9057256e-07 -0.093065307 0.99566001 2.2888184e-05 0 0 0 1</matrix>
                                <node id="B_L_Hand"  name="B_L_Hand" type="NODE">
                                  <matrix sid="matrix">0.96226168 -0.26206902 0.073295787 11.992653 -0.094868332 -0.070617937 0.99298191 0 -0.25505379 -0.96246189 -0.092814989 -1.9073486e-06 0 0 0 1</matrix>
                                  <node id="B_L_Finger0"  name="B_L_Finger0" type="NODE">
                                    <matrix sid="matrix">0.80900651 0.13246377 0.57267946 1.4603348 0.15583242 0.89108133 -0.42625141 1.9355392 -0.56676686 0.43408224 0.70024848 -2.4376564 0 0 0 1</matrix>
                                    <node id="B_L_Finger01"  name="B_L_Finger01" type="NODE">
                                      <matrix sid="matrix">0.80299312 -0.59598833 4.1692893e-08 3.7139893 0.59598833 0.80299312 -6.1692269e-09 0 -2.9802315e-08 2.9802322e-08 1 -3.8146973e-05 0 0 0 1</matrix>
                                      <node id="B_L_Finger02"  name="B_L_Finger02" type="NODE">
                                        <matrix sid="matrix">0.5521847 -0.83372182 -9.9742479e-08 5.5299377 0.83372182 0.5521847 1.19261e-07 7.6293945e-06 -4.4354223e-08 -1.4901158e-07 1 3.0517578e-05 0 0 0 1</matrix>
                                      </node>
                                    </node>
                                  </node>
                                  <node id="B_L_Finger1"  name="B_L_Finger1" type="NODE">
                                    <matrix sid="matrix">0.27254906 -0.95552641 0.11263381 11.62545 0.92804098 0.23019104 -0.29283458 3.1205368 0.25388387 0.18434057 0.94950598 -3.0983505 0 0 0 1</matrix>
                                    <node id="B_L_Finger11"  name="B_L_Finger11" type="NODE">
                                      <matrix sid="matrix">-0.25881925 -0.96592575 -6.7086262e-08 4.4568272 0.96592575 -0.25881925 1.2877917e-08 0 -2.9802329e-08 -6.1467297e-08 1 1.5258789e-05 0 0 0 1</matrix>
                                      <node id="B_L_Finger12"  name="B_L_Finger12" type="NODE">
                                        <matrix sid="matrix">0.57357585 -0.81915247 2.8440471e-07 3.3311462 0.81915247 0.57357585 -2.1733297e-07 -7.6293945e-06 1.490116e-08 3.5762775e-07 1 -1.5258789e-05 0 0 0 1</matrix>
                                      </node>
                                    </node>
                                  </node>
                                  <node id="B_L_Finger2"  name="B_L_Finger2" type="NODE">
                                    <matrix sid="matrix">0.2580848 -0.96503466 0.04582921 11.814079 0.96096498 0.25152332 -0.11524847 2.4381027 0.099691652 0.07378415 0.99227893 0.83572769 0 0 0 1</matrix>
                                    <node id="B_L_Finger21"  name="B_L_Finger21" type="NODE">
                                      <matrix sid="matrix">-0.62068564 -0.78405952 4.882632e-07 5.1996307 0.78405952 -0.62068564 1.3945737e-07 3.0517578e-05 1.9371507e-07 4.6938658e-07 1 1.1444092e-05 0 0 0 1</matrix>
                                      <node id="B_L_Finger22"  name="B_L_Finger22" type="NODE">
                                        <matrix sid="matrix">0.44828618 -0.89389008 3.606478e-08 5.1996307 0.89389008 0.44828618 2.0487495e-07 1.5258789e-05 -1.9930303e-07 -5.9604659e-08 1 0 0 0 0 1</matrix>
                                      </node>
                                    </node>
                                  </node>
                                  <node id="B_L_Finger3"  name="B_L_Finger3" type="NODE">
                                    <matrix sid="matrix">0.13847044 -0.99036652 0.00029714688 11.814049 0.99036658 0.13847046 5.9196562e-05 1.9342384 -9.9772355e-05 0.00028608734 0.99999994 4.6002388 0 0 0 1</matrix>
                                    <node id="B_L_Finger31"  name="B_L_Finger31" type="NODE">
                                      <matrix sid="matrix">-0.058766864 -0.99827176 -8.4079318e-07 4.4568024 0.99827176 -0.058766864 -1.1690181e-06 0 1.1175869e-06 -9.0803957e-07 1 7.6293945e-06 0 0 0 1</matrix>
                                      <node id="B_L_Finger32"  name="B_L_Finger32" type="NODE">
                                        <matrix sid="matrix">-0.058766745 -0.99827176 -1.896438e-06 4.4567871 0.99827176 -0.058766745 -1.6360553e-06 -2.2888184e-05 1.5217803e-06 -1.9893059e-06 1 3.8146973e-06 0 0 0 1</matrix>
                                      </node>
                                    </node>
                                  </node>
                                  <node id="B_L_Finger4"  name="B_L_Finger4" type="NODE">
                                    <matrix sid="matrix">0.14714384 -0.98122936 -0.12465006 11.857185 0.9836868 0.15835439 -0.085347049 4.052887 0.10348392 -0.11005833 0.98852324 6.5145302 0 0 0 1</matrix>
                                    <node id="B_L_Finger41"  name="B_L_Finger41" type="NODE">
                                      <matrix sid="matrix">-0.18123157 -0.98344046 -2.060679e-06 3.3276539 0.98344046 -0.18123157 -3.8079052e-06 0 3.3713877e-06 -2.7166677e-06 1 1.9073486e-05 0 0 0 1</matrix>
                                      <node id="B_L_Finger42"  name="B_L_Finger42" type="NODE">
                                        <matrix sid="matrix">0.0019773988 -0.99999803 -2.2843935e-06 3.327652 0.99999803 0.0019773988 -3.2234536e-06 -2.2888184e-05 3.2279645e-06 -2.278015e-06 1 -2.6702881e-05 0 0 0 1</matrix>
                                      </node>
                                    </node>
                                  </node>
                                </node>
                              </node>
                            </node>
                          </node>
                        </node>
                        <node id="B_R_Clavicle"  name="B_R_Clavicle" type="NODE">
                          <matrix sid="matrix">-0.10452852 -0.00079609 -0.9945215 17.736855 0.00023392974 -0.99999964 0.0007758881 0.074661255 -0.99452186 -0.00015154574 0.10452867 -5.0179625 0 0 0 1</matrix>
                          <node id="B_R_UpperArm"  name="B_R_UpperArm" type="NODE">
                            <matrix sid="matrix">-0.40103292 0.62238377 -0.67216897 17.464664 -0.86648732 -0.019606382 0.49881393 1.5974045e-05 0.29727489 0.78246665 0.54715043 7.6293945e-06 0 0 0 1</matrix>
                            <node id="B_R_Forearm"  name="B_R_Forearm" type="NODE">
                              <matrix sid="matrix">0.39944056 0.91557515 -0.046577122 27.628185 -0.91675907 0.39892471 -0.020293895 7.6293945e-06 1.7881401e-07 0.050806206 0.99870855 7.6293945e-06 0 0 0 1</matrix>
                              <node id="B_R_ForeArmTwist"  name="B_R_ForeArmTwist" type="NODE">
                                <matrix sid="matrix">1 5.9527668e-08 -3.028291e-09 11.99263 -5.9604645e-08 0.99870855 -0.050806291 -7.6293945e-06 0 0.050806291 0.99870855 0 0 0 0 1</matrix>
                                <node id="B_R_Hand"  name="B_R_Hand" type="NODE">
                                  <matrix sid="matrix">0.80650473 -0.058809102 -0.58829546 11.992653 -0.58967483 -0.007942766 -0.80760169 -3.8146973e-06 0.042821638 0.99823767 -0.041084129 -1.5258789e-05 0 0 0 1</matrix>
                                  <node id="B_R_Finger0"  name="B_R_Finger0" type="NODE">
                                    <matrix sid="matrix">0.80900651 0.13246369 -0.5726794 1.4603119 0.15583247 0.89108133 0.42625141 1.9355469 0.5667668 -0.43408224 0.70024848 2.4376621 0 0 0 1</matrix>
                                    <node id="B_R_Finger01"  name="B_R_Finger01" type="NODE">
                                      <matrix sid="matrix">0.80299306 -0.59598839 -1.9799057e-07 3.7140198 0.59598839 0.80299306 -2.5829246e-07 -1.5258789e-05 3.1292436e-07 8.940696e-08 1 7.6293945e-06 0 0 0 1</matrix>
                                      <node id="B_R_Finger02"  name="B_R_Finger02" type="NODE">
                                        <matrix sid="matrix">0.55218494 -0.83372164 3.384917e-07 5.5299358 0.83372164 0.55218494 1.332736e-07 2.2888184e-05 -2.9802311e-07 2.086162e-07 1 2.2888184e-05 0 0 0 1</matrix>
                                      </node>
                                    </node>
                                  </node>
                                  <node id="B_R_Finger1"  name="B_R_Finger1" type="NODE">
                                    <matrix sid="matrix">0.27254859 -0.95552653 -0.11263383 11.625458 0.92804098 0.23019049 0.292835 3.1205444 -0.25388435 -0.18434057 0.94950587 3.0983524 0 0 0 1</matrix>
                                    <node id="B_R_Finger11"  name="B_R_Finger11" type="NODE">
                                      <matrix sid="matrix">-0.25881937 -0.96592575 -1.1219485e-07 4.4568195 0.96592575 -0.25881937 8.504486e-09 -1.5258789e-05 -3.7252899e-08 -1.0617077e-07 1 3.8146973e-06 0 0 0 1</matrix>
                                      <node id="B_R_Finger12"  name="B_R_Finger12" type="NODE">
                                        <matrix sid="matrix">0.57357562 -0.81915259 2.1548439e-07 3.3311386 0.81915259 0.57357562 1.5836261e-07 -7.6293945e-06 -2.5331974e-07 8.568167e-08 1 -1.1444092e-05 0 0 0 1</matrix>
                                      </node>
                                    </node>
                                  </node>
                                  <node id="B_R_Finger2"  name="B_R_Finger2" type="NODE">
                                    <matrix sid="matrix">0.25808468 -0.96503466 -0.045829326 11.814049 0.96096504 0.25152317 0.11524843 2.4381256 -0.0996916 -0.073784232 0.99227887 -0.83571815 0 0 0 1</matrix>
                                    <node id="B_R_Finger21"  name="B_R_Finger21" type="NODE">
                                      <matrix sid="matrix">-0.62068546 -0.7840597 -1.7354478e-07 5.1995926 0.7840597 -0.62068546 -3.2855063e-08 -7.6293945e-06 -8.1956387e-08 -1.5646212e-07 1 -3.0517578e-05 0 0 0 1</matrix>
                                      <node id="B_R_Finger22"  name="B_R_Finger22" type="NODE">
                                        <matrix sid="matrix">0.44828641 -0.89388996 -3.3180061e-08 5.1996078 0.89388996 0.44828641 1.1665995e-07 0 -8.9406996e-08 -8.1956401e-08 1 2.2888184e-05 0 0 0 1</matrix>
                                      </node>
                                    </node>
                                  </node>
                                  <node id="B_R_Finger3"  name="B_R_Finger3" type="NODE">
                                    <matrix sid="matrix">0.1384702 -0.99036652 -0.00029833658 11.814049 0.99036658 0.13847022 -5.9419832e-05 1.9342728 0.00010015815 -0.00028723472 0.99999994 -4.6002522 0 0 0 1</matrix>
                                    <node id="B_R_Finger31"  name="B_R_Finger31" type="NODE">
                                      <matrix sid="matrix">-0.058766864 -0.99827176 -1.0053385e-08 4.4567833 0.99827176 -0.058766864 -2.0956925e-07 -1.5258789e-05 2.0861626e-07 -2.2351736e-08 1 1.9073486e-06 0 0 0 1</matrix>
                                      <node id="B_R_Finger32"  name="B_R_Finger32" type="NODE">
                                        <matrix sid="matrix">-0.058766864 -0.99827176 6.4839935e-07 4.4568329 0.99827176 -0.058766864 -1.1109923e-07 0 1.4901161e-07 6.4074976e-07 1 -1.335144e-05 0 0 0 1</matrix>
                                      </node>
                                    </node>
                                  </node>
                                  <node id="B_R_Finger4"  name="B_R_Finger4" type="NODE">
                                    <matrix sid="matrix">0.14714396 -0.98122966 0.12464768 11.857231 0.98368686 0.15835427 0.085347176 4.0529175 -0.10348367 0.11005596 0.98852354 -6.5145645 0 0 0 1</matrix>
                                    <node id="B_R_Finger41"  name="B_R_Finger41" type="NODE">
                                      <matrix sid="matrix">-0.18123135 -0.98344052 2.9304746e-07 3.3276787 0.98344052 -0.18123135 6.2978239e-07 3.8146973e-05 -5.6624413e-07 4.0233104e-07 1 3.0517578e-05 0 0 0 1</matrix>
                                      <node id="B_R_Finger42"  name="B_R_Finger42" type="NODE">
                                        <matrix sid="matrix">0.0019769219 -0.99999803 2.8429972e-07 3.3276978 0.99999803 0.0019769219 5.9548569e-07 3.8146973e-05 -5.9604662e-07 2.8312195e-07 1 -3.8146973e-06 0 0 0 1</matrix>
                                      </node>
                                    </node>
                                  </node>
                                </node>
                              </node>
                            </node>
                          </node>
                        </node>
                        <node id="B_Neck"  name="B_Neck" type="NODE">
                          <matrix sid="matrix">0.9745459 -0.20556869 -0.089452863 27.039749 0.2092856 0.97725385 0.034271084 1.128233 0.080373086 -0.052119937 0.99540126 0.00061416626 0 0 0 1</matrix>
                          <node id="B_Head"  name="B_Head" type="NODE">
                            <matrix sid="matrix">0.94820386 0.11665488 -0.29546744 10.019318 -0.27651116 0.76095277 -0.58693486 1.4083118 0.15636794 0.6382339 0.75379473 0 0 0 0 1</matrix>
                          </node>
                        </node>
                      </node>
                    </node>
                  </node>
                  <node id="B_L_Thigh"  name="B_L_Thigh" type="NODE">
                    <matrix sid="matrix">-0.22730239 0.77524698 -0.58934343 3.8146973e-06 0.71271497 0.54483187 0.44180945 1.5756021e-05 0.66360456 -0.31960958 -0.67637175 11.161454 0 0 0 1</matrix>
                    <node id="B_L_Calf"  name="B_L_Calf" type="NODE">
                      <matrix sid="matrix">-0.3433902 0.93919283 9.7955217e-07 50.282757 -0.93919283 -0.3433902 6.8449817e-06 -3.8146973e-06 6.7651263e-06 1.4305111e-06 1 3.8146973e-06 0 0 0 1</matrix>
                      <node id="B_L_Foot"  name="B_L_Foot" type="NODE">
                        <matrix sid="matrix">0.65014595 -0.64855266 -0.39584038 39.728127 0.48062286 0.75453663 -0.44685125 -7.6293945e-06 0.58848274 0.10026862 0.80226821 -3.8146973e-06 0 0 0 1</matrix>
                        <node id="B_L_Toe0"  name="B_L_Toe0" type="NODE">
                          <matrix sid="matrix">-4.3711388e-08 -1 -5.6529259e-08 18.214443 1 -4.3711388e-08 -2.4709723e-15 14.545963 0 -5.6529259e-08 1 0.020648956 0 0 0 1</matrix>
                        </node>
                      </node>
                    </node>
                  </node>
                  <node id="B_R_Thigh"  name="B_R_Thigh" type="NODE">
                    <matrix sid="matrix">-0.58057433 0.40094191 0.70864588 0 0.53461206 0.84416813 -0.039625317 -1.2895005e-05 -0.61410367 0.35584521 -0.70445073 -11.16145 0 0 0 1</matrix>
                    <node id="B_R_Calf"  name="B_R_Calf" type="NODE">
                      <matrix sid="matrix">-0.45702043 0.88945621 -1.2546673e-07 50.282745 -0.88945621 -0.45702043 -4.7436765e-06 3.8146973e-06 -4.2766333e-06 -2.05636e-06 1 -3.8146973e-06 0 0 0 1</matrix>
                      <node id="B_R_Foot"  name="B_R_Foot" type="NODE">
                        <matrix sid="matrix">0.55178189 -0.76929224 0.32206568 39.72813 0.46332029 0.60386008 0.64860415 5.7220459e-06 -0.69344866 -0.20866847 0.68962771 7.6293945e-06 0 0 0 1</matrix>
                        <node id="B_R_Toe0"  name="B_R_Toe0" type="NODE">
                          <matrix sid="matrix">-0.42301285 -0.9061237 0.00013905772 18.214441 0.9061237 -0.42301285 0.00010991318 14.545954 -4.0771731e-05 0.00017249817 1 -0.020652771 0 0 0 1</matrix>
                        </node>
                      </node>
                    </node>
                  </node>
                </node>
              </node>
            </node>
          </node>
        </node>
      </node>
      <node id="Exporter_aAssimpFbxa_PreRotation"  name="Exporter_$AssimpFbx$_PreRotation" type="NODE">
        <matrix sid="matrix">1 0 0 0 0 -4.3711388e-08 1 0 0 -1 -4.3711388e-08 0 0 0 0 1</matrix>
        <node id="Exporter"  name="Exporter" type="NODE">
          <matrix sid="matrix">1 0 0 0 0 1 0 0 0 0 1 0 0 0 0 1</matrix>
        </node>
      </node>
    </visual_scene>
  </library_visual_scenes>
  <library_animations>
    <animation id="TakeW001AnimId0" name="Take 001">
      <source id="B_Head_matrix-input" name="B_Head_matrix-input">
        <float_array id="B_Head_matrix-input-array" count="11"> 0 1 2 3 4 5 6 7 8 9 10 </float_array>
        <technique_common>
          <accessor count="11" offset="0" source="#B_Head_matrix-input-array" stride="1">
            <param name="TIME" type="float" />
          </accessor>
        </technique_common>
      </source>
      <source id="B_Head_matrix-output" name="B_Head_matrix-output">
        <float_array id="B_Head_matrix-output-array" count="176"> 0.94820386 0.11665487 -0.29546741 10.019318 -0.27651113 0.76095277 -0.58693475 1.4083118 0.15636794 0.6382339 0.75379467 0 0 0 0 1 0.91533279 0.21009964 -0.34354618 10.01931 -0.39797795 0.60219634 -0.69207859 1.4083157 0.061476782 0.77020603 0.63482517 0 0 0 0 1 0.78707165 -0.18641087 -0.58802152 10.01931 -0.44335809 0.49183273 -0.74935579 1.4083138 0.4288964 0.85050076 0.30446079 0 0 0 0 1 0.70755357 -0.28214362 -0.64789099 10.01931 -0.45095375 0.52560687 -0.72137231 1.4083157 0.54406661 0.80257851 0.2446613 1.9073486e-06 0 0 0 1 0.66048443 -0.30558187 -0.68584263 10.01931 -0.44636899 0.57468832 -0.68592131 1.4083157 0.60375082 0.75917923 0.24317038 -3.8146973e-06 0 0 0 1 0.69068813 -0.24468005 -0.68050122 10.019318 -0.44685945 0.59545153 -0.66764838 1.4083138 0.56856579 0.76522505 0.30193368 -7.6293945e-06 0 0 0 1 0.78205484 -0.10275757 -0.61467952 10.019302 -0.44707486 0.59464699 -0.6682207 1.4083157 0.43418214 0.79739302 0.4191063 3.8146973e-06 0 0 0 1 0.85918671 0.061455578 -0.50795788 10.01931 -0.43492055 0.61066306 -0.66176623 1.4083138 0.26952186 0.78950202 0.55140209 1.9073486e-06 0 0 0 1 0.90411109 0.14599679 -0.40158176 10.01931 -0.39018664 0.66517478 -0.63662916 1.4083138 0.17417629 0.73227543 0.65835798 0 0 0 0 1 0.93516576 0.13765435 -0.32636794 10.019318 -0.31829408 0.73085195 -0.60377496 1.4083138 0.15541443 0.66851074 0.72728235 0 0 0 0 1 0.94820386 0.11665493 -0.29546738 10.019318 -0.27651116 0.76095271 -0.58693475 1.4083138 0.15636791 0.63823384 0.75379473 -3.8146973e-06 0 0 0 1 </float_array>
        <technique_common>
          <accessor count="11" offset="0" source="#B_Head_matrix-output-array" stride="16">
            <param name="TRANSFORM" type="float4x4" />
          </accessor>
        </technique_common>
      </source>
      <source id="B_Head_matrix-interpolation">
        <Name_array id="B_Head_matrix-interpolation-array" count="11"> LINEAR LINEAR LINEAR LINEAR LINEAR LINEAR LINEAR LINEAR LINEAR LINEAR LINEAR </Name_array>
        <technique_common>
          <accessor source="#B_Head_matrix-interpolation-array" count="11" stride="1">
            <param name="INTERPOLATION" type="name"></param>
          </accessor>
        </technique_common>
      </source>
      <source id="B_L_Calf_matrix-input" name="B_L_Calf_matrix-input">
        <float_array id="B_L_Calf_matrix-input-array" count="11"> 0 1 2 3 4 5 6 7 8 9 10 </float_array>
        <technique_common>
          <accessor count="11" offset="0" source="#B_L_Calf_matrix-input-array" stride="1">
            <param name="TIME" type="float" />
          </accessor>
        </technique_common>
      </source>
      <source id="B_L_Calf_matrix-output" name="B_L_Calf_matrix-output">
        <float_array id="B_L_Calf_matrix-output-array" count="176"> -0.34339026 0.93919307 9.7955262e-07 50.282757 -0.93919295 -0.34339032 6.8449817e-06 -3.8146973e-06 6.7651276e-06 1.4305109e-06 1 3.8146973e-06 0 0 0 1 0.39034322 0.92066956 9.0328422e-07 50.282745 -0.92066967 0.39034319 7.3749511e-06 0 6.4373025e-06 -3.7103882e-06 1 0 0 0 0 1 0.63863546 0.76950961 5.9566651e-07 50.282742 -0.76950955 0.63863558 7.7754075e-06 -3.8146973e-06 5.6028362e-06 -5.4240231e-06 1 7.6293945e-06 0 0 0 1 0.55206752 0.83379972 8.8340198e-07 50.282753 -0.83379984 0.55206746 7.5190087e-06 0 5.781651e-06 -4.8875809e-06 1 3.8146973e-06 0 0 0 1 0.34619138 0.93816417 8.4467956e-07 50.282745 -0.93816406 0.34619144 7.3956562e-06 3.8146973e-06 6.6459179e-06 -3.3527613e-06 1 7.6293945e-06 0 0 0 1 0.11951289 0.99283302 8.9735113e-07 50.282757 -0.9928329 0.1195129 7.1020881e-06 -3.8146973e-06 6.943942e-06 -1.7397107e-06 1 7.6293945e-06 0 0 0 1 -0.10043301 0.99494404 9.5998519e-07 50.282753 -0.99494392 -0.10043301 7.0620467e-06 3.8146973e-06 7.1227551e-06 -2.4586899e-07 0.99999994 3.8146973e-06 0 0 0 1 -0.19115344 0.98156023 9.4383944e-07 50.282745 -0.98156023 -0.19115344 6.9513057e-06 3.8146973e-06 7.0035444e-06 4.0233073e-07 0.99999994 7.6293945e-06 0 0 0 1 -0.26810312 0.96339041 9.1895981e-07 50.282753 -0.96339041 -0.26810312 6.8592735e-06 7.6293945e-06 6.8545332e-06 9.5367409e-07 1 3.8146973e-06 0 0 0 1 -0.32094812 0.94709706 9.1929053e-07 50.282749 -0.94709682 -0.32094821 6.7056244e-06 -3.8146973e-06 6.6459183e-06 1.2815004e-06 1.0000001 0 0 0 0 1 -0.34339026 0.93919319 8.7511285e-07 50.282745 -0.93919307 -0.34339032 6.8197037e-06 0 6.7055234e-06 1.5199192e-06 1 0 0 0 0 1 </float_array>
        <technique_common>
          <accessor count="11" offset="0" source="#B_L_Calf_matrix-output-array" stride="16">
            <param name="TRANSFORM" type="float4x4" />
          </accessor>
        </technique_common>
      </source>
      <source id="B_L_Calf_matrix-interpolation">
        <Name_array id="B_L_Calf_matrix-interpolation-array" count="11"> LINEAR LINEAR LINEAR LINEAR LINEAR LINEAR LINEAR LINEAR LINEAR LINEAR LINEAR </Name_array>
        <technique_common>
          <accessor source="#B_L_Calf_matrix-interpolation-array" count="11" stride="1">
            <param name="INTERPOLATION" type="name"></param>
          </accessor>
        </technique_common>
      </source>
      <source id="B_L_Clavicle_matrix-input" name="B_L_Clavicle_matrix-input">
        <float_array id="B_L_Clavicle_matrix-input-array" count="11"> 0 1 2 3 4 5 6 7 8 9 10 </float_array>
        <technique_common>
          <accessor count="11" offset="0" source="#B_L_Clavicle_matrix-input-array" stride="1">
            <param name="TIME" type="float" />
          </accessor>
        </technique_common>
      </source>
      <source id="B_L_Clavicle_matrix-output" name="B_L_Clavicle_matrix-output">
        <float_array id="B_L_Clavicle_matrix-output-array" count="176"> -0.017590642 -0.00078433746 0.99984497 17.736855 -0.17375693 -0.98478109 -0.0038294941 0.073140144 0.98463148 -0.17379734 0.017186642 5.0180149 0 0 0 1 -0.01759088 -0.0007845537 0.99984509 17.736855 -0.1737569 -0.98478138 -0.0038297405 0.073141098 0.98463148 -0.17379735 0.017186822 5.0180149 0 0 0 1 -0.017590642 -0.00078435976 0.99984497 17.736855 -0.17375696 -0.98478109 -0.0038295013 0.073140144 0.98463154 -0.17379734 0.017186521 5.0180159 0 0 0 1 -0.017590642 -0.00078397983 0.99984497 17.736847 -0.17375694 -0.98478109 -0.003829129 0.073141098 0.98463148 -0.17379735 0.017186642 5.0180159 0 0 0 1 -0.017590642 -0.00078433752 0.99984497 17.736847 -0.17375693 -0.98478115 -0.0038294941 0.073141098 0.98463148 -0.17379735 0.017186642 5.0180264 0 0 0 1 -0.01759064 -0.00078420353 0.99984503 17.736839 -0.17375693 -0.98478138 -0.0038293451 0.073142052 0.98463148 -0.17379738 0.017186522 5.018013 0 0 0 1 -0.017590642 -0.00078412157 0.99984497 17.736847 -0.17375696 -0.98478138 -0.0038292629 0.073140621 0.98463154 -0.17379738 0.017186521 5.0180168 0 0 0 1 -0.017590998 -0.00078481418 0.99984467 17.736862 -0.17375703 -0.98478103 -0.0038299921 0.073140383 0.98463136 -0.17379744 0.017186755 5.0180149 0 0 0 1 -0.017590879 -0.00078397972 0.99984497 17.736847 -0.17375705 -0.98478103 -0.0038291588 0.073140144 0.98463142 -0.17379744 0.017186821 5.018013 0 0 0 1 -0.017590642 -0.0007841214 0.99984497 17.736847 -0.17375696 -0.98478121 -0.0038292629 0.073141098 0.98463154 -0.17379735 0.017186521 5.0180173 0 0 0 1 -0.017590642 -0.00078421825 0.99984497 17.736855 -0.17375694 -0.98478109 -0.0038293749 0.073140144 0.98463148 -0.17379734 0.017186642 5.0180168 0 0 0 1 </float_array>
        <technique_common>
          <accessor count="11" offset="0" source="#B_L_Clavicle_matrix-output-array" stride="16">
            <param name="TRANSFORM" type="float4x4" />
          </accessor>
        </technique_common>
      </source>
      <source id="B_L_Clavicle_matrix-interpolation">
        <Name_array id="B_L_Clavicle_matrix-interpolation-array" count="11"> LINEAR LINEAR LINEAR LINEAR LINEAR LINEAR LINEAR LINEAR LINEAR LINEAR LINEAR </Name_array>
        <technique_common>
          <accessor source="#B_L_Clavicle_matrix-interpolation-array" count="11" stride="1">
            <param name="INTERPOLATION" type="name"></param>
          </accessor>
        </technique_common>
      </source>
      <source id="B_L_Finger0_matrix-input" name="B_L_Finger0_matrix-input">
        <float_array id="B_L_Finger0_matrix-input-array" count="11"> 0 1 2 3 4 5 6 7 8 9 10 </float_array>
        <technique_common>
          <accessor count="11" offset="0" source="#B_L_Finger0_matrix-input-array" stride="1">
            <param name="TIME" type="float" />
          </accessor>
        </technique_common>
      </source>
      <source id="B_L_Finger0_matrix-output" name="B_L_Finger0_matrix-output">
        <float_array id="B_L_Finger0_matrix-output-array" count="176"> 0.80900651 0.13246375 0.57267964 1.4603348 0.15583241 0.89108127 -0.42625159 1.9355392 -0.56676674 0.43408221 0.70024872 -2.4376564 0 0 0 1 0.80900651 0.13246365 0.57267952 1.4603271 0.15583244 0.89108139 -0.42625141 1.9355373 -0.56676674 0.43408221 0.70024866 -2.4376526 0 0 0 1 0.80900651 0.13246365 0.57267976 1.4603348 0.15583242 0.89108151 -0.42625153 1.9355469 -0.56676674 0.43408224 0.70024896 -2.4376602 0 0 0 1 0.80900657 0.13246369 0.57267958 1.4603195 0.15583247 0.89108109 -0.42625153 1.9355392 -0.5667668 0.43408215 0.70024866 -2.4376564 0 0 0 1 0.80900657 0.13246362 0.57267958 1.4603348 0.1558325 0.89108151 -0.42625144 1.9355316 -0.5667668 0.43408227 0.70024878 -2.4376545 0 0 0 1 0.80900657 0.13246359 0.57267952 1.4603271 0.15583253 0.89108133 -0.42625141 1.9355392 -0.5667668 0.43408218 0.7002486 -2.4376564 0 0 0 1 0.80900651 0.1324636 0.57267958 1.4603271 0.15583248 0.89108139 -0.42625144 1.9355469 -0.56676674 0.43408221 0.70024878 -2.4376554 0 0 0 1 0.80900669 0.1324636 0.57267952 1.4603348 0.15583245 0.89108121 -0.42625135 1.9355316 -0.56676686 0.43408206 0.70024866 -2.4376583 0 0 0 1 0.80900651 0.13246375 0.57267952 1.4603271 0.15583231 0.89108139 -0.42625144 1.9355469 -0.5667668 0.43408209 0.70024878 -2.4376564 0 0 0 1 0.80900657 0.13246363 0.57267964 1.4603195 0.15583251 0.89108151 -0.42625147 1.9355469 -0.5667668 0.43408224 0.70024878 -2.4376602 0 0 0 1 0.80900651 0.13246375 0.57267964 1.4603348 0.15583241 0.89108127 -0.42625159 1.9355392 -0.56676674 0.43408221 0.70024872 -2.4376564 0 0 0 1 </float_array>
        <technique_common>
          <accessor count="11" offset="0" source="#B_L_Finger0_matrix-output-array" stride="16">
            <param name="TRANSFORM" type="float4x4" />
          </accessor>
        </technique_common>
      </source>
      <source id="B_L_Finger0_matrix-interpolation">
        <Name_array id="B_L_Finger0_matrix-interpolation-array" count="11"> LINEAR LINEAR LINEAR LINEAR LINEAR LINEAR LINEAR LINEAR LINEAR LINEAR LINEAR </Name_array>
        <technique_common>
          <accessor source="#B_L_Finger0_matrix-interpolation-array" count="11" stride="1">
            <param name="INTERPOLATION" type="name"></param>
          </accessor>
        </technique_common>
      </source>
      <source id="B_L_Finger01_matrix-input" name="B_L_Finger01_matrix-input">
        <float_array id="B_L_Finger01_matrix-input-array" count="11"> 0 1 2 3 4 5 6 7 8 9 10 </float_array>
        <technique_common>
          <accessor count="11" offset="0" source="#B_L_Finger01_matrix-input-array" stride="1">
            <param name="TIME" type="float" />
          </accessor>
        </technique_common>
      </source>
      <source id="B_L_Finger01_matrix-output" name="B_L_Finger01_matrix-output">
        <float_array id="B_L_Finger01_matrix-output-array" count="176"> 0.80299318 -0.59598833 4.1692886e-08 3.7139893 0.59598845 0.802993 -6.169226e-09 0 -2.9802322e-08 2.9802322e-08 0.9999997 -3.8146973e-05 0 0 0 1 0.80299336 -0.59598821 -1.7287634e-09 3.7140083 0.59598839 0.80299312 -4.7675645e-08 -3.8146973e-06 2.9802322e-08 3.7252899e-08 0.99999976 -1.5258789e-05 0 0 0 1 0.80299318 -0.59598827 -6.8589976e-08 3.7140045 0.59598839 0.80299294 -1.5761093e-07 1.9073486e-06 1.490116e-07 8.568167e-08 0.99999976 -1.5258789e-05 0 0 0 1 0.80299318 -0.59598833 -8.3385771e-08 3.7140007 0.59598845 0.802993 1.2338445e-08 0 5.9604645e-08 -5.9604645e-08 0.9999997 -3.0517578e-05 0 0 0 1 0.80299318 -0.59598827 -8.2826375e-08 3.7139893 0.59598827 0.80299318 1.2409572e-07 -3.8146973e-06 -7.4505735e-09 -1.4901158e-07 0.99999976 -3.0517578e-05 0 0 0 1 0.8029933 -0.59598833 -1.7575369e-08 3.7139969 0.59598833 0.8029933 6.1183485e-08 -7.6293945e-06 -2.235174e-08 -5.9604645e-08 0.99999988 -3.0517578e-05 0 0 0 1 0.80299318 -0.59598833 2.9913807e-08 3.7139893 0.59598845 0.802993 2.2202283e-08 1.1444092e-05 -3.7252896e-08 -8.8817837e-16 0.99999964 -3.8146973e-05 0 0 0 1 0.80299306 -0.59598839 7.1420239e-08 3.7139893 0.59598839 0.80299306 -2.1219353e-08 7.6293945e-06 -4.470348e-08 5.9604645e-08 0.9999997 -3.0517578e-05 0 0 0 1 0.80299336 -0.59598821 7.1047303e-08 3.7139969 0.59598821 0.80299336 -9.5724232e-08 3.8146973e-06 0 1.1920929e-07 0.99999982 -3.8146973e-05 0 0 0 1 0.80299306 -0.59598815 -1.0731684e-07 3.7139893 0.59598815 0.80299306 -5.4233746e-09 -1.9073486e-06 8.9406967e-08 -5.9604645e-08 0.99999982 -3.0517578e-05 0 0 0 1 0.80299318 -0.59598833 4.1692886e-08 3.7139893 0.59598845 0.802993 -6.169226e-09 1.9073486e-06 -2.9802322e-08 2.9802322e-08 0.9999997 -3.8146973e-05 0 0 0 1 </float_array>
        <technique_common>
          <accessor count="11" offset="0" source="#B_L_Finger01_matrix-output-array" stride="16">
            <param name="TRANSFORM" type="float4x4" />
          </accessor>
        </technique_common>
      </source>
      <source id="B_L_Finger01_matrix-interpolation">
        <Name_array id="B_L_Finger01_matrix-interpolation-array" count="11"> LINEAR LINEAR LINEAR LINEAR LINEAR LINEAR LINEAR LINEAR LINEAR LINEAR LINEAR </Name_array>
        <technique_common>
          <accessor source="#B_L_Finger01_matrix-interpolation-array" count="11" stride="1">
            <param name="INTERPOLATION" type="name"></param>
          </accessor>
        </technique_common>
      </source>
      <source id="B_L_Finger02_matrix-input" name="B_L_Finger02_matrix-input">
        <float_array id="B_L_Finger02_matrix-input-array" count="11"> 0 1 2 3 4 5 6 7 8 9 10 </float_array>
        <technique_common>
          <accessor count="11" offset="0" source="#B_L_Finger02_matrix-input-array" stride="1">
            <param name="TIME" type="float" />
          </accessor>
        </technique_common>
      </source>
      <source id="B_L_Finger02_matrix-output" name="B_L_Finger02_matrix-output">
        <float_array id="B_L_Finger02_matrix-output-array" count="176"> 0.55218488 -0.83372194 -9.9742486e-08 5.5299377 0.83372211 0.55218476 1.1926102e-07 7.6293945e-06 -4.4354231e-08 -1.4901158e-07 1.0000001 3.0517578e-05 0 0 0 1 0.55218488 -0.83372194 -1.5714699e-07 5.5299301 0.83372211 0.55218476 3.2588236e-08 1.1444092e-05 5.9604666e-08 -1.4901161e-07 1 2.2888184e-05 0 0 0 1 0.55218494 -0.83372176 7.4053723e-08 5.5299377 0.83372194 0.55218482 1.1181077e-07 1.1444092e-05 -1.3411045e-07 -1.0658141e-14 0.99999994 1.5258789e-05 0 0 0 1 0.55218476 -0.833722 -3.7351413e-08 5.5299339 0.83372217 0.55218464 5.15479e-08 1.1444092e-05 -2.2351745e-08 -5.9604645e-08 1.0000001 3.0517578e-05 0 0 0 1 0.55218494 -0.83372188 -8.065931e-09 5.5299397 0.83372194 0.55218488 -6.6150072e-08 0 5.9604645e-08 2.9802322e-08 1.0000001 3.0517578e-05 0 0 0 1 0.55218494 -0.83372188 -1.4069059e-07 5.5299435 0.83372194 0.55218488 5.7435088e-08 0 2.9802329e-08 -1.490116e-07 1 2.2888184e-05 0 0 0 1 0.55218482 -0.8337217 -1.1616827e-07 5.5299377 0.83372176 0.55218476 1.4843199e-07 0 -5.9604631e-08 -1.7881392e-07 0.99999994 2.2888184e-05 0 0 0 1 0.55218488 -0.83372188 -4.1627739e-08 5.5299339 0.83372188 0.55218488 9.9062852e-08 1.5258789e-05 -5.9604645e-08 -8.9406953e-08 1.0000001 1.5258789e-05 0 0 0 1 0.55218494 -0.83372176 -9.115918e-08 5.5299377 0.83372194 0.55218482 7.8248974e-08 1.5258789e-05 -1.4901165e-08 -1.1920929e-07 1 3.0517578e-05 0 0 0 1 0.55218482 -0.83372182 -3.0855709e-08 5.5299416 0.833722 0.5521847 -4.6587818e-08 7.6293945e-06 5.5879354e-08 3.5527137e-15 0.99999982 3.0517578e-05 0 0 0 1 0.55218488 -0.83372194 -9.9742486e-08 5.5299416 0.83372211 0.55218476 1.1926102e-07 7.6293945e-06 -4.4354231e-08 -1.4901158e-07 1.0000001 3.0517578e-05 0 0 0 1 </float_array>
        <technique_common>
          <accessor count="11" offset="0" source="#B_L_Finger02_matrix-output-array" stride="16">
            <param name="TRANSFORM" type="float4x4" />
          </accessor>
        </technique_common>
      </source>
      <source id="B_L_Finger02_matrix-interpolation">
        <Name_array id="B_L_Finger02_matrix-interpolation-array" count="11"> LINEAR LINEAR LINEAR LINEAR LINEAR LINEAR LINEAR LINEAR LINEAR LINEAR LINEAR </Name_array>
        <technique_common>
          <accessor source="#B_L_Finger02_matrix-interpolation-array" count="11" stride="1">
            <param name="INTERPOLATION" type="name"></param>
          </accessor>
        </technique_common>
      </source>
      <source id="B_L_Finger1_matrix-input" name="B_L_Finger1_matrix-input">
        <float_array id="B_L_Finger1_matrix-input-array" count="11"> 0 1 2 3 4 5 6 7 8 9 10 </float_array>
        <technique_common>
          <accessor count="11" offset="0" source="#B_L_Finger1_matrix-input-array" stride="1">
            <param name="TIME" type="float" />
          </accessor>
        </technique_common>
      </source>
      <source id="B_L_Finger1_matrix-output" name="B_L_Finger1_matrix-output">
        <float_array id="B_L_Finger1_matrix-output-array" count="176"> 0.27254912 -0.95552671 0.11263381 11.62545 0.9280411 0.23019114 -0.29283461 3.1205368 0.2538839 0.18434064 0.94950604 -3.0983505 0 0 0 1 0.272549 -0.95552665 0.11263368 11.625458 0.92804104 0.23019099 -0.29283458 3.1205406 0.25388402 0.18434052 0.94950569 -3.0983543 0 0 0 1 0.272549 -0.95552677 0.11263373 11.62545 0.92804104 0.23019102 -0.29283455 3.1205406 0.25388396 0.18434057 0.94950569 -3.0983505 0 0 0 1 0.27254897 -0.95552665 0.11263379 11.62545 0.92804092 0.23019099 -0.29283467 3.1205406 0.25388402 0.18434061 0.94950587 -3.0983505 0 0 0 1 0.27254903 -0.95552677 0.11263379 11.625458 0.92804116 0.23019102 -0.29283473 3.1205444 0.25388414 0.18434064 0.94950581 -3.0983524 0 0 0 1 0.27254897 -0.95552671 0.11263385 11.625443 0.92804098 0.23019102 -0.29283461 3.1205521 0.25388393 0.18434067 0.94950587 -3.0983486 0 0 0 1 0.272549 -0.95552629 0.11263387 11.62545 0.9280411 0.23019092 -0.29283458 3.1205521 0.25388393 0.18434061 0.94950581 -3.0983496 0 0 0 1 0.272549 -0.95552665 0.11263384 11.625458 0.92804104 0.23019099 -0.29283461 3.1205444 0.25388396 0.18434064 0.94950581 -3.0983505 0 0 0 1 0.27254897 -0.95552647 0.11263382 11.625458 0.92804098 0.23019096 -0.29283452 3.1205444 0.2538839 0.1843406 0.94950569 -3.0983562 0 0 0 1 0.27254903 -0.95552689 0.11263379 11.625458 0.92804116 0.23019104 -0.29283461 3.1205444 0.25388402 0.18434063 0.94950587 -3.0983543 0 0 0 1 0.27254912 -0.95552671 0.11263381 11.62545 0.9280411 0.23019114 -0.29283461 3.1205368 0.2538839 0.18434064 0.94950604 -3.0983543 0 0 0 1 </float_array>
        <technique_common>
          <accessor count="11" offset="0" source="#B_L_Finger1_matrix-output-array" stride="16">
            <param name="TRANSFORM" type="float4x4" />
          </accessor>
        </technique_common>
      </source>
      <source id="B_L_Finger1_matrix-interpolation">
