<?xml version="1.0" encoding="UTF-8" standalone="no" ?>
<COLLADA xmlns="http://www.collada.org/2005/11/COLLADASchema" version="1.4.1">
  <asset>
    <contributor>
      <author>Assimp</author>
      <authoring_tool>FBX SDK/FBX Plugins version 2013.1</authoring_tool>
    </contributor>
    <created>2020-08-21T10:31:44</created>
    <modified>2020-08-21T10:31:44</modified>
    <unit name="meter" meter="1" />
    <up_axis>Y_UP</up_axis>
  </asset>
  <library_geometries>
  </library_geometries>
  <library_controllers>
  </library_controllers>
  <library_visual_scenes>
    <visual_scene id="RootNode" name="RootNode">
      <node id="Motion_aAssimpFbxa_Translation"  name="Motion_$AssimpFbx$_Translation" type="NODE">
        <matrix sid="matrix">1 0 0 9.92585e-07 0 1 0 0 0 0 1 -0.17328988 0 0 0 1</matrix>
        <node id="Motion_aAssimpFbxa_PreRotation"  name="Motion_$AssimpFbx$_PreRotation" type="NODE">
          <matrix sid="matrix">1 0 0 0 0 -4.3711388e-08 1 0 0 -1 -4.3711388e-08 0 0 0 0 1</matrix>
          <node id="Motion_aAssimpFbxa_Rotation"  name="Motion_$AssimpFbx$_Rotation" type="NODE">
            <matrix sid="matrix">1.3868001e-06 1 0 0 -1 1.3868001e-06 0 0 0 0 1 0 0 0 0 1</matrix>
            <node id="Motion_aAssimpFbxa_Scaling"  name="Motion_$AssimpFbx$_Scaling" type="NODE">
              <matrix sid="matrix">1 0 0 0 0 1 0 0 0 0 1 0 0 0 0 1</matrix>
              <node id="Motion"  name="Motion" type="NODE">
                <matrix sid="matrix">1 0 0 0 0 1 0 0 0 0 1 0 0 0 0 1</matrix>
                <node id="B_Pelvis"  name="B_Pelvis" type="NODE">
                  <matrix sid="matrix">-4.3711388e-08 0.47715977 0.87881655 0.17329331 0 -0.87881655 0.47715977 2.6999989 1 2.0857316e-08 3.8414292e-08 98.7295 0 0 0 1</matrix>
                  <node id="B_Spine"  name="B_Spine" type="NODE">
                    <matrix sid="matrix">0.99823147 0.047404055 -0.03587313 7.6762924 -0.03780536 0.97190607 0.23231292 -1.626833 0.045877889 -0.23054585 0.97197938 0.0023483038 0 0 0 1</matrix>
                    <node id="B_Spine1"  name="B_Spine1" type="NODE">
                      <matrix sid="matrix">0.99970514 -0.024198737 0.0019994136 12.747757 0.024175975 0.99965024 0.010716183 -0.014276028 -0.0022580323 -0.010664686 0.99994057 0.00015211105 0 0 0 1</matrix>
                      <node id="B_Spine2"  name="B_Spine2" type="NODE">
                        <matrix sid="matrix">0.9988209 -0.048403617 0.003731552 17.935455 0.048312027 0.99859816 0.021625761 -0.026443243 -0.0047730859 -0.021419983 0.9997592 0.00054740906 0 0 0 1</matrix>
                        <node id="B_L_Clavicle"  name="B_L_Clavicle" type="NODE">
                          <matrix sid="matrix">-0.017590661 -0.00078421831 0.99984497 17.736847 -0.17375694 -0.98478115 -0.0038293824 0.073140144 0.98463148 -0.17379735 0.017186686 5.0180159 0 0 0 1</matrix>
                          <node id="B_L_UpperArm"  name="B_L_UpperArm" type="NODE">
                            <matrix sid="matrix">0.23153238 0.66027009 0.71444815 17.464664 -0.61228538 0.66960359 -0.4204019 3.8146973e-06 -0.75597578 -0.34010953 0.55930865 -1.5258789e-05 0 0 0 1</matrix>
                            <node id="B_L_Forearm"  name="B_L_Forearm" type="NODE">
                              <matrix sid="matrix">-0.13640085 0.98635435 0.092195317 27.628181 -0.99065375 -0.13580884 -0.012694417 -3.8146973e-06 -2.5331974e-07 -0.093065165 0.99566001 -1.5258789e-05 0 0 0 1</matrix>
                              <node id="B_L_ForeArmTwist"  name="B_L_ForeArmTwist" type="NODE">
                                <matrix sid="matrix">1 5.8795358e-08 -3.0879258e-07 11.992638 -2.9802308e-08 0.99566001 0.093065307 -1.5258789e-05 3.1292424e-07 -0.093065307 0.99566001 1.5258789e-05 0 0 0 1</matrix>
                                <node id="B_L_Hand"  name="B_L_Hand" type="NODE">
                                  <matrix sid="matrix">0.96226168 -0.26206908 0.073295958 11.992649 -0.094868511 -0.070617884 0.99298191 0 -0.25505385 -0.96246189 -0.092814989 0 0 0 0 1</matrix>
                                  <node id="B_L_Finger0"  name="B_L_Finger0" type="NODE">
                                    <matrix sid="matrix">0.80900657 0.13246378 0.5726794 1.4603271 0.15583235 0.89108139 -0.42625147 1.9355469 -0.5667668 0.43408218 0.70024854 -2.4376602 0 0 0 1</matrix>
                                    <node id="B_L_Finger01"  name="B_L_Finger01" type="NODE">
                                      <matrix sid="matrix">0.80299312 -0.59598833 -2.8045221e-08 3.7140045 0.59598833 0.80299312 5.3412698e-08 -7.6293945e-06 -9.3132231e-09 -5.9604652e-08 1 -1.9073486e-05 0 0 0 1</matrix>
                                      <node id="B_L_Finger02"  name="B_L_Finger02" type="NODE">
                                        <matrix sid="matrix">0.55218476 -0.83372176 -2.0976138e-08 5.529933 0.83372176 0.55218476 1.0325807e-07 1.5258789e-05 -7.4505792e-08 -7.4505799e-08 1 1.9073486e-05 0 0 0 1</matrix>
                                      </node>
                                    </node>
                                  </node>
                                  <node id="B_L_Finger1"  name="B_L_Finger1" type="NODE">
                                    <matrix sid="matrix">0.27254903 -0.95552641 0.11263385 11.625465 0.92804092 0.23019099 -0.29283473 3.1205444 0.25388399 0.18434064 0.94950593 -3.0983582 0 0 0 1</matrix>
                                    <node id="B_L_Finger11"  name="B_L_Finger11" type="NODE">
                                      <matrix sid="matrix">-0.25881925 -0.96592575 1.3622081e-07 4.4568176 0.96592575 -0.25881925 6.735393e-08 0 -2.9802329e-08 1.4901168e-07 1 1.5258789e-05 0 0 0 1</matrix>
                                      <node id="B_L_Finger12"  name="B_L_Finger12" type="NODE">
                                        <matrix sid="matrix">0.57357568 -0.81915259 3.6987416e-07 3.3311615 0.81915259 0.57357568 -9.5269669e-08 -7.6293945e-06 -1.3411042e-07 3.5762773e-07 1 -2.2888184e-05 0 0 0 1</matrix>
                                      </node>
                                    </node>
                                  </node>
                                  <node id="B_L_Finger2"  name="B_L_Finger2" type="NODE">
                                    <matrix sid="matrix">0.25808504 -0.9650346 0.045829084 11.814079 0.96096492 0.25152358 -0.11524854 2.4381027 0.099691734 0.073784068 0.99227893 0.83571625 0 0 0 1</matrix>
                                    <node id="B_L_Finger21"  name="B_L_Finger21" type="NODE">
                                      <matrix sid="matrix">-0.62068546 -0.7840597 4.7560704e-07 5.1996307 0.7840597 -0.62068546 1.6744849e-07 2.2888184e-05 1.6391274e-07 4.7683713e-07 1 1.5258789e-05 0 0 0 1</matrix>
                                      <node id="B_L_Finger22"  name="B_L_Finger22" type="NODE">
                                        <matrix sid="matrix">0.44828618 -0.89389008 -2.6560066e-08 5.1996193 0.89389008 0.44828618 7.999995e-08 3.0517578e-05 -5.9604652e-08 -5.9604652e-08 1 -1.5258789e-05 0 0 0 1</matrix>
                                      </node>
                                    </node>
                                  </node>
                                  <node id="B_L_Finger3"  name="B_L_Finger3" type="NODE">
                                    <matrix sid="matrix">0.13847044 -0.99036652 0.00029713701 11.814064 0.99036658 0.13847046 5.9233898e-05 1.9342346 -9.980797e-05 0.00028607243 0.99999994 4.6002426 0 0 0 1</matrix>
                                    <node id="B_L_Finger31"  name="B_L_Finger31" type="NODE">
                                      <matrix sid="matrix">-0.058766745 -0.99827176 -8.8897639e-07 4.45681 0.99827176 -0.058766745 -1.1270736e-06 7.6293945e-06 1.0728835e-06 -9.5367443e-07 1 0 0 0 0 1</matrix>
                                      <node id="B_L_Finger32"  name="B_L_Finger32" type="NODE">
                                        <matrix sid="matrix">-0.058766745 -0.99827176 -1.9354879e-06 4.4567719 0.99827176 -0.058766745 -1.6066351e-06 -7.6293945e-06 1.490116e-06 -2.0265597e-06 1 0 0 0 0 1</matrix>
                                      </node>
                                    </node>
                                  </node>
                                  <node id="B_L_Finger4"  name="B_L_Finger4" type="NODE">
                                    <matrix sid="matrix">0.14714396 -0.98122936 -0.12465021 11.857193 0.98368686 0.15835451 -0.08534687 4.0528946 0.10348377 -0.11005849 0.9885233 6.5145416 0 0 0 1</matrix>
                                    <node id="B_L_Finger41"  name="B_L_Finger41" type="NODE">
                                      <matrix sid="matrix">-0.18123145 -0.98344046 -2.0779819e-06 3.327652 0.98344046 -0.18123145 -3.8527619e-06 0 3.4123664e-06 -2.7418132e-06 1 7.6293945e-06 0 0 0 1</matrix>
                                      <node id="B_L_Finger42"  name="B_L_Finger42" type="NODE">
                                        <matrix sid="matrix">0.0019772795 -0.99999803 -2.2116724e-06 3.3276672 0.99999803 0.0019772795 -3.184482e-06 -3.0517578e-05 3.188849e-06 -2.2053714e-06 1 -7.6293945e-06 0 0 0 1</matrix>
                                      </node>
                                    </node>
                                  </node>
                                </node>
                              </node>
                            </node>
                          </node>
                        </node>
                        <node id="B_R_Clavicle"  name="B_R_Clavicle" type="NODE">
                          <matrix sid="matrix">-0.10452852 -0.00079628883 -0.9945215 17.736847 0.00023397958 -0.99999964 0.00077608263 0.074662209 -0.99452186 -0.00015157496 0.10452867 -5.0179625 0 0 0 1</matrix>
                          <node id="B_R_UpperArm"  name="B_R_UpperArm" type="NODE">
                            <matrix sid="matrix">0.26566693 0.46185267 -0.84623468 17.464653 -0.88588655 0.46321118 -0.025306746 1.5258789e-05 0.38029739 0.75639111 0.53220892 0 0 0 0 1</matrix>
                            <node id="B_R_Forearm"  name="B_R_Forearm" type="NODE">
                              <matrix sid="matrix">-0.049540065 0.99877208 -0.00026748533 27.628185 -0.99877214 -0.049540062 1.3357047e-05 0 8.9406988e-08 0.0002678186 0.99999994 0 0 0 0 1</matrix>
                              <node id="B_R_ForeArmTwist"  name="B_R_ForeArmTwist" type="NODE">
                                <matrix sid="matrix">1 5.9588675e-08 -5.9620589e-08 11.99263 -5.9604638e-08 0.99999994 -0.00026774409 -9.5367432e-06 5.9604638e-08 0.00026774409 0.99999994 0 0 0 0 1</matrix>
                                <node id="B_R_Hand"  name="B_R_Hand" type="NODE">
                                  <matrix sid="matrix">0.91348934 -0.21604948 -0.34476054 11.992661 -0.33556625 0.07908982 -0.9386906 -1.9073486e-06 0.23007068 0.97317386 -0.00025120715 -2.2888184e-05 0 0 0 1</matrix>
                                  <node id="B_R_Finger0"  name="B_R_Finger0" type="NODE">
                                    <matrix sid="matrix">0.80900663 0.13246396 -0.57267928 1.4603195 0.15583217 0.89108133 0.42625159 1.9355469 0.5667668 -0.43408221 0.7002486 2.4376574 0 0 0 1</matrix>
                                    <node id="B_R_Finger01"  name="B_R_Finger01" type="NODE">
                                      <matrix sid="matrix">0.80299288 -0.59598857 -4.5338493e-07 3.7140198 0.59598857 0.80299288 -7.6707977e-08 -1.5258789e-05 4.0978196e-07 -2.0861629e-07 1 0 0 0 0 1</matrix>
                                      <node id="B_R_Finger02"  name="B_R_Finger02" type="NODE">
                                        <matrix sid="matrix">0.55218482 -0.83372176 2.8944703e-07 5.5299368 0.83372176 0.55218482 -4.8720075e-08 1.5258789e-05 -1.1920926e-07 2.6822076e-07 1 3.8146973e-05 0 0 0 1</matrix>
                                      </node>
                                    </node>
                                  </node>
                                  <node id="B_R_Finger1"  name="B_R_Finger1" type="NODE">
                                    <matrix sid="matrix">0.27254871 -0.95552647 -0.11263383 11.625458 0.92804092 0.23019062 0.29283494 3.1205597 -0.25388429 -0.1843406 0.94950587 3.0983477 0 0 0 1</matrix>
                                    <node id="B_R_Finger11"  name="B_R_Finger11" type="NODE">
                                      <matrix sid="matrix">-0.25881949 -0.96592569 -1.467574e-07 4.45681 0.96592569 -0.25881949 -8.560405e-08 -1.5258789e-05 4.4703476e-08 -1.6391274e-07 1 7.6293945e-06 0 0 0 1</matrix>
                                      <node id="B_R_Finger12"  name="B_R_Finger12" type="NODE">
                                        <matrix sid="matrix">0.57357591 -0.81915241 2.4599399e-07 3.3311462 0.81915241 0.57357591 9.1522217e-08 -7.6293945e-06 -2.1606687e-07 1.4901161e-07 1 -1.5258789e-05 0 0 0 1</matrix>
                                      </node>
                                    </node>
                                  </node>
                                  <node id="B_R_Finger2"  name="B_R_Finger2" type="NODE">
                                    <matrix sid="matrix">0.2580848 -0.96503466 -0.045829214 11.814049 0.96096498 0.25152335 0.11524837 2.4381256 -0.099691555 -0.07378412 0.99227893 -0.83572197 0 0 0 1</matrix>
                                    <node id="B_R_Finger21"  name="B_R_Finger21" type="NODE">
                                      <matrix sid="matrix">-0.62068546 -0.7840597 -1.181709e-07 5.1995926 0.7840597 -0.62068546 -1.2775832e-08 -1.5258789e-05 -6.3329942e-08 -1.0058282e-07 1 -3.4332275e-05 0 0 0 1</matrix>
                                      <node id="B_R_Finger22"  name="B_R_Finger22" type="NODE">
                                        <matrix sid="matrix">0.44828618 -0.89389008 -2.6610024e-08 5.1996155 0.89389008 0.44828618 3.834996e-08 0 -2.2351744e-08 -4.0978193e-08 1 2.6702881e-05 0 0 0 1</matrix>
                                      </node>
                                    </node>
                                  </node>
                                  <node id="B_R_Finger3"  name="B_R_Finger3" type="NODE">
                                    <matrix sid="matrix">0.13847044 -0.99036652 -0.00029826222 11.814056 0.99036658 0.13847046 -5.9426384e-05 1.9342728 0.00010015442 -0.00028716016 0.99999994 -4.600256 0 0 0 1</matrix>
                                    <node id="B_R_Finger31"  name="B_R_Finger31" type="NODE">
                                      <matrix sid="matrix">-0.058766745 -0.99827176 -4.1510115e-09 4.4567947 0.99827176 -0.058766745 -1.1966003e-07 0 1.1920928e-07 -1.1175867e-08 1 0 0 0 0 1</matrix>
                                      <node id="B_R_Finger32"  name="B_R_Finger32" type="NODE">
                                        <matrix sid="matrix">-0.058766864 -0.99827176 6.0180855e-07 4.4568329 0.99827176 -0.058766864 -2.0713549e-07 7.6293945e-06 2.421439e-07 5.8859575e-07 1 -1.5258789e-05 0 0 0 1</matrix>
                                      </node>
                                    </node>
                                  </node>
                                  <node id="B_R_Finger4"  name="B_R_Finger4" type="NODE">
                                    <matrix sid="matrix">0.14714396 -0.98122966 0.1246478 11.857216 0.98368686 0.15835427 0.085347079 4.0529175 -0.10348359 0.11005609 0.98852354 -6.5145683 0 0 0 1</matrix>
                                    <node id="B_R_Finger41"  name="B_R_Finger41" type="NODE">
                                      <matrix sid="matrix">-0.18123135 -0.98344052 2.7279333e-07 3.3276672 0.98344052 -0.18123135 7.3969056e-07 1.5258789e-05 -6.7800295e-07 4.0233112e-07 1 2.8610229e-05 0 0 0 1</matrix>
                                      <node id="B_R_Finger42"  name="B_R_Finger42" type="NODE">
                                        <matrix sid="matrix">0.0019766835 -0.99999803 2.9186793e-07 3.327713 0.99999803 0.0019766835 6.5507561e-07 3.8146973e-05 -6.5565126e-07 2.905725e-07 1 -7.6293945e-06 0 0 0 1</matrix>
                                      </node>
                                    </node>
                                  </node>
                                </node>
                              </node>
                            </node>
                          </node>
                        </node>
                        <node id="B_Neck"  name="B_Neck" type="NODE">
                          <matrix sid="matrix">0.9745459 -0.20556872 -0.089452907 27.039734 0.20928563 0.97725385 0.034271002 1.128233 0.080373146 -0.052119873 0.99540126 0.00061321259 0 0 0 1</matrix>
                          <node id="B_Head"  name="B_Head" type="NODE">
                            <matrix sid="matrix">0.96514398 0.25895354 -0.037949979 10.019318 -0.2436258 0.83594608 -0.49177301 1.4083176 -0.095622234 0.48387733 0.86989605 0 0 0 0 1</matrix>
                          </node>
                        </node>
                      </node>
                    </node>
                  </node>
                  <node id="B_L_Thigh"  name="B_L_Thigh" type="NODE">
                    <matrix sid="matrix">-0.89830774 0.21527809 -0.3830125 0 0.28354344 0.94995898 -0.1310764 1.7642975e-05 0.3356283 -0.22634761 -0.91439617 11.161454 0 0 0 1</matrix>
                    <node id="B_L_Calf"  name="B_L_Calf" type="NODE">
                      <matrix sid="matrix">0.86703843 0.49824125 4.5179127e-07 50.282753 -0.49824125 0.86703843 7.9640095e-06 0 3.5762778e-06 -7.1302038e-06 1 7.6293945e-06 0 0 0 1</matrix>
                      <node id="B_L_Foot"  name="B_L_Foot" type="NODE">
                        <matrix sid="matrix">0.8861289 -0.26179335 -0.38241315 39.72813 0.2609185 0.96378207 -0.055187244 0 0.3830106 -0.050875649 0.92234188 -3.8146973e-06 0 0 0 1</matrix>
                        <node id="B_L_Toe0"  name="B_L_Toe0" type="NODE">
                          <matrix sid="matrix">-4.3711388e-08 -1 -5.6529217e-08 18.214443 1 -4.3711388e-08 -2.9802255e-08 14.545954 2.9802253e-08 -5.6529217e-08 1 0.020648956 0 0 0 1</matrix>
                        </node>
                      </node>
                    </node>
                  </node>
                  <node id="B_R_Thigh"  name="B_R_Thigh" type="NODE">
                    <matrix sid="matrix">-0.8566767 0.47705066 0.19628476 -7.6293945e-06 0.23906752 0.70433044 -0.66840506 -1.3113022e-05 -0.4571124 -0.52568173 -0.71743083 -11.161447 0 0 0 1</matrix>
                    <node id="B_R_Calf"  name="B_R_Calf" type="NODE">
                      <matrix sid="matrix">0.68921745 0.72455454 -6.6072971e-08 50.282749 -0.72455454 0.68921745 -4.7518888e-06 3.8146973e-06 -3.3974641e-06 3.322958e-06 1 1.9073486e-06 0 0 0 1</matrix>
                      <node id="B_R_Foot"  name="B_R_Foot" type="NODE">
                        <matrix sid="matrix">0.936086 -0.30703002 0.17168427 39.728127 0.29191718 0.95033896 0.10788992 9.5367432e-07 -0.1962837 -0.050876658 0.97922635 3.8146973e-06 0 0 0 1</matrix>
                        <node id="B_R_Toe0"  name="B_R_Toe0" type="NODE">
                          <matrix sid="matrix">-2.8212997e-07 -1 5.0942123e-07 18.214439 1 -2.8213046e-07 -9.2387182e-07 14.54595 9.2387199e-07 5.0942094e-07 1 -0.020650864 0 0 0 1</matrix>
                        </node>
                      </node>
                    </node>
                  </node>
                </node>
              </node>
            </node>
          </node>
        </node>
      </node>
      <node id="Exporter_aAssimpFbxa_PreRotation"  name="Exporter_$AssimpFbx$_PreRotation" type="NODE">
        <matrix sid="matrix">1 0 0 0 0 -4.3711388e-08 1 0 0 -1 -4.3711388e-08 0 0 0 0 1</matrix>
        <node id="Exporter"  name="Exporter" type="NODE">
          <matrix sid="matrix">1 0 0 0 0 1 0 0 0 0 1 0 0 0 0 1</matrix>
        </node>
      </node>
    </visual_scene>
  </library_visual_scenes>
  <library_animations>
    <animation id="TakeW001AnimId0" name="Take 001">
      <source id="B_Head_matrix-input" name="B_Head_matrix-input">
        <float_array id="B_Head_matrix-input-array" count="121"> 0 1 2 3 4 5 6 7 8 9 10 11 12 13 14 15 16 17 18 19 20 21 22 23 24 25 26 27 28 29 30 31 32 33 34 35 36 37 38 39 40 41 42 43 44 45 46 47 48 49 50 51 52 53 54 55 56 57 58 59 60 61 62 63 64 65 66 67 68 69 70 71 72 73 74 75 76 77 78 79 80 81 82 83 84 85 86 87 88 89 90 91 92 93 94 95 96 97 98 99 100 101 102 103 104 105 106 107 108 109 110 111 112 113 114 115 116 117 118 119 120 </float_array>
        <technique_common>
          <accessor count="121" offset="0" source="#B_Head_matrix-input-array" stride="1">
            <param name="TIME" type="float" />
          </accessor>
        </technique_common>
      </source>
      <source id="B_Head_matrix-output" name="B_Head_matrix-output">
        <float_array id="B_Head_matrix-output-array" count="1936"> 0.96514392 0.25895354 -0.037949976 10.019318 -0.24362577 0.83594608 -0.49177304 1.4083176 -0.095622227 0.48387733 0.86989617 0 0 0 0 1 0.99292719 -0.11685453 -0.020985557 10.019325 0.1062445 0.95345283 -0.2822049 1.4082947 0.052985661 0.27797934 0.95912457 3.8146973e-06 0 0 0 1 0.90277016 -0.43001381 -0.0097154267 10.01931 0.41501808 0.87677723 -0.24294469 1.4082947 0.11298783 0.21529116 0.96999151 -3.8146973e-06 0 0 0 1 0.90058333 -0.42753217 -0.078522533 10.019318 0.40141803 0.88728827 -0.22711858 1.4083252 0.16677262 0.17301886 0.97069633 -7.6293945e-06 0 0 0 1 0.97177052 -0.17588961 -0.15724318 10.019318 0.14267847 0.96892434 -0.20206235 1.4083252 0.18789738 0.17392303 0.96666718 7.6293945e-06 0 0 0 1 0.98100066 -0.039530247 -0.18993407 10.019287 0.0043724789 0.98327714 -0.18206209 1.4083252 0.19395484 0.17777254 0.96476847 0 0 0 0 1 0.97427291 -0.16865052 -0.14949767 10.019318 0.13601559 0.96891695 -0.20663914 1.4083252 0.17970064 0.18098888 0.96692848 7.6293945e-06 0 0 0 1 0.93703967 -0.34347966 -0.063069955 10.019318 0.32040009 0.91741246 -0.23600425 1.4083252 0.13892381 0.20093782 0.96970296 7.6293945e-06 0 0 0 1 0.90276998 -0.43001384 -0.0097153932 10.019409 0.41501817 0.87677687 -0.24294467 1.4083252 0.11298781 0.21529108 0.96999151 7.6293945e-06 0 0 0 1 0.89751506 -0.44097874 -0.0020543302 10.019318 0.42781737 0.87183899 -0.23847193 1.4082642 0.10695207 0.21315324 0.97114736 7.6293945e-06 0 0 0 1 0.88881087 -0.45823786 0.005776416 10.019257 0.44695333 0.86400098 -0.23180819 1.4082642 0.10123245 0.20861544 0.97274429 -1.5258789e-05 0 0 0 1 0.87875444 -0.47712463 0.011955729 10.019348 0.46743295 0.85530317 -0.22352378 1.4082642 0.096422963 0.20201099 0.97462505 0 0 0 0 1 0.86984813 -0.49309584 0.014864486 10.019287 0.48445067 0.8481338 -0.21442226 1.4082642 0.093123652 0.19371593 0.97662795 0 0 0 0 1 0.8649404 -0.50170147 0.013190391 10.019287 0.49338931 0.84521008 -0.20539527 1.4083252 0.091898434 0.18416262 0.97859031 0 0 0 0 1 0.86691451 -0.49842158 0.0059464537 10.019348 0.48965964 0.8493219 -0.19719493 1.4082642 0.093235768 0.17386287 0.98034626 1.5258789e-05 0 0 0 1 0.8735007 -0.48679513 -0.0052055418 10.019409 0.47709441 0.85812289 -0.18975258 1.4083862 0.096837625 0.16326547 0.98181814 1.5258789e-05 0 0 0 1 0.88043666 -0.47383055 -0.01776338 10.019348 0.46305561 0.86726928 -0.18282023 1.4083252 0.10203144 0.1527362 0.98298585 0 0 0 0 1 0.88736206 -0.46001557 -0.031212237 10.019348 0.44810361 0.87636644 -0.17659341 1.4083252 0.10858905 0.14271601 0.98378879 0 0 0 0 1 0.89396602 -0.44586876 -0.045011211 10.019348 0.43281153 0.88507241 -0.17123407 1.4083862 0.11618611 0.13359605 0.98420179 0 0 0 0 1 0.89999282 -0.43194678 -0.058605947 10.019287 0.41777053 0.89309669 -0.16687135 1.4083252 0.12442032 0.12569922 0.98423535 -1.5258789e-05 0 0 0 1 0.90524709 -0.41883618 -0.071441256 10.019287 0.40358698 0.90019435 -0.16360663 1.4083252 0.13283542 0.11927162 0.98393559 1.5258789e-05 0 0 0 1 0.90958542 -0.40714854 -0.082971483 10.019287 0.39088058 0.90615827 -0.16152231 1.4083252 0.14094888 0.11448642 0.98337489 0 0 0 0 1 0.91290575 -0.39751193 -0.092669509 10.019287 0.38028416 0.91080284 -0.16069351 1.4083252 0.14828122 0.11145727 0.9826445 0 0 0 0 1 0.91392744 -0.39332238 -0.10017004 10.019287 0.37490487 0.91263068 -0.16294573 1.4083252 0.15550847 0.11136635 0.98153681 1.5258789e-05 0 0 0 1 0.91181147 -0.39677179 -0.10569862 10.019287 0.37669694 0.91075253 -0.16920194 1.4083862 0.16339986 0.1144639 0.9798972 0 0 0 0 1 0.9069944 -0.40661681 -0.10965191 10.019287 0.38451728 0.90575433 -0.17819972 1.4082642 0.1717767 0.1194631 0.9778657 -1.5258789e-05 0 0 0 1 0.89981592 -0.42154869 -0.112374 10.019348 0.39719027 0.89812559 -0.18870619 1.4083252 0.18047488 0.12516698 0.97558278 1.5258789e-05 0 0 0 1 0.89061183 -0.44021627 -0.11410774 10.019348 0.41353545 0.88835484 -0.19953589 1.4083252 0.18920709 0.13052145 0.97322387 1.5258789e-05 0 0 0 1 0.87978691 -0.46125028 -0.11499345 10.019287 0.43239304 0.87699282 -0.20957166 1.4082031 0.1975134 0.13465604 0.97100782 -3.0517578e-05 0 0 0 1 0.8678574 -0.48329413 -0.11511154 10.019348 0.45264369 0.86468881 -0.21777815 1.4083862 0.20478655 0.13689587 0.96918625 1.5258789e-05 0 0 0 1 0.85546154 -0.50503653 -0.11455651 10.019348 0.47322139 0.85219902 -0.22319941 1.4082642 0.21034884 0.13672796 0.96801782 0 0 0 0 1 0.8433063 -0.52507365 -0.11459715 10.019348 0.492953 0.84066063 -0.22424862 1.4084473 0.21408434 0.13261928 0.96777058 0 0 0 0 1 0.83223504 -0.54219186 -0.11581321 10.019348 0.5105415 0.83090746 -0.2212241 1.4083252 0.21617593 0.12498298 0.96832198 -3.0517578e-05 0 0 0 1 0.82323176 -0.55546546 -0.11725199 10.019287 0.52480137 0.82337326 -0.21596403 1.4083252 0.21650271 0.11625446 0.96933562 0 0 0 0 1 0.81732261 -0.5640083 -0.11780553 10.019287 0.53457052 0.81856716 -0.21019496 1.4083252 0.21498346 0.10882175 0.97053576 0 0 0 0 1 0.81552976 -0.56692809 -0.11620566 10.019348 0.53869087 0.81704366 -0.20555279 1.4083252 0.21147868 0.1050355 0.97172248 0 0 0 0 1 0.81776834 -0.56438267 -0.11281526 10.019348 0.53736728 0.81891149 -0.20154531 1.4083252 0.20613433 0.10419413 0.97296065 0 0 0 0 1 0.82288581 -0.557652 -0.10901026 10.019348 0.53203243 0.82354462 -0.19676371 1.4083252 0.19950047 0.10391709 0.97437203 0 0 0 0 1 0.8302263 -0.54745924 -0.10494228 10.019287 0.52333611 0.8303417 -0.19144747 1.4082642 0.19194764 0.10402459 0.97587663 0 0 0 0 1 0.8391282 -0.53451967 -0.10076035 10.019348 0.51192147 0.83868659 -0.18585338 1.4083862 0.18384857 0.10437341 0.97739774 0 0 0 0 1 0.84895217 -0.51956254 -0.096615903 10.019348 0.4984487 0.84797245 -0.180254 1.4082642 0.17558087 0.10486901 0.9788633 0 0 0 0 1 0.8591029 -0.50334352 -0.092667677 10.019287 0.48360828 0.85762495 -0.17493479 1.4083862 0.16752642 0.10547213 0.98020935 1.5258789e-05 0 0 0 1 0.86904138 -0.48665276 -0.089085273 10.019287 0.46812874 0.86711639 -0.17019002 1.4084473 0.1600707 0.10619877 0.98137641 0 0 0 0 1 0.87829369 -0.47031373 -0.086051516 10.019348 0.45277682 0.87597436 -0.16631784 1.4083252 0.15360053 0.10711377 0.98231024 0 0 0 0 1 0.88644809 -0.45518476 -0.083764859 10.019287 0.43835595 0.88378423 -0.16361444 1.4084473 0.14850484 0.10831691 0.98296165 0 0 0 0 1 0.8931458 -0.44214815 -0.082439475 10.019287 0.42569354 0.89018101 -0.16236784 1.4082031 0.14517668 0.10992417 0.98328054 -1.5258789e-05 0 0 0 1 0.8995105 -0.42913377 -0.082005702 10.019287 0.41271225 0.89619678 -0.16278708 1.4084473 0.14335072 0.11258393 0.98324728 3.0517578e-05 0 0 0 1 0.9065634 -0.41398117 -0.082236931 10.019287 0.39731044 0.9027791 -0.16472569 1.4082031 0.14243513 0.11666068 0.98290509 0 0 0 0 1 0.91384 -0.39747274 -0.083137006 10.019348 0.38030449 0.90949005 -0.16791695 1.4082642 0.14235471 0.12183186 0.98228914 0 0 0 0 1 0.92092651 -0.38041908 -0.084708788 10.019348 0.36253318 0.9159463 -0.17208223 1.4082031 0.14305204 0.12776537 0.98143363 0 0 0 0 1 0.92746758 -0.36365655 -0.086935766 10.019348 0.34485993 0.92182714 -0.17693606 1.4082031 0.14448372 0.13412181 0.98037535 -1.5258789e-05 0 0 0 1 0.9331702 -0.34804443 -0.089769073 10.019287 0.3281725 0.92688137 -0.18219131 1.4083252 0.14661595 0.14055574 0.97915679 0 0 0 0 1 0.9377988 -0.33445734 -0.093119629 10.019348 0.3133795 0.93092024 -0.18756524 1.4083252 0.1494195 0.14671674 0.97782809 -1.5258789e-05 0 0 0 1 0.9411639 -0.32377431 -0.09685529 10.019348 0.30140302 0.93380433 -0.19278468 1.4084473 0.15286259 0.15224949 0.97644937 0 0 0 0 1 0.94309735 -0.31686962 -0.10080325 10.019348 0.29317036 0.93541914 -0.1975909 1.4082642 0.15690382 0.15679488 0.97508824 0 0 0 0 1 0.94342482 -0.31460387 -0.10475825 10.019226 0.28960752 0.93564326 -0.20174105 1.4082031 0.16148482 0.1599887 0.97382057 0 0 0 0 1 0.93555272 -0.33582807 -0.10936711 10.019287 0.30901256 0.92825967 -0.20699199 1.4084473 0.17103477 0.15985608 0.97221059 3.0517578e-05 0 0 0 1 0.91579008 -0.38510263 -0.11412486 10.019348 0.35589728 0.90972126 -0.21387905 1.4082031 0.18618724 0.15525158 0.97017062 -3.0517578e-05 0 0 0 1 0.88929921 -0.44202578 -0.11730335 10.019226 0.41070256 0.88474905 -0.22032297 1.4083252 0.20117252 0.14775623 0.96834785 0 0 0 0 1 0.86504948 -0.48768401 -0.11770068 10.019348 0.45528078 0.86167055 -0.22414944 1.4082642 0.21073332 0.14031352 0.967421 0 0 0 0 1 0.85546166 -0.50503659 -0.11455651 10.019287 0.47322145 0.85219914 -0.22319943 1.4083252 0.21034887 0.13672799 0.96801782 0 0 0 0 1 0.85743117 -0.50290239 -0.10909025 10.019287 0.47277585 0.85355532 -0.21892062 1.4083252 0.20321022 0.13613415 0.96962523 -1.5258789e-05 0 0 0 1 0.85922807 -0.50110871 -0.1030409 10.019287 0.47282043 0.85474974 -0.21411125 1.4082642 0.19536729 0.13525054 0.97135919 1.5258789e-05 0 0 0 1 0.86085922 -0.49961188 -0.096486717 10.019287 0.47328255 0.85581243 -0.2087799 1.4083862 0.18688346 0.1340646 0.97319126 0 0 0 0 1 0.86233336 -0.49836776 -0.089505583 10.019348 0.47408965 0.85677117 -0.20293513 1.4082642 0.1778221 0.13256404 0.97509301 0 0 0 0 1 0.86365896 -0.49733347 -0.082175471 10.019226 0.47516954 0.85765207 -0.19658825 1.4082642 0.16824786 0.1307379 0.9770366 0 0 0 0 1 0.86484575 -0.49646786 -0.074574344 10.019226 0.47645137 0.85847992 -0.18975304 1.4082642 0.15822686 0.12857607 0.97899562 -3.0517578e-05 0 0 0 1 0.86590499 -0.49573117 -0.066779129 10.019348 0.47786629 0.85927713 -0.18244711 1.4083862 0.14782649 0.12607038 0.98094511 -1.5258789e-05 0 0 0 1 0.86684859 -0.49508369 -0.058865782 10.019287 0.47934556 0.86006397 -0.17469271 1.4082031 0.13711582 0.12321512 0.98286158 1.5258789e-05 0 0 0 1 0.86769062 -0.49449086 -0.050908428 10.019348 0.48082742 0.86085814 -0.16651723 1.4083252 0.12616616 0.12000725 0.98472363 1.5258789e-05 0 0 0 1 0.86844569 -0.49391782 -0.042979162 10.019287 0.48225054 0.8616758 -0.1579528 1.4083252 0.11504981 0.1164467 0.98651087 -7.6293945e-06 0 0 0 1 0.86913055 -0.49333251 -0.035147637 10.019409 0.48355907 0.86253017 -0.14903811 1.4082642 0.10384127 0.11253761 0.98820657 -1.5258789e-05 0 0 0 1 0.86976278 -0.49270388 -0.027480431 10.019348 0.4847005 0.86343288 -0.13981679 1.4083252 0.092615791 0.10828768 0.98979598 7.6293945e-06 0 0 0 1 0.87036198 -0.49200469 -0.020040274 10.019287 0.48562968 0.86439341 -0.13033837 1.4083862 0.081449769 0.10370941 0.99126703 7.6293945e-06 0 0 0 1 0.87094706 -0.49120742 -0.012886348 10.019287 0.48630422 0.86541867 -0.12065815 1.4084473 0.070420265 0.098820195 0.99261039 1.5258789e-05 0 0 0 1 0.87153989 -0.49028701 -0.0060730944 10.019287 0.48668838 0.86651587 -0.11083631 1.4083252 0.059604041 0.09364257 0.99382007 3.8146973e-06 0 0 0 1 0.87216055 -0.48921958 0.00034963712 10.019287 0.48675177 0.86768913 -0.10093813 1.4082031 0.049077529 0.088204451 0.99489266 -7.6293945e-06 0 0 0 1 0.87283075 -0.48798215 0.0063371612 10.019531 0.48646921 0.86894244 -0.091033109 1.4083252 0.038915899 0.082539327 0.99582779 -3.8146973e-06 0 0 0 1 0.87357104 -0.48655239 0.011850073 10.019287 0.48582041 0.87027913 -0.081194937 1.4083252 0.02919272 0.076686546 0.99662775 -3.8146973e-06 0 0 0 1 0.87440187 -0.48490962 0.016854716 10.019409 0.48479089 0.87170273 -0.071500488 1.4084167 0.01997897 0.070691191 0.99729806 0 0 0 0 1 0.87534297 -0.48303232 0.021323139 10.019409 0.48336977 0.87321585 -0.062029611 1.4082336 0.011342601 0.064604118 0.9978466 -3.8146973e-06 0 0 0 1 0.87641245 -0.48089996 0.025232976 10.019287 0.48154983 0.87482303 -0.052864332 1.4082947 0.0033480651 0.058481909 0.99828261 -1.9073486e-06 0 0 0 1 0.87762719 -0.47849122 0.028568007 10.019165 0.47932708 0.87652797 -0.044088349 1.4083862 -0.0039447676 0.052386552 0.99861908 -1.9073486e-06 0 0 0 1 0.87900352 -0.47578534 0.031317391 10.019287 0.47669974 0.87833732 -0.03578645 1.4083252 -0.010480567 0.046385415 0.99886853 -1.9073486e-06 0 0 0 1 0.88055468 -0.47276062 0.033476304 10.019287 0.47366703 0.88025737 -0.028043941 1.4083252 -0.016209692 0.040550854 0.99904585 0 0 0 0 1 0.88229293 -0.46939406 0.035045084 10.019165 0.47022781 0.88229644 -0.020946054 1.4083099 -0.021088198 0.034959733 0.99916619 3.8146973e-06 0 0 0 1 0.88422889 -0.46566224 0.036029413 10.019287 0.46638036 0.88446409 -0.014577449 1.4083252 -0.025078565 0.029693207 0.99924433 0 0 0 0 1 0.88636988 -0.46154097 0.036440074 10.019531 0.46212062 0.8867709 -0.0090217264 1.4082794 -0.0281501 0.024836302 0.99929512 0 0 0 0 1 0.88872445 -0.45700288 0.036292113 10.019287 0.45744073 0.88922918 -0.0043609799 1.4083099 -0.030279037 0.020477196 0.99933159 0 0 0 0 1 0.89129698 -0.45202038 0.035605162 10.019165 0.45232859 0.89185131 -0.00067509897 1.408371 -0.031449355 0.016706944 0.99936569 3.8146973e-06 0 0 0 1 0.89409161 -0.44656131 0.034402195 10.019409 0.44676462 0.89464957 0.0019585651 1.4083099 -0.031652521 0.013618545 0.99940628 0 0 0 0 1 0.89784247 -0.4392741 0.030287717 10.019165 0.43948814 0.89824831 -0.00045526531 1.4083252 -0.027005913 0.013719849 0.99954093 0 0 0 0 1 0.90308827 -0.42890117 0.021806914 10.019165 0.42919132 0.90314877 -0.010822257 1.4083252 -0.015053215 0.019132793 0.99970347 -3.8146973e-06 0 0 0 1 0.90955639 -0.41545057 0.010407664 10.019287 0.41557622 0.90914214 -0.027518066 1.4082794 0.0019703505 0.02935441 0.99956715 -3.8146973e-06 0 0 0 1 0.91697145 -0.3989445 -0.002524968 10.019409 0.39835751 0.91593111 -0.048796628 1.4083099 0.021779843 0.043739274 0.99880546 0 0 0 0 1 0.9250319 -0.37956288 -0.015752897 10.019531 0.37754178 0.923127 -0.072791979 1.4082947 0.042171076 0.061387531 0.99722254 -7.6293945e-06 0 0 0 1 0.93339533 -0.3577362 -0.028246868 10.019165 0.35359538 0.93029559 -0.09757252 1.4083252 0.061183158 0.081085779 0.99482745 0 0 0 0 1 0.94168782 -0.33419421 -0.039220087 10.019409 0.32749736 0.93704331 -0.1212225 1.4082947 0.077262796 0.10130925 0.99185026 0 0 0 0 1 0.94952744 -0.30996928 -0.048132282 10.019287 0.30067909 0.94310647 -0.1419225 1.4083176 0.089385495 0.12028694 0.98870683 -7.6293945e-06 0 0 0 1 0.95656407 -0.28635156 -0.054661375 10.019165 0.27488154 0.94840777 -0.15799564 1.4083405 0.097083598 0.13610758 0.98592556 7.6293945e-06 0 0 0 1 0.96251881 -0.26479846 -0.058644831 10.019409 0.2519654 0.95305836 -0.16790792 1.4082947 0.10035371 0.14683805 0.98405677 -2.2888184e-05 0 0 0 1 0.96720809 -0.24679928 -0.05998889 10.019287 0.23371106 0.95728987 -0.17022003 1.4083252 0.099436961 0.15061811 0.98357832 1.5258789e-05 0 0 0 1 0.97054458 -0.23369989 -0.05854433 10.019287 0.22161758 0.96132767 -0.16350724 1.4083099 0.094491921 0.14571662 0.98480338 0 0 0 0 1 0.97311532 -0.22389945 -0.05399128 10.019409 0.21413825 0.96585625 -0.14582863 1.4082947 0.084798768 0.13034648 0.98783547 -1.5258789e-05 0 0 0 1 0.97556901 -0.21472205 -0.046473518 10.019409 0.20810585 0.97099334 -0.11774612 1.4082947 0.070408165 0.10519806 0.9919557 -1.5258789e-05 0 0 0 1 0.97797811 -0.20553088 -0.036272284 10.019287 0.20208059 0.97596264 -0.081607848 1.408371 0.052173339 0.072480761 0.99600416 1.5258789e-05 0 0 0 1 0.98037958 -0.19570085 -0.023601213 10.019165 0.19467652 0.98005676 -0.039872777 1.4083252 0.030933667 0.03449586 0.99892592 3.8146973e-06 0 0 0 1 0.98273408 -0.18481894 -0.0087264432 10.019287 0.18486591 0.98275143 0.0049093082 1.4083252 0.0076685925 -0.0064377631 0.99994999 3.8146973e-06 0 0 0 1 0.98492062 -0.17282479 0.0079473834 10.019287 0.17221954 0.98377913 0.05019027 1.4083405 -0.016492596 -0.048064735 0.99870801 0 0 0 0 1 0.98676354 -0.16009375 0.025833057 10.019409 0.15705757 0.98314732 0.093563363 1.4083099 -0.040376611 -0.088267654 0.995278 7.6293945e-06 0 0 0 1 0.98808146 -0.14746185 0.044161644 10.019287 0.14048249 0.98112112 0.13291529 1.4083252 -0.062927842 -0.12512721 0.99014318 7.6293945e-06 0 0 0 1 0.98873806 -0.13619941 0.062021181 10.019165 0.12429718 0.97816956 0.16653638 1.4083252 -0.083349384 -0.15695179 0.98408282 -3.0517578e-05 0 0 0 1 0.98867834 -0.12793234 0.078413673 10.019165 0.11082912 0.97488999 0.19314978 1.4084167 -0.10115479 -0.18227248 0.97803104 -1.5258789e-05 0 0 0 1 0.98791456 -0.1245187 0.092302687 10.019531 0.10270669 0.97189277 0.2118395 1.4083252 -0.11608627 -0.19979927 0.97293591 -1.5258789e-05 0 0 0 1 0.98646533 -0.12788117 0.1026272 10.019409 0.10261989 0.96966022 0.22187395 1.4082947 -0.12788703 -0.20833939 0.96965939 -1.5258789e-05 0 0 0 1 0.98284757 -0.15080824 0.10614817 10.019531 0.12530316 0.96840161 0.21563271 1.4082642 -0.13531326 -0.19863343 0.97068781 3.0517578e-05 0 0 0 1 0.97481143 -0.19873299 0.10123057 10.019165 0.17713487 0.96566653 0.19002892 1.4083405 -0.13552001 -0.16731089 0.97654557 0 0 0 0 1 0.96106523 -0.26155502 0.089122295 10.019165 0.2466463 0.95741653 0.15006356 1.4083099 -0.12457707 -0.12223917 0.98465115 0 0 0 0 1 0.9415291 -0.32920292 0.071751967 10.019287 0.32152209 0.9415251 0.10076819 1.4083252 -0.10072944 -0.071806341 0.99231923 0 0 0 0 1 0.91805047 -0.39301649 0.052166127 10.019287 0.39075258 0.91921216 0.048593346 1.4083099 -0.067049719 -0.024227096 0.99745542 -7.6293945e-06 0 0 0 1 0.89409161 -0.44656131 0.034402195 10.019409 0.44676462 0.89464957 0.0019585651 1.4083099 -0.031652521 0.013618545 0.99940628 0 0 0 0 1 </float_array>
        <technique_common>
          <accessor count="121" offset="0" source="#B_Head_matrix-output-array" stride="16">
            <param name="TRANSFORM" type="float4x4" />
          </accessor>
        </technique_common>
      </source>
      <source id="B_Head_matrix-interpolation">
        <Name_array id="B_Head_matrix-interpolation-array" count="121"> LINEAR LINEAR LINEAR LINEAR LINEAR LINEAR LINEAR LINEAR LINEAR LINEAR LINEAR LINEAR LINEAR LINEAR LINEAR LINEAR LINEAR LINEAR LINEAR LINEAR LINEAR LINEAR LINEAR LINEAR LINEAR LINEAR LINEAR LINEAR LINEAR LINEAR LINEAR LINEAR LINEAR LINEAR LINEAR LINEAR LINEAR LINEAR LINEAR LINEAR LINEAR LINEAR LINEAR LINEAR LINEAR LINEAR LINEAR LINEAR LINEAR LINEAR LINEAR LINEAR LINEAR LINEAR LINEAR LINEAR LINEAR LINEAR LINEAR LINEAR LINEAR LINEAR LINEAR LINEAR LINEAR LINEAR LINEAR LINEAR LINEAR LINEAR LINEAR LINEAR LINEAR LINEAR LINEAR LINEAR LINEAR LINEAR LINEAR LINEAR LINEAR LINEAR LINEAR LINEAR LINEAR LINEAR LINEAR LINEAR LINEAR LINEAR LINEAR LINEAR LINEAR LINEAR LINEAR LINEAR LINEAR LINEAR LINEAR LINEAR LINEAR LINEAR LINEAR LINEAR LINEAR LINEAR LINEAR LINEAR LINEAR LINEAR LINEAR LINEAR LINEAR LINEAR LINEAR LINEAR LINEAR LINEAR LINEAR LINEAR LINEAR </Name_array>
        <technique_common>
          <accessor source="#B_Head_matrix-interpolation-array" count="121" stride="1">
            <param name="INTERPOLATION" type="name"></param>
          </accessor>
        </technique_common>
      </source>
      <source id="B_L_Calf_matrix-input" name="B_L_Calf_matrix-input">
        <float_array id="B_L_Calf_matrix-input-array" count="121"> 0 1 2 3 4 5 6 7 8 9 10 11 12 13 14 15 16 17 18 19 20 21 22 23 24 25 26 27 28 29 30 31 32 33 34 35 36 37 38 39 40 41 42 43 44 45 46 47 48 49 50 51 52 53 54 55 56 57 58 59 60 61 62 63 64 65 66 67 68 69 70 71 72 73 74 75 76 77 78 79 80 81 82 83 84 85 86 87 88 89 90 91 92 93 94 95 96 97 98 99 100 101 102 103 104 105 106 107 108 109 110 111 112 113 114 115 116 117 118 119 120 </float_array>
        <technique_common>
          <accessor count="121" offset="0" source="#B_L_Calf_matrix-input-array" stride="1">
