<?xml version="1.0" encoding="UTF-8" standalone="no" ?>
<COLLADA xmlns="http://www.collada.org/2005/11/COLLADASchema" version="1.4.1">
  <asset>
    <contributor>
      <author>Assimp</author>
      <authoring_tool>FBX SDK/FBX Plugins version 2013.1</authoring_tool>
    </contributor>
    <created>2020-08-21T13:36:58</created>
    <modified>2020-08-21T13:36:58</modified>
    <unit name="meter" meter="1" />
    <up_axis>Y_UP</up_axis>
  </asset>
  <library_geometries>
  </library_geometries>
  <library_controllers>
  </library_controllers>
  <library_visual_scenes>
    <visual_scene id="RootNode" name="RootNode">
      <node id="Motion_aAssimpFbxa_Translation"  name="Motion_$AssimpFbx$_Translation" type="NODE">
        <matrix sid="matrix">1 0 0 9.92585e-07 0 1 0 0 0 0 1 -0.17328988 0 0 0 1</matrix>
        <node id="Motion_aAssimpFbxa_PreRotation"  name="Motion_$AssimpFbx$_PreRotation" type="NODE">
          <matrix sid="matrix">1 0 0 0 0 -4.3711388e-08 1 0 0 -1 -4.3711388e-08 0 0 0 0 1</matrix>
          <node id="Motion_aAssimpFbxa_Rotation"  name="Motion_$AssimpFbx$_Rotation" type="NODE">
            <matrix sid="matrix">1.3868001e-06 1 0 0 -1 1.3868001e-06 0 0 0 0 1 0 0 0 0 1</matrix>
            <node id="Motion_aAssimpFbxa_Scaling"  name="Motion_$AssimpFbx$_Scaling" type="NODE">
              <matrix sid="matrix">1 0 0 0 0 1 0 0 0 0 1 0 0 0 0 1</matrix>
              <node id="Motion"  name="Motion" type="NODE">
                <matrix sid="matrix">1 0 0 0 0 1 0 0 0 0 1 0 0 0 0 1</matrix>
                <node id="B_Pelvis"  name="B_Pelvis" type="NODE">
                  <matrix sid="matrix">-0.045328535 0.60813701 0.7925368 0.17328988 -1.0659465e-06 -0.79335231 0.60876274 -1.2122457e-06 0.99897212 0.027593479 0.035962146 109.26141 0 0 0 1</matrix>
                  <node id="B_Spine"  name="B_Spine" type="NODE">
                    <matrix sid="matrix">0.99823147 0.047404043 -0.035873134 7.6763 -0.037805352 0.97190607 0.23231287 -1.6268322 0.045877889 -0.2305458 0.97197938 0.002348423 0 0 0 1</matrix>
                    <node id="B_Spine1"  name="B_Spine1" type="NODE">
                      <matrix sid="matrix">0.99970514 -0.024198733 0.0019994159 12.747772 0.024175972 0.99965024 0.010716191 -0.014275074 -0.0022580349 -0.010664694 0.99994057 0.00015199184 0 0 0 1</matrix>
                      <node id="B_Spine2"  name="B_Spine2" type="NODE">
                        <matrix sid="matrix">0.9988209 -0.048403621 0.0037315518 17.935425 0.048312031 0.99859816 0.021625727 -0.026443958 -0.0047730841 -0.02141995 0.9997592 0.00054776669 0 0 0 1</matrix>
                        <node id="B_L_Clavicle"  name="B_L_Clavicle" type="NODE">
                          <matrix sid="matrix">-0.017590661 -0.00078421831 0.99984497 17.736862 -0.17375694 -0.98478115 -0.0038293824 0.073140621 0.98463148 -0.17379735 0.017186686 5.0180159 0 0 0 1</matrix>
                          <node id="B_L_UpperArm"  name="B_L_UpperArm" type="NODE">
                            <matrix sid="matrix">0.67658824 0.40229177 0.61675727 17.464664 -0.50647557 0.8622275 -0.0067962706 4.7683716e-06 -0.53451926 -0.30777425 0.78712398 -1.5258789e-05 0 0 0 1</matrix>
                            <node id="B_L_Forearm"  name="B_L_Forearm" type="NODE">
                              <matrix sid="matrix">-0.13640097 0.98478979 0.10762792 27.628178 -0.99065369 -0.13559353 -0.014819505 -3.8146973e-06 -4.4703489e-07 -0.1086434 0.99408078 0 0 0 0 1</matrix>
                              <node id="B_L_ForeArmTwist"  name="B_L_ForeArmTwist" type="NODE">
                                <matrix sid="matrix">1 9.48679e-08 -3.1940934e-07 11.992638 -5.9604631e-08 0.99408078 0.10864344 -7.6293945e-06 3.2782546e-07 -0.10864344 0.99408078 3.0517578e-05 0 0 0 1</matrix>
                                <node id="B_L_Hand"  name="B_L_Hand" type="NODE">
                                  <matrix sid="matrix">0.96626526 -0.095602065 0.23914792 11.992638 -0.24727416 -0.084708728 0.96523571 0 -0.072020613 -0.99180877 -0.10549102 0 0 0 0 1</matrix>
                                  <node id="B_L_Finger0"  name="B_L_Finger0" type="NODE">
                                    <matrix sid="matrix">0.80900651 0.13246349 0.57267958 1.4603195 0.15583254 0.89108151 -0.42625111 1.9355316 -0.56676686 0.43408203 0.70024866 -2.4376602 0 0 0 1</matrix>
                                    <node id="B_L_Finger01"  name="B_L_Finger01" type="NODE">
                                      <matrix sid="matrix">0.80299318 -0.59598821 -1.9701069e-07 3.7140045 0.59598821 0.80299318 -1.3694446e-07 -1.5258789e-05 2.3981553e-07 -7.4505806e-09 1 -2.2888184e-05 0 0 0 1</matrix>
                                      <node id="B_L_Finger02"  name="B_L_Finger02" type="NODE">
                                        <matrix sid="matrix">0.55218476 -0.83372176 5.9857236e-08 5.5299339 0.83372176 0.55218476 2.2911482e-08 0 -5.2154057e-08 3.725291e-08 1 1.9073486e-05 0 0 0 1</matrix>
                                      </node>
                                    </node>
                                  </node>
                                  <node id="B_L_Finger1"  name="B_L_Finger1" type="NODE">
                                    <matrix sid="matrix">0.27254897 -0.95552641 0.11263389 11.625465 0.92804098 0.23019093 -0.29283458 3.1205292 0.25388387 0.18434063 0.94950598 -3.0983582 0 0 0 1</matrix>
                                    <node id="B_L_Finger11"  name="B_L_Finger11" type="NODE">
                                      <matrix sid="matrix">-0.25881925 -0.96592575 1.3360006e-08 4.45681 0.96592575 -0.25881925 6.5287082e-08 -7.6293945e-06 -5.9604652e-08 2.9802329e-08 1 1.1444092e-05 0 0 0 1</matrix>
                                      <node id="B_L_Finger12"  name="B_L_Finger12" type="NODE">
                                        <matrix sid="matrix">0.57357574 -0.81915253 2.6426562e-07 3.3311768 0.81915253 0.57357574 -1.9413591e-07 -3.0517578e-05 7.4505802e-09 3.2782549e-07 1 -1.5258789e-05 0 0 0 1</matrix>
                                      </node>
                                    </node>
                                  </node>
                                  <node id="B_L_Finger2"  name="B_L_Finger2" type="NODE">
                                    <matrix sid="matrix">0.25808468 -0.96503472 0.04582914 11.814072 0.96096504 0.25152323 -0.11524839 2.4380875 0.0996916 0.073784038 0.99227893 0.83570862 0 0 0 1</matrix>
                                    <node id="B_L_Finger21"  name="B_L_Finger21" type="NODE">
                                      <matrix sid="matrix">-0.62068564 -0.78405952 4.4761566e-07 5.1996384 0.78405952 -0.62068564 1.5479237e-07 2.2888184e-05 1.5646216e-07 4.4703472e-07 1 7.6293945e-06 0 0 0 1</matrix>
                                      <node id="B_L_Finger22"  name="B_L_Finger22" type="NODE">
                                        <matrix sid="matrix">0.44828629 -0.89389002 -7.9920021e-08 5.1996212 0.89389002 0.44828629 4.0079932e-08 1.5258789e-05 0 -8.9406996e-08 1 -7.6293945e-06 0 0 0 1</matrix>
                                      </node>
                                    </node>
                                  </node>
                                  <node id="B_L_Finger3"  name="B_L_Finger3" type="NODE">
                                    <matrix sid="matrix">0.13847044 -0.99036652 0.00029711102 11.814064 0.99036658 0.13847046 5.9478254e-05 1.9342346 -0.00010004637 0.00028601286 0.99999994 4.6002312 0 0 0 1</matrix>
                                    <node id="B_L_Finger31"  name="B_L_Finger31" type="NODE">
                                      <matrix sid="matrix">-0.058766745 -0.99827176 -9.4322394e-07 4.4568024 0.99827176 -0.058766745 -1.2198288e-06 1.5258789e-05 1.1622905e-06 -1.0132792e-06 1 -3.8146973e-06 0 0 0 1</matrix>
                                      <node id="B_L_Finger32"  name="B_L_Finger32" type="NODE">
                                        <matrix sid="matrix">-0.058766626 -0.99827176 -1.8199869e-06 4.4567719 0.99827176 -0.058766626 -1.5401273e-06 -2.2888184e-05 1.430511e-06 -1.9073495e-06 1 3.8146973e-06 0 0 0 1</matrix>
                                      </node>
                                    </node>
                                  </node>
                                  <node id="B_L_Finger4"  name="B_L_Finger4" type="NODE">
                                    <matrix sid="matrix">0.14714384 -0.98122936 -0.12465006 11.857193 0.98368686 0.15835437 -0.085346863 4.052887 0.10348373 -0.11005837 0.9885233 6.5145187 0 0 0 1</matrix>
                                    <node id="B_L_Finger41"  name="B_L_Finger41" type="NODE">
                                      <matrix sid="matrix">-0.18123157 -0.98344046 -2.0991884e-06 3.3276596 0.98344046 -0.18123157 -3.9021261e-06 1.5258789e-05 3.4570694e-06 -2.7716153e-06 1 1.9073486e-05 0 0 0 1</matrix>
                                      <node id="B_L_Finger42"  name="B_L_Finger42" type="NODE">
                                        <matrix sid="matrix">0.0019772795 -0.99999803 -2.1821054e-06 3.327652 0.99999803 0.0019772795 -3.30375e-06 0 3.3080582e-06 -2.1755689e-06 1 -2.6702881e-05 0 0 0 1</matrix>
                                      </node>
                                    </node>
                                  </node>
                                </node>
                              </node>
                            </node>
                          </node>
                        </node>
                        <node id="B_R_Clavicle"  name="B_R_Clavicle" type="NODE">
                          <matrix sid="matrix">-0.10452852 -0.0007956163 -0.9945215 17.736847 0.00023395466 -0.99999964 0.00077540905 0.074661255 -0.99452186 -0.0001516206 0.10452867 -5.0179634 0 0 0 1</matrix>
                          <node id="B_R_UpperArm"  name="B_R_UpperArm" type="NODE">
                            <matrix sid="matrix">0.65678823 0.18435097 -0.73119342 17.464647 -0.58112288 0.74166942 -0.3349964 1.0967255e-05 0.48054695 0.64493495 0.59425038 3.0517578e-05 0 0 0 1</matrix>
                            <node id="B_R_Forearm"  name="B_R_Forearm" type="NODE">
                              <matrix sid="matrix">0.1257856 0.99193633 -0.015499637 27.628181 -0.99205744 0.12577026 -0.0019651202 -7.6293945e-06 1.1920932e-07 0.015623715 0.99987793 7.6293945e-06 0 0 0 1</matrix>
                              <node id="B_R_ForeArmTwist"  name="B_R_ForeArmTwist" type="NODE">
                                <matrix sid="matrix">1 2.9798681e-08 -4.6562576e-10 11.99263 -2.9802319e-08 0.99987793 -0.01562381 -7.6293945e-06 0 0.01562381 0.99987793 7.6293945e-06 0 0 0 1</matrix>
                                <node id="B_R_Hand"  name="B_R_Hand" type="NODE">
                                  <matrix sid="matrix">0.86458039 -0.066815838 -0.49803254 11.992661 -0.49769518 0.022792157 -0.8670525 0 0.069284074 0.99750501 -0.013548267 -1.5258789e-05 0 0 0 1</matrix>
                                  <node id="B_R_Finger0"  name="B_R_Finger0" type="NODE">
                                    <matrix sid="matrix">0.80900663 0.13246378 -0.57267934 1.4603119 0.15583237 0.89108133 0.42625153 1.9355469 0.56676674 -0.43408227 0.70024854 2.437664 0 0 0 1</matrix>
                                    <node id="B_R_Finger01"  name="B_R_Finger01" type="NODE">
                                      <matrix sid="matrix">0.802993 -0.59598845 -4.4123291e-07 3.7140121 0.59598845 0.802993 -3.0574498e-08 -1.5258789e-05 3.72529e-07 -2.3841861e-07 1 0 0 0 0 1</matrix>
                                      <node id="B_R_Finger02"  name="B_R_Finger02" type="NODE">
                                        <matrix sid="matrix">0.55218476 -0.83372176 1.9877469e-07 5.5299397 0.83372176 0.55218476 -1.3165106e-07 7.6293945e-06 0 2.3841849e-07 1 2.2888184e-05 0 0 0 1</matrix>
                                      </node>
                                    </node>
                                  </node>
                                  <node id="B_R_Finger1"  name="B_R_Finger1" type="NODE">
                                    <matrix sid="matrix">0.27254847 -0.95552653 -0.11263396 11.625458 0.92804098 0.23019037 0.29283497 3.1205597 -0.25388432 -0.18434066 0.94950587 3.0983467 0 0 0 1</matrix>
                                    <node id="B_R_Finger11"  name="B_R_Finger11" type="NODE">
                                      <matrix sid="matrix">-0.25881937 -0.96592575 -1.3011737e-07 4.4568176 0.96592575 -0.25881937 -5.4148416e-08 0 1.8626451e-08 -1.3969837e-07 1 7.6293945e-06 0 0 0 1</matrix>
                                      <node id="B_R_Finger12"  name="B_R_Finger12" type="NODE">
                                        <matrix sid="matrix">0.57357585 -0.81915247 1.7840254e-07 3.331131 0.81915247 0.57357585 4.3702968e-08 0 -1.3812678e-07 1.2107192e-07 1 -1.1444092e-05 0 0 0 1</matrix>
                                      </node>
                                    </node>
                                  </node>
                                  <node id="B_R_Finger2"  name="B_R_Finger2" type="NODE">
                                    <matrix sid="matrix">0.25808468 -0.96503466 -0.045829326 11.814056 0.96096504 0.25152317 0.11524837 2.438118 -0.09969154 -0.073784217 0.99227887 -0.83572006 0 0 0 1</matrix>
                                    <node id="B_R_Finger21"  name="B_R_Finger21" type="NODE">
                                      <matrix sid="matrix">-0.62068564 -0.78405952 -9.1032696e-08 5.1995926 0.78405952 -0.62068564 -5.3059139e-08 1.5258789e-05 -1.490116e-08 -1.043081e-07 1 -3.6239624e-05 0 0 0 1</matrix>
                                      <node id="B_R_Finger22"  name="B_R_Finger22" type="NODE">
                                        <matrix sid="matrix">0.44828629 -0.89389002 1.9999986e-08 5.1996155 0.89389002 0.44828629 6.6400152e-09 -1.5258789e-05 -1.4901163e-08 1.490116e-08 1 1.9073486e-05 0 0 0 1</matrix>
                                      </node>
                                    </node>
                                  </node>
                                  <node id="B_R_Finger3"  name="B_R_Finger3" type="NODE">
                                    <matrix sid="matrix">0.13847044 -0.99036652 -0.00029836062 11.814072 0.99036658 0.13847046 -5.9484104e-05 1.9342651 0.0001002252 -0.0002872496 0.99999994 -4.6002502 0 0 0 1</matrix>
                                    <node id="B_R_Finger31"  name="B_R_Finger31" type="NODE">
                                      <matrix sid="matrix">-0.058766864 -0.99827176 1.0508334e-08 4.4567871 0.99827176 -0.058766864 -1.7850491e-07 -1.5258789e-05 1.7881393e-07 0 1 0 0 0 0 1</matrix>
                                      <node id="B_R_Finger32"  name="B_R_Finger32" type="NODE">
                                        <matrix sid="matrix">-0.058766864 -0.99827176 6.6590189e-07 4.4568329 0.99827176 -0.058766864 -1.5484983e-07 0 1.9371515e-07 6.5565098e-07 1 -1.5258789e-05 0 0 0 1</matrix>
                                      </node>
                                    </node>
                                  </node>
                                  <node id="B_R_Finger4"  name="B_R_Finger4" type="NODE">
                                    <matrix sid="matrix">0.14714396 -0.98122966 0.12464788 11.857224 0.98368686 0.15835428 0.085347056 4.0529099 -0.10348359 0.11005617 0.98852354 -6.5145607 0 0 0 1</matrix>
                                    <node id="B_R_Finger41"  name="B_R_Finger41" type="NODE">
                                      <matrix sid="matrix">-0.18123111 -0.98344052 3.4586679e-07 3.3276749 0.98344052 -0.18123111 8.3649292e-07 3.0517578e-05 -7.5995922e-07 4.9173798e-07 1 2.6702881e-05 0 0 0 1</matrix>
                                      <node id="B_R_Finger42"  name="B_R_Finger42" type="NODE">
                                        <matrix sid="matrix">0.0019770411 -0.99999803 2.696344e-07 3.3276978 0.99999803 0.0019770411 7.1472419e-07 3.8146973e-05 -7.1525591e-07 2.6822084e-07 1 -7.6293945e-06 0 0 0 1</matrix>
                                      </node>
                                    </node>
                                  </node>
                                </node>
                              </node>
                            </node>
                          </node>
                        </node>
                        <node id="B_Neck"  name="B_Neck" type="NODE">
                          <matrix sid="matrix">0.9745459 -0.20556869 -0.089452907 27.039764 0.2092856 0.97725385 0.034271002 1.1282325 0.080373146 -0.05211987 0.99540126 0.0006121397 0 0 0 1</matrix>
                          <node id="B_Head"  name="B_Head" type="NODE">
                            <matrix sid="matrix">0.98408651 0.17358993 -0.037950195 10.019302 -0.16961537 0.8540433 -0.49177295 1.4083138 -0.052955728 0.49038407 0.86989605 -9.5367432e-07 0 0 0 1</matrix>
                          </node>
                        </node>
                      </node>
                    </node>
                  </node>
                  <node id="B_L_Thigh"  name="B_L_Thigh" type="NODE">
                    <matrix sid="matrix">-0.88966393 0.25987473 -0.3754507 0 3.0890635e-05 0.82228047 0.5690825 1.7881393e-05 0.45661592 0.50628054 -0.7315613 11.161455 0 0 0 1</matrix>
                    <node id="B_L_Calf"  name="B_L_Calf" type="NODE">
                      <matrix sid="matrix">0.79435855 0.60744917 7.0254259e-07 50.282742 -0.60744917 0.79435855 7.8854337e-06 0 4.2319298e-06 -6.6906209e-06 1 -3.8146973e-06 0 0 0 1</matrix>
                      <node id="B_L_Foot"  name="B_L_Foot" type="NODE">
                        <matrix sid="matrix">0.88486415 0.21548681 -0.41301444 39.728127 -0.21541186 0.97537309 0.047382891 -3.8146973e-06 0.41305351 0.047040775 0.90949106 0 0 0 0 1</matrix>
                        <node id="B_L_Toe0"  name="B_L_Toe0" type="NODE">
                          <matrix sid="matrix">-0.00063471391 -0.99999982 -0.00021278547 18.214445 0.99999982 -0.000634678 -0.00016890879 14.545955 0.00016877369 -0.00021289263 1 0.020652771 0 0 0 1</matrix>
                        </node>
                      </node>
                    </node>
                  </node>
                  <node id="B_R_Thigh"  name="B_R_Thigh" type="NODE">
                    <matrix sid="matrix">-0.83805442 0.54508036 -0.023498252 0 0.29712787 0.41986075 -0.85757327 -1.2397766e-05 -0.45758039 -0.72567511 -0.51382476 -11.161448 0 0 0 1</matrix>
                    <node id="B_R_Calf"  name="B_R_Calf" type="NODE">
                      <matrix sid="matrix">0.89171314 0.45260099 -9.094606e-08 50.282742 -0.45260099 0.89171314 -4.7884564e-06 0 -2.0861623e-06 4.3110917e-06 1 4.7683716e-07 0 0 0 1</matrix>
                      <node id="B_R_Foot"  name="B_R_Foot" type="NODE">
                        <matrix sid="matrix">0.75117838 0.66008353 -0.0045601204 39.72813 -0.64915776 0.73996228 0.17621019 -7.6293945e-06 0.11968776 -0.12940505 0.98434198 7.5101852e-06 0 0 0 1</matrix>
                        <node id="B_R_Toe0"  name="B_R_Toe0" type="NODE">
                          <matrix sid="matrix">-0.41498721 -0.90982717 0.00021227609 18.214436 0.90982723 -0.41498715 0.00016860233 14.54595 -6.5307133e-05 0.00026310238 0.99999994 -0.020652294 0 0 0 1</matrix>
                        </node>
                      </node>
                    </node>
                  </node>
                </node>
              </node>
            </node>
          </node>
        </node>
      </node>
      <node id="Exporter_aAssimpFbxa_PreRotation"  name="Exporter_$AssimpFbx$_PreRotation" type="NODE">
        <matrix sid="matrix">1 0 0 0 0 -4.3711388e-08 1 0 0 -1 -4.3711388e-08 0 0 0 0 1</matrix>
        <node id="Exporter"  name="Exporter" type="NODE">
          <matrix sid="matrix">1 0 0 0 0 1 0 0 0 0 1 0 0 0 0 1</matrix>
        </node>
      </node>
    </visual_scene>
  </library_visual_scenes>
  <library_animations>
    <animation id="TakeW001AnimId0" name="Take 001">
      <source id="B_Head_matrix-input" name="B_Head_matrix-input">
        <float_array id="B_Head_matrix-input-array" count="13"> 0 1 2 3 4 5 6 7 8 9 10 11 12 </float_array>
        <technique_common>
          <accessor count="13" offset="0" source="#B_Head_matrix-input-array" stride="1">
            <param name="TIME" type="float" />
          </accessor>
        </technique_common>
      </source>
      <source id="B_Head_matrix-output" name="B_Head_matrix-output">
        <float_array id="B_Head_matrix-output-array" count="208"> 0.98408645 0.17358993 -0.037950184 10.019302 -0.16961537 0.8540433 -0.49177286 1.4083138 -0.052955721 0.49038401 0.86989599 -9.5367432e-07 0 0 0 1 0.97958249 0.20045178 -0.01540352 10.019302 -0.18149167 0.84876198 -0.49665266 1.4083176 -0.08648099 0.48930785 0.86781269 1.9073486e-06 0 0 0 1 0.97382152 0.22720724 0.0069819251 10.019318 -0.19312131 0.84314734 -0.50180352 1.4083176 -0.1199002 0.48731861 0.86495358 0 0 0 0 1 0.9720974 0.23422612 0.012837159 10.019302 -0.1961412 0.84161448 -0.50320363 1.4083099 -0.12866734 0.48664504 0.86407268 1.9073486e-06 0 0 0 1 0.97596294 0.2179343 -0.00078588346 10.019302 -0.18912184 0.84513098 -0.49998644 1.4083176 -0.10830001 0.48811695 0.86603284 1.9073486e-06 0 0 0 1 0.98126566 0.19126548 -0.023140375 10.019318 -0.17746924 0.85060304 -0.49495369 1.4083099 -0.07498429 0.48978761 0.86861134 0 0 0 0 1 0.98593313 0.15954174 -0.049822357 10.019302 -0.16335061 0.85665786 -0.48934013 1.4083176 -0.035389468 0.49059516 0.87066859 0 0 0 0 1 0.98881131 0.12818979 -0.07628724 10.019302 -0.14912631 0.86216253 -0.48418689 1.4083099 0.003704187 0.4901458 0.87163258 3.8146973e-06 0 0 0 1 0.98988599 0.10268116 -0.09788841 10.019333 -0.13735515 0.8662926 -0.48028159 1.4083099 0.035484135 0.48886946 0.87163496 -9.5367432e-07 0 0 0 1 0.98999208 0.088457622 -0.10995818 10.019302 -0.13071385 0.86846036 -0.47821587 1.4083099 0.053192478 0.48780307 0.87133151 1.9073486e-06 0 0 0 1 0.9899146 0.1012127 -0.099121585 10.019318 -0.13666609 0.86652237 -0.48006397 1.4083214 0.037302494 0.48876882 0.87161559 -3.8146973e-06 0 0 0 1 0.9881441 0.13742447 -0.068452813 10.019302 -0.15332949 0.86059427 -0.48566204 1.4083252 -0.0078317467 0.49039984 0.87146246 -1.9073486e-06 0 0 0 1 0.98408645 0.17358993 -0.037950221 10.019302 -0.16961537 0.85404313 -0.49177307 1.4083061 -0.052955713 0.4903841 0.86989611 1.9073486e-06 0 0 0 1 </float_array>
        <technique_common>
          <accessor count="13" offset="0" source="#B_Head_matrix-output-array" stride="16">
            <param name="TRANSFORM" type="float4x4" />
          </accessor>
        </technique_common>
      </source>
      <source id="B_Head_matrix-interpolation">
        <Name_array id="B_Head_matrix-interpolation-array" count="13"> LINEAR LINEAR LINEAR LINEAR LINEAR LINEAR LINEAR LINEAR LINEAR LINEAR LINEAR LINEAR LINEAR </Name_array>
        <technique_common>
          <accessor source="#B_Head_matrix-interpolation-array" count="13" stride="1">
            <param name="INTERPOLATION" type="name"></param>
          </accessor>
        </technique_common>
      </source>
      <source id="B_L_Calf_matrix-input" name="B_L_Calf_matrix-input">
        <float_array id="B_L_Calf_matrix-input-array" count="13"> 0 1 2 3 4 5 6 7 8 9 10 11 12 </float_array>
        <technique_common>
          <accessor count="13" offset="0" source="#B_L_Calf_matrix-input-array" stride="1">
            <param name="TIME" type="float" />
          </accessor>
        </technique_common>
      </source>
      <source id="B_L_Calf_matrix-output" name="B_L_Calf_matrix-output">
        <float_array id="B_L_Calf_matrix-output-array" count="208"> 0.79435855 0.60744923 7.0254231e-07 50.282742 -0.60744917 0.79435867 7.8854337e-06 0 4.2319298e-06 -6.6906218e-06 0.99999994 -3.8146973e-06 0 0 0 1 0.69586396 0.71817362 6.2235398e-07 50.282738 -0.71817362 0.69586396 7.719821e-06 0 5.1110987e-06 -5.8189039e-06 0.99999994 3.8146973e-06 0 0 0 1 0.66479892 0.74702269 6.5725226e-07 50.282761 -0.74702251 0.66479909 7.7061331e-06 3.8146973e-06 5.3197145e-06 -5.6140125e-06 1 3.8146973e-06 0 0 0 1 0.6632731 0.74837762 7.5135176e-07 50.282742 -0.74837744 0.66327327 7.7244622e-06 0 5.2824616e-06 -5.6857239e-06 1 2.8610229e-06 0 0 0 1 0.65904355 0.75210512 7.5635097e-07 50.282749 -0.75210512 0.65904355 7.7061441e-06 0 5.2973633e-06 -5.6475401e-06 0.99999994 5.7220459e-06 0 0 0 1 0.6895414 0.72424662 7.3328761e-07 50.282753 -0.72424662 0.6895414 7.6523993e-06 0 5.036592e-06 -5.8077271e-06 1 4.7683716e-06 0 0 0 1 0.81925833 0.57342494 5.8542855e-07 50.282749 -0.57342488 0.81925839 7.8526955e-06 3.8146973e-06 4.0233135e-06 -6.7690858e-06 1 3.8146973e-06 0 0 0 1 0.68027687 0.73295557 6.3789389e-07 50.282757 -0.73295557 0.68027687 7.7076302e-06 0 5.2154069e-06 -5.7108705e-06 1 3.8146973e-06 0 0 0 1 0.40509501 0.91427493 9.1324608e-07 50.282764 -0.91427487 0.40509507 7.4292229e-06 7.6293945e-06 6.4224009e-06 -3.8444996e-06 0.99999994 2.8610229e-06 0 0 0 1 0.23391071 0.97225833 9.176066e-07 50.282753 -0.97225821 0.23391074 7.3819974e-06 7.6293945e-06 6.9625685e-06 -2.6188791e-06 1.0000001 1.9073486e-06 0 0 0 1 0.30885938 0.95110822 9.8510554e-07 50.282757 -0.95110786 0.3088595 7.4719596e-06 -7.6293945e-06 6.8023801e-06 -3.2447281e-06 1 0 0 0 0 1 0.47563064 0.87964541 8.8136539e-07 50.282749 -0.87964541 0.47563064 7.6591059e-06 3.8146973e-06 6.3180923e-06 -4.4181943e-06 1 0 0 0 0 1 0.79435796 0.60745001 6.5067701e-07 50.282738 -0.60744995 0.79435807 7.9157207e-06 0 4.291534e-06 -6.6831717e-06 0.99999994 0 0 0 0 1 </float_array>
        <technique_common>
          <accessor count="13" offset="0" source="#B_L_Calf_matrix-output-array" stride="16">
            <param name="TRANSFORM" type="float4x4" />
          </accessor>
        </technique_common>
      </source>
      <source id="B_L_Calf_matrix-interpolation">
        <Name_array id="B_L_Calf_matrix-interpolation-array" count="13"> LINEAR LINEAR LINEAR LINEAR LINEAR LINEAR LINEAR LINEAR LINEAR LINEAR LINEAR LINEAR LINEAR </Name_array>
        <technique_common>
          <accessor source="#B_L_Calf_matrix-interpolation-array" count="13" stride="1">
            <param name="INTERPOLATION" type="name"></param>
          </accessor>
        </technique_common>
      </source>
      <source id="B_L_Clavicle_matrix-input" name="B_L_Clavicle_matrix-input">
        <float_array id="B_L_Clavicle_matrix-input-array" count="13"> 0 1 2 3 4 5 6 7 8 9 10 11 12 </float_array>
        <technique_common>
          <accessor count="13" offset="0" source="#B_L_Clavicle_matrix-input-array" stride="1">
            <param name="TIME" type="float" />
          </accessor>
        </technique_common>
      </source>
      <source id="B_L_Clavicle_matrix-output" name="B_L_Clavicle_matrix-output">
        <float_array id="B_L_Clavicle_matrix-output-array" count="208"> -0.017590642 -0.00078421831 0.99984497 17.736862 -0.17375694 -0.98478115 -0.0038293749 0.073140621 0.98463148 -0.17379735 0.017186642 5.0180159 0 0 0 1 -0.017590644 -0.00078421831 0.99984509 17.736847 -0.17375696 -0.98478115 -0.0038293754 0.073141098 0.9846316 -0.17379735 0.017186644 5.0180159 0 0 0 1 -0.017590644 -0.00078421831 0.99984497 17.736877 -0.17375696 -0.98478115 -0.0038293749 0.073141098 0.9846316 -0.17379735 0.017186642 5.0180149 0 0 0 1 -0.017590642 -0.00078433752 0.99984509 17.736877 -0.17375693 -0.98478115 -0.0038294946 0.073140144 0.98463148 -0.17379735 0.017186644 5.0180168 0 0 0 1 -0.017590644 -0.00078433764 0.99984509 17.736847 -0.17375684 -0.98478127 -0.0038294871 0.073138237 0.9846316 -0.17379726 0.017186644 5.0180168 0 0 0 1 -0.017590642 -0.0007842257 0.99984497 17.736847 -0.17375696 -0.98478121 -0.0038293672 0.073135376 0.98463154 -0.17379735 0.017186521 5.0180163 0 0 0 1 -0.017590642 -0.00078421831 0.99984509 17.736832 -0.17375694 -0.98478115 -0.0038293754 0.07314539 0.98463148 -0.17379735 0.017186644 5.0180149 0 0 0 1 -0.01759064 -0.00078422565 0.99984503 17.736847 -0.17375694 -0.98478115 -0.0038293675 0.073140621 0.98463148 -0.17379735 0.017186522 5.0180163 0 0 0 1 -0.017590644 -0.00078421843 0.99984509 17.736862 -0.17375696 -0.98478127 -0.0038293754 0.073138356 0.9846316 -0.17379737 0.017186644 5.0180173 0 0 0 1 -0.017590879 -0.00078420329 0.99984461 17.736862 -0.17375702 -0.98478091 -0.0038294038 0.073142529 0.98463124 -0.17379744 0.017186996 5.0180159 0 0 0 1 -0.017590644 -0.00078419596 0.99984485 17.736862 -0.17375694 -0.98478103 -0.0038293675 0.073146343 0.98463148 -0.17379734 0.017186821 5.018013 0 0 0 1 -0.017590642 -0.00078421825 0.99984509 17.736862 -0.17375694 -0.98478109 -0.0038293754 0.073141813 0.98463148 -0.17379734 0.017186644 5.0180154 0 0 0 1 -0.017590642 -0.00078421831 0.99984509 17.736877 -0.17375694 -0.98478115 -0.0038293754 0.073136806 0.98463148 -0.17379735 0.017186644 5.0180173 0 0 0 1 </float_array>
        <technique_common>
          <accessor count="13" offset="0" source="#B_L_Clavicle_matrix-output-array" stride="16">
            <param name="TRANSFORM" type="float4x4" />
          </accessor>
        </technique_common>
      </source>
      <source id="B_L_Clavicle_matrix-interpolation">
        <Name_array id="B_L_Clavicle_matrix-interpolation-array" count="13"> LINEAR LINEAR LINEAR LINEAR LINEAR LINEAR LINEAR LINEAR LINEAR LINEAR LINEAR LINEAR LINEAR </Name_array>
        <technique_common>
          <accessor source="#B_L_Clavicle_matrix-interpolation-array" count="13" stride="1">
            <param name="INTERPOLATION" type="name"></param>
          </accessor>
        </technique_common>
      </source>
      <source id="B_L_Finger0_matrix-input" name="B_L_Finger0_matrix-input">
        <float_array id="B_L_Finger0_matrix-input-array" count="13"> 0 1 2 3 4 5 6 7 8 9 10 11 12 </float_array>
        <technique_common>
          <accessor count="13" offset="0" source="#B_L_Finger0_matrix-input-array" stride="1">
            <param name="TIME" type="float" />
          </accessor>
        </technique_common>
      </source>
      <source id="B_L_Finger0_matrix-output" name="B_L_Finger0_matrix-output">
        <float_array id="B_L_Finger0_matrix-output-array" count="208"> 0.80900645 0.1324635 0.5726797 1.4603195 0.15583251 0.89108163 -0.4262512 1.9355316 -0.56676686 0.43408209 0.70024878 -2.4376602 0 0 0 1 0.80900669 0.13246375 0.57267964 1.4603424 0.15583242 0.89108163 -0.42625153 1.9355316 -0.56676686 0.43408227 0.70024878 -2.4376678 0 0 0 1 0.80900669 0.13246351 0.57267964 1.4603348 0.1558325 0.89108133 -0.42625126 1.9355469 -0.56676692 0.43408203 0.70024878 -2.4376602 0 0 0 1 0.80900657 0.13246357 0.57267958 1.4603348 0.15583244 0.89108145 -0.42625132 1.9355392 -0.5667668 0.43408209 0.70024878 -2.4376526 0 0 0 1 0.80900657 0.13246377 0.57267958 1.4603271 0.15583247 0.89108145 -0.42625159 1.9355469 -0.5667668 0.43408236 0.70024866 -2.4376526 0 0 0 1 0.80900645 0.13246371 0.57267958 1.4603271 0.15583238 0.89108163 -0.42625141 1.9355469 -0.56676674 0.43408221 0.70024878 -2.4376602 0 0 0 1 0.80900639 0.1324636 0.57267976 1.4603233 0.15583251 0.89108145 -0.42625135 1.9355469 -0.56676686 0.43408212 0.70024872 -2.4376602 0 0 0 1 0.80900639 0.13246368 0.57267964 1.460331 0.15583245 0.89108127 -0.42625141 1.9355469 -0.5667668 0.43408212 0.70024866 -2.4376526 0 0 0 1 0.80900657 0.13246366 0.57267976 1.4603271 0.15583253 0.89108151 -0.42625144 1.9355392 -0.56676698 0.43408221 0.70024872 -2.4376602 0 0 0 1 0.80900657 0.13246346 0.57267958 1.4603195 0.15583256 0.89108145 -0.42625129 1.9355469 -0.5667668 0.43408212 0.70024878 -2.4376602 0 0 0 1 0.80900651 0.13246378 0.57267946 1.4603271 0.15583235 0.89108145 -0.4262515 1.9355545 -0.5667668 0.4340823 0.7002486 -2.4376526 0 0 0 1 0.80900657 0.13246375 0.57267952 1.4603271 0.15583238 0.89108139 -0.42625144 1.9355469 -0.56676686 0.43408215 0.70024872 -2.4376678 0 0 0 1 0.80900663 0.13246351 0.57267988 1.4603348 0.15583254 0.89108169 -0.42625135 1.9355316 -0.56676698 0.43408215 0.70024896 -2.4376602 0 0 0 1 </float_array>
        <technique_common>
          <accessor count="13" offset="0" source="#B_L_Finger0_matrix-output-array" stride="16">
            <param name="TRANSFORM" type="float4x4" />
          </accessor>
        </technique_common>
      </source>
      <source id="B_L_Finger0_matrix-interpolation">
        <Name_array id="B_L_Finger0_matrix-interpolation-array" count="13"> LINEAR LINEAR LINEAR LINEAR LINEAR LINEAR LINEAR LINEAR LINEAR LINEAR LINEAR LINEAR LINEAR </Name_array>
        <technique_common>
          <accessor source="#B_L_Finger0_matrix-interpolation-array" count="13" stride="1">
            <param name="INTERPOLATION" type="name"></param>
          </accessor>
        </technique_common>
      </source>
      <source id="B_L_Finger01_matrix-input" name="B_L_Finger01_matrix-input">
        <float_array id="B_L_Finger01_matrix-input-array" count="13"> 0 1 2 3 4 5 6 7 8 9 10 11 12 </float_array>
        <technique_common>
          <accessor count="13" offset="0" source="#B_L_Finger01_matrix-input-array" stride="1">
            <param name="TIME" type="float" />
          </accessor>
        </technique_common>
      </source>
      <source id="B_L_Finger01_matrix-output" name="B_L_Finger01_matrix-output">
        <float_array id="B_L_Finger01_matrix-output-array" count="208"> 0.8029933 -0.59598815 -1.9701065e-07 3.7140045 0.59598827 0.80299306 -1.3694444e-07 -1.5258789e-05 2.3981556e-07 -7.4505726e-09 0.99999976 -2.2888184e-05 0 0 0 1 0.8029933 -0.59598815 -5.8193098e-08 3.7140045 0.59598827 0.80299306 5.88722e-08 0 1.1641532e-08 -8.1956394e-08 0.9999997 -2.2888184e-05 0 0 0 1 0.80299318 -0.59598827 -2.044896e-08 3.7140045 0.59598845 0.80299294 -1.0538138e-08 -1.5258789e-05 2.2700991e-08 -3.7252912e-09 0.99999976 -2.2888184e-05 0 0 0 1 0.8029933 -0.59598827 -1.264245e-08 3.7140121 0.59598833 0.80299318 -6.9693634e-08 1.5258789e-05 5.1688403e-08 4.8428767e-08 0.99999976 -2.4795532e-05 0 0 0 1 0.80299318 -0.59598821 -1.4349909e-08 3.7140198 0.59598827 0.80299306 3.5741916e-08 0 -9.7788861e-09 -3.7252903e-08 0.99999964 -2.6702881e-05 0 0 0 1 0.80299318 -0.59598833 -3.2250572e-08 3.7140045 0.59598845 0.802993 -4.2493678e-08 0 5.1222749e-08 1.4901163e-08 0.9999997 -2.2888184e-05 0 0 0 1 0.80299318 -0.59598821 -3.1409503e-08 3.7140045 0.59598839 0.80299294 -2.3312403e-08 0 3.9115552e-08 0 0.9999997 -2.2888184e-05 0 0 0 1 0.8029933 -0.59598815 2.093967e-08 3.7140045 0.59598827 0.80299306 1.5541596e-08 0 -2.6077032e-08 0 0.99999964 -2.2888184e-05 0 0 0 1 0.80299318 -0.59598845 -9.7781268e-08 3.7139969 0.59598845 0.80299318 -3.5460058e-08 0 9.9651494e-08 -2.9802329e-08 0.99999976 -2.6702881e-05 0 0 0 1 0.80299318 -0.59598815 -9.7640452e-08 3.7140045 0.59598821 0.80299306 -8.1748063e-08 0 1.2712553e-07 7.4505833e-09 0.9999997 -3.0517578e-05 0 0 0 1 0.80299336 -0.59598827 -1.027197e-08 3.7140121 0.59598833 0.8029933 5.0366729e-08 0 -2.1769663e-08 -4.6566132e-08 0.99999982 -2.2888184e-05 0 0 0 1 0.80299318 -0.59598827 -7.5111849e-08 3.7140045 0.59598827 0.80299318 -4.6470138e-08 0 8.8009983e-08 -7.450577e-09 0.9999997 -2.6702881e-05 0 0 0 1 0.80299336 -0.59598821 -1.1044703e-07 3.7140045 0.59598839 0.80299312 -1.0981023e-07 0 1.541339e-07 2.235174e-08 0.99999976 -2.6702881e-05 0 0 0 1 </float_array>
        <technique_common>
          <accessor count="13" offset="0" source="#B_L_Finger01_matrix-output-array" stride="16">
            <param name="TRANSFORM" type="float4x4" />
          </accessor>
        </technique_common>
      </source>
      <source id="B_L_Finger01_matrix-interpolation">
        <Name_array id="B_L_Finger01_matrix-interpolation-array" count="13"> LINEAR LINEAR LINEAR LINEAR LINEAR LINEAR LINEAR LINEAR LINEAR LINEAR LINEAR LINEAR LINEAR </Name_array>
        <technique_common>
          <accessor source="#B_L_Finger01_matrix-interpolation-array" count="13" stride="1">
            <param name="INTERPOLATION" type="name"></param>
          </accessor>
        </technique_common>
      </source>
      <source id="B_L_Finger02_matrix-input" name="B_L_Finger02_matrix-input">
        <float_array id="B_L_Finger02_matrix-input-array" count="13"> 0 1 2 3 4 5 6 7 8 9 10 11 12 </float_array>
        <technique_common>
          <accessor count="13" offset="0" source="#B_L_Finger02_matrix-input-array" stride="1">
            <param name="TIME" type="float" />
          </accessor>
        </technique_common>
      </source>
      <source id="B_L_Finger02_matrix-output" name="B_L_Finger02_matrix-output">
        <float_array id="B_L_Finger02_matrix-output-array" count="208"> 0.55218488 -0.83372158 5.9857243e-08 5.5299339 0.83372188 0.5521847 2.2911482e-08 0 -5.2154071e-08 3.7252907e-08 1 1.9073486e-05 0 0 0 1 0.55218476 -0.83372182 9.2710806e-10 5.529933 0.83372194 0.5521847 3.5132079e-08 1.5258789e-05 -2.9802319e-08 -1.8626448e-08 0.99999988 2.6702881e-05 0 0 0 1 0.55218494 -0.83372176 -1.1664051e-07 5.529933 0.83372194 0.55218482 4.8208811e-08 3.0517578e-05 2.4214385e-08 -1.238659e-07 0.99999994 2.2888184e-05 0 0 0 1 0.55218476 -0.83372182 -7.0044031e-08 5.529932 0.83372205 0.55218458 1.0001023e-07 0 -4.4703487e-08 -1.1362135e-07 0.99999994 2.4795532e-05 0 0 0 1 0.55218482 -0.83372182 2.3757467e-08 5.529933 0.83372217 0.55218458 2.1381783e-09 1.5258789e-05 -1.4901161e-08 1.862645e-08 0.99999994 2.6702881e-05 0 0 0 1 0.55218512 -0.83372164 -4.3806484e-08 5.529933 0.83372194 0.55218494 1.3625198e-07 1.5258789e-05 -8.9406967e-08 -1.117587e-07 1.0000001 2.0980835e-05 0 0 0 1 0.55218464 -0.833722 -1.2238002e-07 5.5299339 0.833722 0.55218464 1.5254606e-07 1.5258789e-05 -5.9604641e-08 -1.862645e-07 1 2.4795532e-05 0 0 0 1 0.5521847 -0.83372188 5.8060055e-09 5.5299349 0.83372223 0.55218446 1.3020252e-07 1.5258789e-05 -1.1175871e-07 -6.7055204e-08 1.0000001 2.6702881e-05 0 0 0 1 0.55218488 -0.8337217 6.5906683e-08 5.5299377 0.83372188 0.55218476 7.2524024e-08 1.5258789e-05 -9.6857534e-08 1.490117e-08 1.0000001 2.8610229e-05 0 0 0 1 0.55218488 -0.83372194 6.6914907e-08 5.5299349 0.83372211 0.55218476 8.0792795e-08 1.5258789e-05 -1.0430813e-07 1.1175868e-08 1.0000001 2.4795532e-05 0 0 0 1 0.55218494 -0.83372176 -1.060728e-07 5.5299263 0.83372194 0.55218482 5.5731533e-08 1.5258789e-05 1.21072e-08 -1.1920929e-07 1.0000001 1.9073486e-05 0 0 0 1 0.55218452 -0.83372194 -2.3114355e-08 5.5299377 0.83372211 0.5521844 1.270155e-07 0 -9.3132257e-08 -8.9406939e-08 0.99999994 2.6702881e-05 0 0 0 1 0.55218482 -0.8337217 -1.0488088e-08 5.5299311 0.833722 0.55218464 5.1629041e-08 3.0517578e-05 -3.7252896e-08 -3.725291e-08 1.0000001 1.9073486e-05 0 0 0 1 </float_array>
        <technique_common>
          <accessor count="13" offset="0" source="#B_L_Finger02_matrix-output-array" stride="16">
            <param name="TRANSFORM" type="float4x4" />
          </accessor>
        </technique_common>
      </source>
      <source id="B_L_Finger02_matrix-interpolation">
        <Name_array id="B_L_Finger02_matrix-interpolation-array" count="13"> LINEAR LINEAR LINEAR LINEAR LINEAR LINEAR LINEAR LINEAR LINEAR LINEAR LINEAR LINEAR LINEAR </Name_array>
        <technique_common>
          <accessor source="#B_L_Finger02_matrix-interpolation-array" count="13" stride="1">
            <param name="INTERPOLATION" type="name"></param>
          </accessor>
        </technique_common>
      </source>
      <source id="B_L_Finger1_matrix-input" name="B_L_Finger1_matrix-input">
        <float_array id="B_L_Finger1_matrix-input-array" count="13"> 0 1 2 3 4 5 6 7 8 9 10 11 12 </float_array>
        <technique_common>
          <accessor count="13" offset="0" source="#B_L_Finger1_matrix-input-array" stride="1">
            <param name="TIME" type="float" />
          </accessor>
        </technique_common>
      </source>
      <source id="B_L_Finger1_matrix-output" name="B_L_Finger1_matrix-output">
