<?xml version="1.0" encoding="UTF-8" standalone="no" ?>
<COLLADA xmlns="http://www.collada.org/2005/11/COLLADASchema" version="1.4.1">
  <asset>
    <contributor>
      <author>Assimp</author>
      <authoring_tool>FBX SDK/FBX Plugins version 2013.1</authoring_tool>
    </contributor>
    <created>2020-08-21T13:47:30</created>
    <modified>2020-08-21T13:47:30</modified>
    <unit name="meter" meter="1" />
    <up_axis>Y_UP</up_axis>
  </asset>
  <library_geometries>
  </library_geometries>
  <library_controllers>
  </library_controllers>
  <library_visual_scenes>
    <visual_scene id="RootNode" name="RootNode">
      <node id="Motion_aAssimpFbxa_Translation"  name="Motion_$AssimpFbx$_Translation" type="NODE">
        <matrix sid="matrix">1 0 0 9.92585e-07 0 1 0 0 0 0 1 -0.17328988 0 0 0 1</matrix>
        <node id="Motion_aAssimpFbxa_PreRotation"  name="Motion_$AssimpFbx$_PreRotation" type="NODE">
          <matrix sid="matrix">1 0 0 0 0 -4.3711388e-08 1 0 0 -1 -4.3711388e-08 0 0 0 0 1</matrix>
          <node id="Motion_aAssimpFbxa_Rotation"  name="Motion_$AssimpFbx$_Rotation" type="NODE">
            <matrix sid="matrix">1.3868001e-06 1 0 0 -1 1.3868001e-06 0 0 0 0 1 0 0 0 0 1</matrix>
            <node id="Motion_aAssimpFbxa_Scaling"  name="Motion_$AssimpFbx$_Scaling" type="NODE">
              <matrix sid="matrix">1 0 0 0 0 1 0 0 0 0 1 0 0 0 0 1</matrix>
              <node id="Motion"  name="Motion" type="NODE">
                <matrix sid="matrix">1 0 0 0 0 1 0 0 0 0 1 0 0 0 0 1</matrix>
                <node id="B_Pelvis"  name="B_Pelvis" type="NODE">
                  <matrix sid="matrix">-4.3711388e-08 0.6087622 0.79335272 0.17329331 0 -0.79335272 0.6087622 2.6999989 1 2.6609841e-08 3.467855e-08 98.622734 0 0 0 1</matrix>
                  <node id="B_Spine"  name="B_Spine" type="NODE">
                    <matrix sid="matrix">0.99823147 0.047404032 -0.03587313 7.6762924 -0.037805337 0.97190607 0.23231289 -1.6268322 0.045877881 -0.23054582 0.97197938 0.0023477077 0 0 0 1</matrix>
                    <node id="B_Spine1"  name="B_Spine1" type="NODE">
                      <matrix sid="matrix">0.99970514 -0.024198715 0.0019994176 12.747757 0.024175953 0.99965024 0.010716197 -0.014276028 -0.0022580365 -0.0106647 0.99994057 0.00015234947 0 0 0 1</matrix>
                      <node id="B_Spine2"  name="B_Spine2" type="NODE">
                        <matrix sid="matrix">0.9988209 -0.048403598 0.0037315511 17.935463 0.048312008 0.99859816 0.021625746 -0.026443243 -0.0047730836 -0.021419968 0.9997592 0.00054764748 0 0 0 1</matrix>
                        <node id="B_L_Clavicle"  name="B_L_Clavicle" type="NODE">
                          <matrix sid="matrix">-0.017590672 -0.00078421086 0.99984497 17.736847 -0.17375705 -0.98478109 -0.0038293898 0.073141098 0.98463142 -0.17379746 0.017186696 5.0180159 0 0 0 1</matrix>
                          <node id="B_L_UpperArm"  name="B_L_UpperArm" type="NODE">
                            <matrix sid="matrix">0.67658812 0.40229207 0.61675727 17.464663 -0.50647575 0.86222738 -0.0067964792 3.3378601e-06 -0.5345192 -0.30777419 0.78712404 1.5258789e-05 0 0 0 1</matrix>
                            <node id="B_L_Forearm"  name="B_L_Forearm" type="NODE">
                              <matrix sid="matrix">-0.13640097 0.98478979 0.10762783 27.628189 -0.99065369 -0.13559353 -0.014819403 -7.6293945e-06 -3.576279e-07 -0.1086433 0.99408078 0 0 0 0 1</matrix>
                              <node id="B_L_ForeArmTwist"  name="B_L_ForeArmTwist" type="NODE">
                                <matrix sid="matrix">1 3.5616111e-08 -3.2588494e-07 11.992638 0 0.99408078 0.10864353 -3.8146973e-06 3.278254e-07 -0.10864353 0.99408078 1.5258789e-05 0 0 0 1</matrix>
                                <node id="B_L_Hand"  name="B_L_Hand" type="NODE">
                                  <matrix sid="matrix">0.9662652 -0.095602155 0.23914796 11.992649 -0.24727422 -0.084708698 0.96523565 0 -0.072020702 -0.99180877 -0.10549102 7.6293945e-06 0 0 0 1</matrix>
                                  <node id="B_L_Finger0"  name="B_L_Finger0" type="NODE">
                                    <matrix sid="matrix">0.80900645 0.1324636 0.57267958 1.4603271 0.15583253 0.89108139 -0.42625123 1.9355545 -0.56676692 0.43408209 0.70024848 -2.4376678 0 0 0 1</matrix>
                                    <node id="B_L_Finger01"  name="B_L_Finger01" type="NODE">
                                      <matrix sid="matrix">0.80299318 -0.59598827 -2.0696775e-07 3.7140121 0.59598827 0.80299318 -4.2271076e-08 -7.6293945e-06 1.9138675e-07 -8.9406967e-08 1 -1.9073486e-05 0 0 0 1</matrix>
                                      <node id="B_L_Finger02"  name="B_L_Finger02" type="NODE">
                                        <matrix sid="matrix">0.55218482 -0.83372176 5.2637276e-08 5.5299339 0.83372176 0.55218482 1.8756822e-08 1.5258789e-05 -4.4703473e-08 3.3527609e-08 1 2.2888184e-05 0 0 0 1</matrix>
                                      </node>
                                    </node>
                                  </node>
                                  <node id="B_L_Finger1"  name="B_L_Finger1" type="NODE">
                                    <matrix sid="matrix">0.27254897 -0.95552641 0.11263385 11.625458 0.92804098 0.23019095 -0.29283455 3.1205444 0.25388387 0.18434058 0.94950598 -3.0983582 0 0 0 1</matrix>
                                    <node id="B_L_Finger11"  name="B_L_Finger11" type="NODE">
                                      <matrix sid="matrix">-0.25881925 -0.96592575 7.4790378e-08 4.4568253 0.96592575 -0.25881925 6.6320496e-08 -7.6293945e-06 -4.4703484e-08 8.9406974e-08 1 1.5258789e-05 0 0 0 1</matrix>
                                      <node id="B_L_Finger12"  name="B_L_Finger12" type="NODE">
                                        <matrix sid="matrix">0.57357574 -0.81915253 3.1554728e-07 3.3311615 0.81915253 0.57357574 -1.2089797e-07 -7.6293945e-06 -8.1956379e-08 3.2782549e-07 1 -1.9073486e-05 0 0 0 1</matrix>
                                      </node>
                                    </node>
                                  </node>
                                  <node id="B_L_Finger2"  name="B_L_Finger2" type="NODE">
                                    <matrix sid="matrix">0.25808468 -0.96503472 0.045829259 11.814079 0.96096504 0.2515232 -0.11524845 2.4381027 0.099691629 0.073784173 0.99227893 0.83571243 0 0 0 1</matrix>
                                    <node id="B_L_Finger21"  name="B_L_Finger21" type="NODE">
                                      <matrix sid="matrix">-0.62068582 -0.78405941 4.1548881e-07 5.1996307 0.78405941 -0.62068582 2.4339073e-07 1.5258789e-05 6.7055211e-08 4.7683707e-07 1 7.6293945e-06 0 0 0 1</matrix>
                                      <node id="B_L_Finger22"  name="B_L_Finger22" type="NODE">
                                        <matrix sid="matrix">0.44828629 -0.89389002 -6.6560027e-08 5.1996269 0.89389002 0.44828629 6.671992e-08 0 -2.9802322e-08 -8.9406974e-08 1 3.8146973e-06 0 0 0 1</matrix>
                                      </node>
                                    </node>
                                  </node>
                                  <node id="B_L_Finger3"  name="B_L_Finger3" type="NODE">
                                    <matrix sid="matrix">0.13847044 -0.99036652 0.00029712397 11.814064 0.99036658 0.13847046 5.9356073e-05 1.9342575 -9.9927165e-05 0.0002860426 0.99999994 4.6002312 0 0 0 1</matrix>
                                    <node id="B_L_Finger31"  name="B_L_Finger31" type="NODE">
                                      <matrix sid="matrix">-0.058766745 -0.99827176 -9.4497528e-07 4.4567871 0.99827176 -0.058766745 -1.1900781e-06 7.6293945e-06 1.1324883e-06 -1.0132792e-06 1 3.8146973e-06 0 0 0 1</matrix>
                                      <node id="B_L_Finger32"  name="B_L_Finger32" type="NODE">
                                        <matrix sid="matrix">-0.058766387 -0.99827176 -1.8462355e-06 4.4567795 0.99827176 -0.058766387 -1.6013803e-06 -2.2888184e-05 1.4901161e-06 -1.9371521e-06 1 7.6293945e-06 0 0 0 1</matrix>
                                      </node>
                                    </node>
                                  </node>
                                  <node id="B_L_Finger4"  name="B_L_Finger4" type="NODE">
                                    <matrix sid="matrix">0.14714384 -0.98122936 -0.12464997 11.857193 0.98368686 0.15835436 -0.085346907 4.0528946 0.10348376 -0.11005827 0.9885233 6.5145264 0 0 0 1</matrix>
                                    <node id="B_L_Finger41"  name="B_L_Finger41" type="NODE">
                                      <matrix sid="matrix">-0.18123157 -0.98344046 -2.2060185e-06 3.327652 0.98344046 -0.18123157 -3.8157477e-06 7.6293945e-06 3.3527606e-06 -2.8610218e-06 1 7.6293945e-06 0 0 0 1</matrix>
                                      <node id="B_L_Finger42"  name="B_L_Finger42" type="NODE">
                                        <matrix sid="matrix">0.0019773988 -0.99999803 -2.2861782e-06 3.3276596 0.99999803 0.0019773988 -3.1843349e-06 -3.0517578e-05 3.1888494e-06 -2.2798772e-06 1 -1.1444092e-05 0 0 0 1</matrix>
                                      </node>
                                    </node>
                                  </node>
                                </node>
                              </node>
                            </node>
                          </node>
                        </node>
                        <node id="B_R_Clavicle"  name="B_R_Clavicle" type="NODE">
                          <matrix sid="matrix">-0.10452852 -0.00079605321 -0.9945215 17.736847 0.00023395466 -0.99999964 0.0007758484 0.074661255 -0.99452186 -0.00015157467 0.10452867 -5.0179629 0 0 0 1</matrix>
                          <node id="B_R_UpperArm"  name="B_R_UpperArm" type="NODE">
                            <matrix sid="matrix">0.65678817 0.18435115 -0.73119348 17.464645 -0.58112299 0.74166936 -0.33499634 9.5367432e-06 0.48054683 0.64493501 0.59425038 1.5258789e-05 0 0 0 1</matrix>
                            <node id="B_R_Forearm"  name="B_R_Forearm" type="NODE">
                              <matrix sid="matrix">0.12578572 0.99193633 -0.015499519 27.628181 -0.99205744 0.12577038 -0.0019651069 0 1.1920932e-07 0.015623596 0.99987793 0 0 0 0 1</matrix>
                              <node id="B_R_ForeArmTwist"  name="B_R_ForeArmTwist" type="NODE">
                                <matrix sid="matrix">1 2.9798684e-08 -4.6562412e-10 11.992638 -2.9802322e-08 0.99987793 -0.015623753 -7.6293945e-06 0 0.015623753 0.99987793 0 0 0 0 1</matrix>
                                <node id="B_R_Hand"  name="B_R_Hand" type="NODE">
                                  <matrix sid="matrix">0.86458033 -0.066815808 -0.49803269 11.992661 -0.49769533 0.022792153 -0.86705244 -3.8146973e-06 0.069284044 0.99750501 -0.013548267 -1.5258789e-05 0 0 0 1</matrix>
                                  <node id="B_R_Finger0"  name="B_R_Finger0" type="NODE">
                                    <matrix sid="matrix">0.80900663 0.13246381 -0.57267928 1.4603195 0.15583234 0.89108133 0.42625156 1.9355469 0.56676674 -0.43408227 0.70024854 2.4376602 0 0 0 1</matrix>
                                    <node id="B_R_Finger01"  name="B_R_Finger01" type="NODE">
                                      <matrix sid="matrix">0.80299306 -0.59598839 -3.0437522e-07 3.7140274 0.59598839 0.80299306 -7.7453706e-08 -2.2888184e-05 2.905727e-07 -1.192093e-07 1 0 0 0 0 1</matrix>
                                      <node id="B_R_Finger02"  name="B_R_Finger02" type="NODE">
                                        <matrix sid="matrix">0.55218488 -0.8337217 1.2423415e-07 5.5299377 0.8337217 0.55218488 -8.2281922e-08 1.5258789e-05 0 1.4901154e-07 1 2.2888184e-05 0 0 0 1</matrix>
                                      </node>
                                    </node>
                                  </node>
                                  <node id="B_R_Finger1"  name="B_R_Finger1" type="NODE">
                                    <matrix sid="matrix">0.27254859 -0.95552653 -0.11263394 11.625458 0.92804098 0.23019049 0.29283494 3.1205597 -0.25388426 -0.18434066 0.94950587 3.0983467 0 0 0 1</matrix>
                                    <node id="B_R_Finger11"  name="B_R_Finger11" type="NODE">
                                      <matrix sid="matrix">-0.25881949 -0.96592569 -1.3845468e-07 4.4568176 0.96592569 -0.25881949 -5.5418234e-08 -1.5258789e-05 1.7695127e-08 -1.4808026e-07 1 0 0 0 0 1</matrix>
                                      <node id="B_R_Finger12"  name="B_R_Finger12" type="NODE">
                                        <matrix sid="matrix">0.57357585 -0.81915247 2.0243428e-07 3.3311386 0.81915247 0.57357585 6.5034136e-08 -7.6293945e-06 -1.6938428e-07 1.2852252e-07 1 -1.1444092e-05 0 0 0 1</matrix>
                                      </node>
                                    </node>
                                  </node>
                                  <node id="B_R_Finger2"  name="B_R_Finger2" type="NODE">
                                    <matrix sid="matrix">0.25808468 -0.96503466 -0.045829348 11.814056 0.9609651 0.2515232 0.11524832 2.438118 -0.09969148 -0.073784232 0.99227893 -0.83572006 0 0 0 1</matrix>
                                    <node id="B_R_Finger21"  name="B_R_Finger21" type="NODE">
                                      <matrix sid="matrix">-0.62068564 -0.78405952 -1.143995e-07 5.199604 0.78405952 -0.62068564 -7.1557025e-08 -1.5258789e-05 -1.4901161e-08 -1.3411044e-07 1 -3.0517578e-05 0 0 0 1</matrix>
                                      <node id="B_R_Finger22"  name="B_R_Finger22" type="NODE">
                                        <matrix sid="matrix">0.44828618 -0.89389008 -5.3319965e-08 5.1996002 0.89389008 0.44828618 -6.6000521e-09 1.5258789e-05 2.9802326e-08 -4.470348e-08 1 3.0517578e-05 0 0 0 1</matrix>
                                      </node>
                                    </node>
                                  </node>
                                  <node id="B_R_Finger3"  name="B_R_Finger3" type="NODE">
                                    <matrix sid="matrix">0.13847044 -0.99036652 -0.00029830163 11.814056 0.99036658 0.13847046 -5.9492355e-05 1.9342728 0.0001002252 -0.00028719002 0.99999994 -4.6002541 0 0 0 1</matrix>
                                    <node id="B_R_Finger31"  name="B_R_Finger31" type="NODE">
                                      <matrix sid="matrix">-0.058766745 -0.99827176 3.4129275e-08 4.4567947 0.99827176 -0.058766745 -7.2625646e-08 0 7.4505799e-08 2.9802317e-08 1 -3.8146973e-06 0 0 0 1</matrix>
                                      <node id="B_R_Finger32"  name="B_R_Finger32" type="NODE">
                                        <matrix sid="matrix">-0.058766745 -0.99827176 6.0464879e-07 4.4568329 0.99827176 -0.058766745 -1.2860184e-07 7.6293945e-06 1.6391282e-07 5.9604628e-07 1 -1.1444092e-05 0 0 0 1</matrix>
                                      </node>
                                    </node>
                                  </node>
                                  <node id="B_R_Finger4"  name="B_R_Finger4" type="NODE">
                                    <matrix sid="matrix">0.14714384 -0.98122966 0.12464778 11.857239 0.98368686 0.15835415 0.085347086 4.0529175 -0.10348359 0.11005608 0.98852354 -6.5145607 0 0 0 1</matrix>
                                    <node id="B_R_Finger41"  name="B_R_Finger41" type="NODE">
                                      <matrix sid="matrix">-0.18123123 -0.98344052 2.1937831e-07 3.3276672 0.98344052 -0.18123123 7.8287928e-07 3.0517578e-05 -7.3015696e-07 3.5762767e-07 1 3.0517578e-05 0 0 0 1</matrix>
                                      <node id="B_R_Finger42"  name="B_R_Finger42" type="NODE">
                                        <matrix sid="matrix">0.0019769219 -0.99999803 3.1421979e-07 3.3277206 0.99999803 0.0019769219 6.5503133e-07 3.0517578e-05 -6.5565126e-07 3.1292424e-07 1 -1.5258789e-05 0 0 0 1</matrix>
                                      </node>
                                    </node>
                                  </node>
                                </node>
                              </node>
                            </node>
                          </node>
                        </node>
                        <node id="B_Neck"  name="B_Neck" type="NODE">
                          <matrix sid="matrix">0.9745459 -0.20556864 -0.089452878 27.039749 0.20928556 0.97725385 0.034271035 1.1282325 0.080373116 -0.052119896 0.99540126 0.00061273575 0 0 0 1</matrix>
                          <node id="B_Head"  name="B_Head" type="NODE">
                            <matrix sid="matrix">0.98408651 0.17358992 -0.03795024 10.019302 -0.16961536 0.85404325 -0.49177304 1.4083176 -0.052955691 0.49038416 0.86989599 0 0 0 0 1</matrix>
                          </node>
                        </node>
                      </node>
                    </node>
                  </node>
                  <node id="B_L_Thigh"  name="B_L_Thigh" type="NODE">
                    <matrix sid="matrix">-0.88179469 0.28008294 -0.37946242 0 0.35161802 0.92662728 -0.13314207 1.7881393e-05 0.31432939 -0.25082979 -0.91557717 11.161454 0 0 0 1</matrix>
                    <node id="B_L_Calf"  name="B_L_Calf" type="NODE">
                      <matrix sid="matrix">0.8746354 0.48478135 4.3213299e-07 50.282749 -0.48478135 0.8746354 7.972315e-06 0 3.4868708e-06 -7.1823588e-06 1 3.8146973e-06 0 0 0 1</matrix>
                      <node id="B_L_Foot"  name="B_L_Foot" type="NODE">
                        <matrix sid="matrix">0.90702897 -0.23339389 -0.35046497 39.728134 0.18250589 0.96798998 -0.17229915 -3.3378601e-06 0.37946013 0.092318401 0.92059076 -3.8146973e-06 0 0 0 1</matrix>
                        <node id="B_L_Toe0"  name="B_L_Toe0" type="NODE">
                          <matrix sid="matrix">1.9470718e-07 -1 4.2772257e-08 18.214441 1 1.9470718e-07 -8.3280661e-15 14.545955 0 4.2772257e-08 1 0.020652771 0 0 0 1</matrix>
                        </node>
                      </node>
                    </node>
                  </node>
                  <node id="B_R_Thigh"  name="B_R_Thigh" type="NODE">
                    <matrix sid="matrix">-0.87342453 0.42952585 0.22942793 0 0.18169032 0.72456962 -0.66482145 -1.1920929e-05 -0.45179448 -0.5389865 -0.71089751 -11.161447 0 0 0 1</matrix>
                    <node id="B_R_Calf"  name="B_R_Calf" type="NODE">
                      <matrix sid="matrix">0.69287807 0.72105479 -6.8448117e-08 50.282745 -0.72105479 0.69287807 -4.7569047e-06 0 -3.3825627e-06 3.3453098e-06 1 1.9073486e-06 0 0 0 1</matrix>
                      <node id="B_R_Foot"  name="B_R_Foot" type="NODE">
                        <matrix sid="matrix">0.91488838 -0.31722778 0.24969135 39.72813 0.33217821 0.94302458 -0.019033127 -3.8146973e-06 -0.22942723 0.10035522 0.9681384 1.9073486e-06 0 0 0 1</matrix>
                        <node id="B_R_Toe0"  name="B_R_Toe0" type="NODE">
                          <matrix sid="matrix">3.1391647e-07 -1 4.9193324e-07 18.214439 1 3.1391627e-07 -4.1723268e-07 14.545952 4.1723254e-07 4.9193335e-07 1 -0.020652771 0 0 0 1</matrix>
                        </node>
                      </node>
                    </node>
                  </node>
                </node>
              </node>
            </node>
          </node>
        </node>
      </node>
      <node id="Exporter_aAssimpFbxa_PreRotation"  name="Exporter_$AssimpFbx$_PreRotation" type="NODE">
        <matrix sid="matrix">1 0 0 0 0 -4.3711388e-08 1 0 0 -1 -4.3711388e-08 0 0 0 0 1</matrix>
        <node id="Exporter"  name="Exporter" type="NODE">
          <matrix sid="matrix">1 0 0 0 0 1 0 0 0 0 1 0 0 0 0 1</matrix>
        </node>
      </node>
    </visual_scene>
  </library_visual_scenes>
  <library_animations>
    <animation id="TakeW001AnimId0" name="Take 001">
      <source id="B_Head_matrix-input" name="B_Head_matrix-input">
        <float_array id="B_Head_matrix-input-array" count="25"> 0 1 2 3 4 5 6 7 8 9 10 11 12 13 14 15 16 17 18 19 20 21 22 23 24 </float_array>
        <technique_common>
          <accessor count="25" offset="0" source="#B_Head_matrix-input-array" stride="1">
            <param name="TIME" type="float" />
          </accessor>
        </technique_common>
      </source>
      <source id="B_Head_matrix-output" name="B_Head_matrix-output">
        <float_array id="B_Head_matrix-output-array" count="400"> 0.98408628 0.1735899 -0.037950233 10.019302 -0.16961531 0.85404313 -0.49177307 1.4083176 -0.05295568 0.49038416 0.86989599 0 0 0 0 1 0.93073118 0.35987851 0.065012433 10.019302 -0.22087617 0.69487113 -0.68437397 1.4083138 -0.29146671 0.62260866 0.72622687 -1.9073486e-06 0 0 0 1 0.87632543 0.47602588 0.073846318 10.019318 -0.21136339 0.51771188 -0.82903564 1.4083157 -0.43287358 0.71089637 0.55429858 3.8146973e-06 0 0 0 1 0.96685177 0.24327381 -0.07755962 10.019318 -0.23986275 0.76119852 -0.60253006 1.4083176 -0.087541521 0.60116088 0.79431862 3.8146973e-06 0 0 0 1 0.9989745 -0.0061070286 -0.044865638 10.01931 -0.00010713936 0.99054122 -0.13721615 1.4083099 0.04527925 0.13708025 0.98952448 -9.5367432e-07 0 0 0 1 0.9757663 -0.16404667 0.14480507 10.019318 0.14517748 0.98049277 0.13250414 1.4083176 -0.16371721 -0.10827065 0.98054773 0 0 0 0 1 0.9656294 -0.11736213 0.23191856 10.019318 0.072295643 0.97832108 0.19406419 1.4083099 -0.24966671 -0.17062739 0.95318025 -9.5367432e-07 0 0 0 1 0.96853369 -0.00063106441 0.2488827 10.019333 -0.053615358 0.97598892 0.21112028 1.4083023 -0.24303992 -0.21782102 0.94524384 9.5367432e-07 0 0 0 1 0.95972306 0.069926158 0.27210656 10.019318 -0.12527622 0.97342581 0.1916991 1.4083099 -0.25147074 -0.21806659 0.94297898 0 0 0 0 1 0.93610173 -0.097276337 0.33801004 10.019333 0.024479276 0.97668296 0.21328667 1.4083128 -0.35087636 -0.19138379 0.91665584 1.9073486e-06 0 0 0 1 0.90151602 -0.33942544 0.26843765 10.019318 0.24728616 0.9131251 0.32411742 1.4083099 -0.35513076 -0.22581622 0.90713227 0 0 0 0 1 0.88511354 -0.45677423 0.089057304 10.01931 0.41288206 0.85905504 0.30257693 1.4082947 -0.21471447 -0.23104483 0.94895512 0 0 0 0 1 0.89969474 -0.43345058 0.051670372 10.019318 0.42317468 0.89510322 0.1404051 1.4083328 -0.10710897 -0.10445616 0.98874497 -7.6293945e-06 0 0 0 1 0.95206153 -0.29364267 0.085748889 10.019302 0.29900122 0.95248598 -0.058042452 1.4083252 -0.064630881 0.080899023 0.99462461 -7.6293945e-06 0 0 0 1 0.99428719 -0.10154583 0.032888565 10.019318 0.1045792 0.86510134 -0.49057388 1.4083099 0.021363793 0.49121076 0.87077868 -1.5258789e-05 0 0 0 1 0.99919206 0.037975773 -0.01315526 10.019325 -0.034437984 0.64028323 -0.76736641 1.4083252 -0.020718245 0.76719964 0.64107364 -3.0517578e-05 0 0 0 1 0.99391598 0.10309424 -0.038766298 10.019318 -0.098367415 0.67252618 -0.73350698 1.4083099 -0.049548991 0.73285741 0.67857569 -3.0517578e-05 0 0 0 1 0.98804432 0.14607422 -0.049304869 10.01931 -0.14644139 0.78922856 -0.59638357 1.4083252 -0.048203461 0.59647369 0.80118382 0 0 0 0 1 0.98408645 0.17358987 -0.037950233 10.01931 -0.16961531 0.85404319 -0.49177313 1.4083252 -0.052955676 0.49038419 0.86989611 0 0 0 0 1 0.98203385 0.18551986 -0.034527652 10.019295 -0.17984076 0.86468017 -0.46902639 1.4083252 -0.057158336 0.46680927 0.88250899 3.0517578e-05 0 0 0 1 0.98143357 0.18886706 -0.033427157 10.019318 -0.18270104 0.86750758 -0.46265626 1.4082947 -0.058382221 0.46017352 0.88590735 -3.0517578e-05 0 0 0 1 0.98186338 0.18647601 -0.034219563 10.019302 -0.18065813 0.86549449 -0.46720621 1.4083252 -0.057505909 0.46491468 0.88348585 3.0517578e-05 0 0 0 1 0.98278904 0.18121977 -0.035851169 10.019295 -0.17616145 0.86094803 -0.47721696 1.4083252 -0.055615142 0.47531921 0.87805408 -3.0517578e-05 0 0 0 1 0.98368698 0.17597169 -0.037329163 10.01931 -0.17166162 0.85623795 -0.48722553 1.4083099 -0.053775236 0.4856855 0.87247801 0 0 0 0 1 0.98408645 0.17358987 -0.037950233 10.01931 -0.16961531 0.85404319 -0.49177313 1.4083252 -0.052955676 0.49038419 0.86989611 0 0 0 0 1 </float_array>
        <technique_common>
          <accessor count="25" offset="0" source="#B_Head_matrix-output-array" stride="16">
            <param name="TRANSFORM" type="float4x4" />
          </accessor>
        </technique_common>
      </source>
      <source id="B_Head_matrix-interpolation">
        <Name_array id="B_Head_matrix-interpolation-array" count="25"> LINEAR LINEAR LINEAR LINEAR LINEAR LINEAR LINEAR LINEAR LINEAR LINEAR LINEAR LINEAR LINEAR LINEAR LINEAR LINEAR LINEAR LINEAR LINEAR LINEAR LINEAR LINEAR LINEAR LINEAR LINEAR </Name_array>
        <technique_common>
          <accessor source="#B_Head_matrix-interpolation-array" count="25" stride="1">
            <param name="INTERPOLATION" type="name"></param>
          </accessor>
        </technique_common>
      </source>
      <source id="B_L_Calf_matrix-input" name="B_L_Calf_matrix-input">
        <float_array id="B_L_Calf_matrix-input-array" count="25"> 0 1 2 3 4 5 6 7 8 9 10 11 12 13 14 15 16 17 18 19 20 21 22 23 24 </float_array>
        <technique_common>
          <accessor count="25" offset="0" source="#B_L_Calf_matrix-input-array" stride="1">
            <param name="TIME" type="float" />
          </accessor>
        </technique_common>
      </source>
      <source id="B_L_Calf_matrix-output" name="B_L_Calf_matrix-output">
        <float_array id="B_L_Calf_matrix-output-array" count="400"> 0.87463546 0.48478141 4.3213322e-07 50.282749 -0.48478141 0.87463546 7.9723168e-06 0 3.4868717e-06 -7.1823611e-06 1 3.8146973e-06 0 0 0 1 0.78760624 0.61617923 5.4769271e-07 50.282753 -0.61617923 0.78760624 7.8582816e-06 3.8146973e-06 4.4107437e-06 -6.5267081e-06 1 3.8146973e-06 0 0 0 1 0.57543254 0.8178494 7.3772816e-07 50.282745 -0.81784922 0.57543266 7.697714e-06 -3.8146973e-06 5.8710584e-06 -5.0328672e-06 0.99999994 7.6293945e-06 0 0 0 1 0.26639509 0.96386403 9.1860647e-07 50.282745 -0.96386415 0.26639506 7.3654019e-06 0 6.8545346e-06 -2.8475183e-06 1 3.8146973e-06 0 0 0 1 0.0015361313 0.99999905 9.2040773e-07 50.282745 -0.99999905 0.0015361313 7.1055492e-06 0 7.1041286e-06 -9.3132189e-07 1 4.7683716e-06 0 0 0 1 0.72789341 0.68569058 6.3970651e-07 50.282738 -0.68569046 0.72789353 7.7907498e-06 0 4.8764045e-06 -6.1094765e-06 1 4.2915344e-06 0 0 0 1 0.78100407 0.6245262 5.3624143e-07 50.282761 -0.6245262 0.78100407 7.851696e-06 7.6293945e-06 4.4847834e-06 -6.467104e-06 0.99999994 5.7220459e-06 0 0 0 1 0.27877256 0.96035749 9.2436915e-07 50.282745 -0.96035749 0.27877256 7.3524707e-06 7.6293945e-06 6.8033114e-06 -2.9373914e-06 1.0000001 3.8146973e-06 0 0 0 1 -0.16214778 0.98676687 9.5582618e-07 50.282738 -0.98676664 -0.16214782 6.9253047e-06 0 6.9886446e-06 1.7974533e-07 1 2.8610229e-06 0 0 0 1 0.32021007 0.94734681 8.6899695e-07 50.282745 -0.94734669 0.32021013 7.3876708e-06 0 6.7204237e-06 -3.1888483e-06 1 3.8146973e-06 0 0 0 1 0.8070302 0.59051049 5.8686669e-07 50.28273 -0.59051043 0.80703026 7.8702369e-06 1.5258789e-05 4.1738381e-06 -6.6980706e-06 1 3.8146973e-06 0 0 0 1 0.57717925 0.81661761 6.7920996e-07 50.282753 -0.81661749 0.57717931 7.6877905e-06 1.5258789e-05 5.8859578e-06 -4.9918885e-06 1 -1.5258789e-05 0 0 0 1 0.96248108 0.27134931 2.6655312e-07 50.282749 -0.27134928 0.9624812 8.0432401e-06 1.5258789e-05 1.9259751e-06 -7.8137964e-06 1 0 0 0 0 1 0.86793548 0.49667743 5.1911661e-07 50.282761 -0.49667743 0.86793548 7.8000348e-06 1.5258789e-05 3.4235416e-06 -7.0277606e-06 1 -3.0517578e-05 0 0 0 1 0.68307769 0.73034608 7.3465685e-07 50.282745 -0.73034608 0.68307769 7.6240876e-06 -7.6293945e-06 5.0663953e-06 -5.7443981e-06 1 0 0 0 0 1 0.78764302 0.61613232 5.2427094e-07 50.282761 -0.6161322 0.78764313 7.8289713e-06 7.6293945e-06 4.4107433e-06 -6.4894552e-06 1 0 0 0 0 1 0.87218142 0.48918325 4.3403685e-07 50.282745 -0.48918331 0.8721813 7.9018046e-06 0 3.4868715e-06 -7.1041295e-06 1.0000001 3.0517578e-05 0 0 0 1 0.87250137 0.488612 4.9672894e-07 50.282745 -0.488612 0.87250137 7.9622814e-06 0 3.4570696e-06 -7.1898089e-06 1 1.5258789e-05 0 0 0 1 0.87463474 0.48478279 4.3575616e-07 50.282745 -0.48478279 0.87463474 7.9788288e-06 2.2888184e-05 3.4868717e-06 -7.1898089e-06 0.99999994 -3.0517578e-05 0 0 0 1 0.88660425 0.46252891 4.7871708e-07 50.282715 -0.46252885 0.88660437 7.8764451e-06 7.6293945e-06 3.2186506e-06 -7.2047105e-06 1 1.5258789e-05 0 0 0 1 0.89008474 0.45579541 3.2987555e-07 50.282745 -0.45579541 0.89008474 7.9673409e-06 -7.6293945e-06 3.3378601e-06 -7.2419639e-06 1 -1.5258789e-05 0 0 0 1 0.88758773 0.46063927 4.2276218e-07 50.282745 -0.46063933 0.88758761 7.9313559e-06 2.2888184e-05 3.2782552e-06 -7.2345133e-06 1.0000001 0 0 0 0 1 0.88221067 0.47085562 3.8981835e-07 50.282761 -0.47085568 0.88221061 7.8825969e-06 -7.6293945e-06 3.3676629e-06 -7.1376576e-06 1.0000001 1.5258789e-05 0 0 0 1 0.87696248 0.48055947 3.8653343e-07 50.282745 -0.48055941 0.87696254 7.9612364e-06 7.6293945e-06 3.4868722e-06 -7.1674585e-06 1 1.5258789e-05 0 0 0 1 0.87463981 0.48477387 4.834115e-07 50.282745 -0.48477381 0.87463993 8.0034861e-06 0 3.4570694e-06 -7.2345133e-06 1.0000001 0 0 0 0 1 </float_array>
        <technique_common>
          <accessor count="25" offset="0" source="#B_L_Calf_matrix-output-array" stride="16">
            <param name="TRANSFORM" type="float4x4" />
          </accessor>
        </technique_common>
      </source>
      <source id="B_L_Calf_matrix-interpolation">
        <Name_array id="B_L_Calf_matrix-interpolation-array" count="25"> LINEAR LINEAR LINEAR LINEAR LINEAR LINEAR LINEAR LINEAR LINEAR LINEAR LINEAR LINEAR LINEAR LINEAR LINEAR LINEAR LINEAR LINEAR LINEAR LINEAR LINEAR LINEAR LINEAR LINEAR LINEAR </Name_array>
        <technique_common>
          <accessor source="#B_L_Calf_matrix-interpolation-array" count="25" stride="1">
            <param name="INTERPOLATION" type="name"></param>
          </accessor>
        </technique_common>
      </source>
      <source id="B_L_Clavicle_matrix-input" name="B_L_Clavicle_matrix-input">
        <float_array id="B_L_Clavicle_matrix-input-array" count="25"> 0 1 2 3 4 5 6 7 8 9 10 11 12 13 14 15 16 17 18 19 20 21 22 23 24 </float_array>
        <technique_common>
          <accessor count="25" offset="0" source="#B_L_Clavicle_matrix-input-array" stride="1">
            <param name="TIME" type="float" />
          </accessor>
        </technique_common>
      </source>
      <source id="B_L_Clavicle_matrix-output" name="B_L_Clavicle_matrix-output">
        <float_array id="B_L_Clavicle_matrix-output-array" count="400"> -0.017590879 -0.00078421069 0.99984485 17.736847 -0.17375703 -0.98478103 -0.0038294042 0.073141098 0.98463142 -0.17379743 0.017186819 5.0180159 0 0 0 1 -0.00020611286 -0.00076925755 0.99999964 17.736847 -0.25896528 -0.96588635 -0.0007963925 0.073140144 0.96588665 -0.25896537 -1.1920928e-07 5.0180168 0 0 0 1 -0.076610669 -0.00079497672 0.99706054 17.736862 -0.070275232 -0.99750799 -0.0061950451 0.073139668 0.99458116 -0.070543274 0.076364025 5.0180092 0 0 0 1 -0.11959063 -0.0007944777 0.99282283 17.736847 0.070791155 -0.99746114 0.0077289706 0.073141098 0.99029607 0.071207397 0.11934327 5.0180149 0 0 0 1 0.00014960767 -0.00078970933 0.99999964 17.736855 -0.12997429 -0.99151701 -0.00076356524 0.073135376 0.99151748 -0.12997411 -0.00025093553 5.018014 0 0 0 1 0.1293415 -0.00075334311 0.9915998 17.736855 -0.32127389 -0.94609034 0.041187301 0.073143005 0.93811202 -0.32390231 -0.12261081 5.0180168 0 0 0 1 0.15037887 -0.00076714146 0.98862809 17.736862 -0.26512882 -0.96340024 0.039580841 0.073140144 0.95241427 -0.26806593 -0.14507852 5.0180154 0 0 0 1 0.13918309 -0.00078949321 0.99026638 17.736847 -0.12794815 -0.99163187 0.017192686 0.073143005 0.98196608 -0.12909567 -0.13811944 5.0180178 0 0 0 1 0.13731493 -0.00079617056 0.99052715 17.736862 0.0072354651 -0.99997246 -0.0018068014 0.073135376 0.99050117 0.0074150255 -0.13730538 5.0180168 0 0 0 1 0.14259194 -0.00079075992 0.98978132 17.736855 0.11511856 -0.99319983 -0.017377952 0.073165894 0.98306417 0.11642016 -0.14153133 5.0180159 0 0 0 1 0.15718035 -0.00077687943 0.98756963 17.736847 0.21626391 -0.9757008 -0.035187852 0.073150635 0.96359962 0.2191065 -0.15319322 5.018013 0 0 0 1 0.22859949 -0.00076109171 0.97352022 17.736847 0.28676414 -0.9555788 -0.06808427 0.073150635 0.93032718 0.29473475 -0.21822654 5.018013 0 0 0 1 0.494849 -0.00075304497 0.86897856 17.736847 0.2818011 -0.94581842 -0.16129424 0.073135376 0.82201737 0.32469544 -0.4678252 5.018013 0 0 0 1 0.66533029 -0.0007609576 0.74654871 17.736877 0.21955027 -0.9555788 -0.19663899 0.073143005 0.71353579 0.29473487 -0.63560838 5.0180206 0 0 0 1 0.5960328 -0.00077834714 0.80295968 17.736824 0.16965114 -0.97730261 -0.12687851 0.073135376 0.78483325 0.21184675 -0.58237261 5.0180054 0 0 0 1 0.45512411 -0.00079203013 0.89042753 17.736855 0.092358932 -0.9945637 -0.048092075 0.073135376 0.88562495 0.10412681 -0.45257679 5.0180054 0 0 0 1 0.27309743 -0.00079639244 0.96198577 17.736832 -0.0092233205 -0.99995577 0.0017905764 0.073135376 0.96194184 -0.0093617095 -0.27309281 5.0180359 0 0 0 1 0.097490601 -0.00079218292 0.99523598 17.736832 -0.10801014 -0.99410158 0.0097890999 0.073135376 0.98935801 -0.10844994 -0.09700118 5.0179749 0 0 0 1 -0.01759064 -0.00078435231 0.99984503 17.736855 -0.1737569 -0.98478109 -0.0038294941 0.073120117 0.98463148 -0.17379731 0.017186522 5.0180054 0 0 0 1 -0.064612381 -0.00077973318 0.99791014 17.736855 -0.2027017 -0.97914231 -0.013889529 0.073120117 0.97710645 -0.20317557 0.063106596 5.0180054 0 0 0 1 -0.077757351 -0.00077819842 0.99697208 17.736847 -0.21067089 -0.97740626 -0.017193869 0.073135376 0.97445959 -0.21136999 0.07583636 5.0180054 0 0 0 1 -0.068369277 -0.00077909976 0.99765968 17.736847 -0.20498541 -0.97865295 -0.014811843 0.073135376 0.97637433 -0.20551835 0.066750161 5.0179749 0 0 0 1 -0.047695644 -0.00078118593 0.99886167 17.73687 -0.19236317 -0.98127341 -0.0099527538 0.073135376 0.98016417 -0.19261888 0.046652079 5.0180054 0 0 0 1 -0.027001381 -0.00078336138 0.9996351 17.736855 -0.17960006 -0.98372352 -0.0056221336 0.073135376 0.98336911 -0.17968632 0.026421309 5.0179749 0 0 0 1 -0.01759064 -0.00078435231 0.99984503 17.736855 -0.1737569 -0.98478109 -0.0038294941 0.073120117 0.98463148 -0.17379731 0.017186522 5.0180054 0 0 0 1 </float_array>
        <technique_common>
          <accessor count="25" offset="0" source="#B_L_Clavicle_matrix-output-array" stride="16">
            <param name="TRANSFORM" type="float4x4" />
          </accessor>
        </technique_common>
      </source>
      <source id="B_L_Clavicle_matrix-interpolation">
        <Name_array id="B_L_Clavicle_matrix-interpolation-array" count="25"> LINEAR LINEAR LINEAR LINEAR LINEAR LINEAR LINEAR LINEAR LINEAR LINEAR LINEAR LINEAR LINEAR LINEAR LINEAR LINEAR LINEAR LINEAR LINEAR LINEAR LINEAR LINEAR LINEAR LINEAR LINEAR </Name_array>
        <technique_common>
          <accessor source="#B_L_Clavicle_matrix-interpolation-array" count="25" stride="1">
            <param name="INTERPOLATION" type="name"></param>
          </accessor>
        </technique_common>
      </source>
      <source id="B_L_Finger0_matrix-input" name="B_L_Finger0_matrix-input">
        <float_array id="B_L_Finger0_matrix-input-array" count="25"> 0 1 2 3 4 5 6 7 8 9 10 11 12 13 14 15 16 17 18 19 20 21 22 23 24 </float_array>
        <technique_common>
          <accessor count="25" offset="0" source="#B_L_Finger0_matrix-input-array" stride="1">
            <param name="TIME" type="float" />
          </accessor>
        </technique_common>
      </source>
      <source id="B_L_Finger0_matrix-output" name="B_L_Finger0_matrix-output">
        <float_array id="B_L_Finger0_matrix-output-array" count="400"> 0.80900639 0.13246362 0.5726797 1.4603271 0.15583251 0.89108157 -0.42625129 1.9355545 -0.56676686 0.43408218 0.70024866 -2.4376678 0 0 0 1 -0.20411332 0.14711195 0.96783066 1.4603233 0.97413945 0.12838259 0.18592955 1.9355469 -0.096900202 0.98075259 -0.16951229 -2.4376621 0 0 0 1 -0.28562677 0.19829324 0.9376024 1.4603214 0.95834041 0.057997525 0.27967867 1.9355469 0.0010797381 0.97842538 -0.20659816 -2.437664 0 0 0 1 -0.20411289 0.14711191 0.96783108 1.4603214 0.97413981 0.12838267 0.18592918 1.9355469 -0.096900284 0.98075271 -0.16951223 -2.4376602 0 0 0 1 -0.20411322 0.14711191 0.9678309 1.4603271 0.97413969 0.12838255 0.18592945 1.9355469 -0.09690018 0.98075271 -0.16951221 -2.4376612 0 0 0 1 -0.2041131 0.14711188 0.96783096 1.4603271 0.97413969 0.12838258 0.18592939 1.9355469 -0.096900269 0.98075253 -0.16951221 -2.4376621 0 0 0 1 -0.20411332 0.14711168 0.96783108 1.4603271 0.97413951 0.12838259 0.1859296 1.9355621 -0.096900262 0.98075265 -0.16951211 -2.4376574 0 0 0 1 -0.20411301 0.1471118 0.96783119 1.4603119 0.97413981 0.12838262 0.18592931 1.9355507 -0.096900284 0.98075283 -0.16951214 -2.4376583 0 0 0 1 -0.20411286 0.14711191 0.96783119 1.4603271 0.97413969 0.12838267 0.18592919 1.9355526 -0.096900269 0.98075271 -0.16951226 -2.4376593 0 0 0 1 -0.20411316 0.14711176 0.96783137 1.4603119 0.97413981 0.12838261 0.18592948 1.9355583 -0.09690024 0.98075277 -0.16951217 -2.4376602 0 0 0 1 -0.20411265 0.14711179 0.96783119 1.4602814 0.97413981 0.12838255 0.18592907 1.9355583 -0.096900165 0.98075271 -0.16951202 -2.4376678 0 0 0 1 -0.20411287 0.14711164 0.96783125 1.4602966 0.97413987 0.1283824 0.18592915 1.9355555 -0.096900247 0.98075265 -0.16951211 -2.4376526 0 0 0 1 -0.23991916 0.16836032 0.95608306 1.4603271 0.96921384 0.097687051 0.22601245 1.9355621 -0.055345409 0.98087293 -0.18661438 -2.4376564 0 0 0 1 -0.20411286 0.14711192 0.96783102 1.4603233 0.97413969 0.1283825 0.18592909 1.9355469 -0.09690021 0.98075241 -0.16951233 -2.4376526 0 0 0 1 -0.007183075 0.057771623 0.99830461 1.4603271 0.95629281 0.29223859 -0.01003099 1.9355621 -0.29232252 0.9545989 -0.057345901 -2.4376526 0 0 0 1 0.26134491 -0.0038913488 0.96523809 1.4603119 0.83373678 0.50481588 -0.22370507 1.9355774 -0.48639679 0.86321831 0.13517547 -2.4376831 0 0 0 1 0.52630615 0.001629889 0.85029405 1.4603291 0.60445559 0.70259738 -0.37548691 1.9355316 -0.59802598 0.7115857 0.36879644 -2.4376831 0 0 0 1 0.71583205 0.064242117 0.69531131 1.4603271 0.34467402 0.83348739 -0.43185529 1.9355469 -0.60727626 0.54879147 0.57449442 -2.4376526 0 0 0 1 0.80900669 0.13246357 0.57267964 1.4603271 0.15583248 0.89108169 -0.42625138 1.9355164 -0.56676686 0.43408218 0.70024884 -2.4376526 0 0 0 1 0.84099066 0.16936691 0.51385766 1.4603271 0.068992361 0.90841925 -0.41232848 1.9355469 -0.53663284 0.3822166 0.75228721 -2.4376831 0 0 0 1 0.84872848 0.1802953 0.49714574 1.4603119 0.044717286 0.91225296 -0.40717983 1.9355469 -0.52693516 0.36781612 0.76619256 -2.4376221 0 0 0 1 0.84325671 0.17246386 0.50909197 1.4603271 0.062052272 0.9095605 -0.41091278 1.9355469 -0.53391749 0.37809515 0.75629127 -2.4376831 0 0 0 1 0.83025151 0.15568948 0.53520387 1.4603271 0.10025057 0.90283018 -0.41814804 1.9355469 -0.54829913 0.40082255 0.73396838 -2.4376526 0 0 0 1 0.81593788 0.13956745 0.5610404 1.4603424 0.13847184 0.89499998 -0.42402917 1.9355164 -0.5613116 0.42366967 0.71093857 -2.4376526 0 0 0 1 0.80900669 0.13246357 0.57267964 1.4603271 0.15583248 0.89108169 -0.42625138 1.9355164 -0.56676686 0.43408218 0.70024884 -2.4376526 0 0 0 1 </float_array>
        <technique_common>
          <accessor count="25" offset="0" source="#B_L_Finger0_matrix-output-array" stride="16">
            <param name="TRANSFORM" type="float4x4" />
          </accessor>
        </technique_common>
      </source>
      <source id="B_L_Finger0_matrix-interpolation">
        <Name_array id="B_L_Finger0_matrix-interpolation-array" count="25"> LINEAR LINEAR LINEAR LINEAR LINEAR LINEAR LINEAR LINEAR LINEAR LINEAR LINEAR LINEAR LINEAR LINEAR LINEAR LINEAR LINEAR LINEAR LINEAR LINEAR LINEAR LINEAR LINEAR LINEAR LINEAR </Name_array>
        <technique_common>
