<?xml version="1.0" encoding="UTF-8" standalone="no" ?>
<COLLADA xmlns="http://www.collada.org/2005/11/COLLADASchema" version="1.4.1">
  <asset>
    <contributor>
      <author>Assimp</author>
      <authoring_tool>FBX SDK/FBX Plugins version 2013.1</authoring_tool>
    </contributor>
    <created>2020-08-21T10:28:56</created>
    <modified>2020-08-21T10:28:56</modified>
    <unit name="meter" meter="1" />
    <up_axis>Y_UP</up_axis>
  </asset>
  <library_geometries>
  </library_geometries>
  <library_controllers>
  </library_controllers>
  <library_visual_scenes>
    <visual_scene id="RootNode" name="RootNode">
      <node id="Motion_aAssimpFbxa_Translation"  name="Motion_$AssimpFbx$_Translation" type="NODE">
        <matrix sid="matrix">1 0 0 9.92585e-07 0 1 0 0 0 0 1 -0.17328988 0 0 0 1</matrix>
        <node id="Motion_aAssimpFbxa_PreRotation"  name="Motion_$AssimpFbx$_PreRotation" type="NODE">
          <matrix sid="matrix">1 0 0 0 0 -4.3711388e-08 1 0 0 -1 -4.3711388e-08 0 0 0 0 1</matrix>
          <node id="Motion_aAssimpFbxa_Rotation"  name="Motion_$AssimpFbx$_Rotation" type="NODE">
            <matrix sid="matrix">1.3868001e-06 1 0 0 -1 1.3868001e-06 0 0 0 0 1 0 0 0 0 1</matrix>
            <node id="Motion_aAssimpFbxa_Scaling"  name="Motion_$AssimpFbx$_Scaling" type="NODE">
              <matrix sid="matrix">1 0 0 0 0 1 0 0 0 0 1 0 0 0 0 1</matrix>
              <node id="Motion"  name="Motion" type="NODE">
                <matrix sid="matrix">1 0 0 0 0 1 0 0 0 0 1 0 0 0 0 1</matrix>
                <node id="B_Pelvis"  name="B_Pelvis" type="NODE">
                  <matrix sid="matrix">-4.3711388e-08 0.60876256 0.79335248 0.17328635 0 -0.79335248 0.60876256 -2.785001 1 2.6609857e-08 3.4678539e-08 57.208752 0 0 0 1</matrix>
                  <node id="B_Spine"  name="B_Spine" type="NODE">
                    <matrix sid="matrix">0.99823147 0.047404021 -0.0358731 7.6763 -0.037805334 0.97190607 0.23231287 -1.6268332 0.045877848 -0.2305458 0.97197938 0.002346158 0 0 0 1</matrix>
                    <node id="B_Spine1"  name="B_Spine1" type="NODE">
                      <matrix sid="matrix">0.99970514 -0.024198746 0.0019994134 12.747772 0.024175985 0.99965024 0.010716195 -0.014275551 -0.0022580326 -0.010664698 0.99994057 0.00015211105 0 0 0 1</matrix>
                      <node id="B_Spine2"  name="B_Spine2" type="NODE">
                        <matrix sid="matrix">0.9988209 -0.048403606 0.0037315565 17.93544 0.048312016 0.99859816 0.021625716 -0.026443958 -0.0047730878 -0.021419939 0.9997592 0.00054836273 0 0 0 1</matrix>
                        <node id="B_L_Clavicle"  name="B_L_Clavicle" type="NODE">
                          <matrix sid="matrix">-0.017590661 -0.00078421831 0.99984497 17.736847 -0.17375694 -0.98478115 -0.0038293824 0.07314086 0.98463148 -0.17379735 0.017186686 5.0180163 0 0 0 1</matrix>
                          <node id="B_L_UpperArm"  name="B_L_UpperArm" type="NODE">
                            <matrix sid="matrix">0.676588 0.40229231 0.61675733 17.464659 -0.50647593 0.86222732 -0.006796509 3.695488e-06 -0.5345192 -0.30777428 0.78712398 0 0 0 0 1</matrix>
                            <node id="B_L_Forearm"  name="B_L_Forearm" type="NODE">
                              <matrix sid="matrix">-0.13640085 0.98478985 0.10762791 27.628181 -0.99065375 -0.13559343 -0.01481931 -5.7220459e-06 -2.6822093e-07 -0.10864335 0.99408078 -1.5258789e-05 0 0 0 1</matrix>
                              <node id="B_L_ForeArmTwist"  name="B_L_ForeArmTwist" type="NODE">
                                <matrix sid="matrix">1 4.3953385e-08 -2.6501419e-07 11.992641 -1.4901154e-08 0.99408078 0.10864348 -1.9073486e-05 2.6822076e-07 -0.10864348 0.99408078 1.5258789e-05 0 0 0 1</matrix>
                                <node id="B_L_Hand"  name="B_L_Hand" type="NODE">
                                  <matrix sid="matrix">0.96626526 -0.095602088 0.23914787 11.992653 -0.24727412 -0.084708616 0.96523571 -3.8146973e-06 -0.072020665 -0.99180877 -0.10549091 0 0 0 0 1</matrix>
                                  <node id="B_L_Finger0"  name="B_L_Finger0" type="NODE">
                                    <matrix sid="matrix">0.80900651 0.13246357 0.57267958 1.4603271 0.15583257 0.89108145 -0.42625126 1.9355469 -0.56676686 0.43408218 0.70024854 -2.4376488 0 0 0 1</matrix>
                                    <node id="B_L_Finger01"  name="B_L_Finger01" type="NODE">
                                      <matrix sid="matrix">0.80299318 -0.59598827 -1.647135e-07 3.7140121 0.59598827 0.80299318 -8.5137692e-08 0 1.8300487e-07 -2.9802326e-08 1 -2.2888184e-05 0 0 0 1</matrix>
                                      <node id="B_L_Finger02"  name="B_L_Finger02" type="NODE">
                                        <matrix sid="matrix">0.5521847 -0.83372182 2.1740991e-08 5.5299301 0.83372182 0.5521847 -1.4399339e-08 1.5258789e-05 0 2.6077032e-08 1 3.0517578e-05 0 0 0 1</matrix>
                                      </node>
                                    </node>
                                  </node>
                                  <node id="B_L_Finger1"  name="B_L_Finger1" type="NODE">
                                    <matrix sid="matrix">0.27254871 -0.95552647 0.11263388 11.625458 0.92804098 0.23019066 -0.2928347 3.1205521 0.25388405 0.1843406 0.94950593 -3.0983467 0 0 0 1</matrix>
                                    <node id="B_L_Finger11"  name="B_L_Finger11" type="NODE">
                                      <matrix sid="matrix">-0.25881937 -0.96592575 1.4393419e-07 4.4568253 0.96592575 -0.25881937 3.8567098e-08 7.6293945e-06 0 1.4901164e-07 1 1.5258789e-05 0 0 0 1</matrix>
                                      <node id="B_L_Finger12"  name="B_L_Finger12" type="NODE">
                                        <matrix sid="matrix">0.57357568 -0.81915259 2.2398726e-07 3.3311615 0.81915259 0.57357568 -1.4774177e-07 -7.6293945e-06 -7.4505797e-09 2.6822082e-07 1 -2.6702881e-05 0 0 0 1</matrix>
                                      </node>
                                    </node>
                                  </node>
                                  <node id="B_L_Finger2"  name="B_L_Finger2" type="NODE">
                                    <matrix sid="matrix">0.25808468 -0.96503472 0.045829237 11.814072 0.96096504 0.2515232 -0.11524847 2.4381104 0.099691659 0.073784158 0.99227893 0.83572769 0 0 0 1</matrix>
                                    <node id="B_L_Finger21"  name="B_L_Finger21" type="NODE">
                                      <matrix sid="matrix">-0.62068564 -0.78405952 4.0526209e-07 5.1996307 0.78405952 -0.62068564 6.4248624e-08 2.2888184e-05 2.0116562e-07 3.5762781e-07 1 1.1444092e-05 0 0 0 1</matrix>
                                      <node id="B_L_Finger22"  name="B_L_Finger22" type="NODE">
                                        <matrix sid="matrix">0.44828629 -0.89389002 2.6640006e-08 5.199625 0.89389002 0.44828629 -1.3359976e-08 1.5258789e-05 0 2.9802329e-08 1 -3.8146973e-06 0 0 0 1</matrix>
                                      </node>
                                    </node>
                                  </node>
                                  <node id="B_L_Finger3"  name="B_L_Finger3" type="NODE">
                                    <matrix sid="matrix">0.13847044 -0.99036652 0.00029708628 11.814064 0.99036658 0.13847046 5.9301179e-05 1.9342422 -9.9867575e-05 0.00028601286 0.99999994 4.6002464 0 0 0 1</matrix>
                                    <node id="B_L_Finger31"  name="B_L_Finger31" type="NODE">
                                      <matrix sid="matrix">-0.058766745 -0.99827176 -9.7472616e-07 4.4568024 0.99827176 -0.058766745 -1.1918295e-06 1.5258789e-05 1.1324883e-06 -1.0430815e-06 1 1.1444092e-05 0 0 0 1</matrix>
                                      <node id="B_L_Finger32"  name="B_L_Finger32" type="NODE">
                                        <matrix sid="matrix">-0.058766745 -0.99827176 -1.8199867e-06 4.4567719 0.99827176 -0.058766745 -1.5401276e-06 -1.5258789e-05 1.4305111e-06 -1.9073495e-06 1 0 0 0 0 1</matrix>
                                      </node>
                                    </node>
                                  </node>
                                  <node id="B_L_Finger4"  name="B_L_Finger4" type="NODE">
                                    <matrix sid="matrix">0.14714384 -0.98122936 -0.12464999 11.857185 0.9836868 0.15835437 -0.085346967 4.0528946 0.10348383 -0.11005827 0.98852324 6.5145378 0 0 0 1</matrix>
                                    <node id="B_L_Finger41"  name="B_L_Finger41" type="NODE">
                                      <matrix sid="matrix">-0.18123157 -0.98344046 -2.0540738e-06 3.327652 0.98344046 -0.18123157 -3.8180515e-06 1.5258789e-05 3.3825634e-06 -2.7120107e-06 1 1.5258789e-05 0 0 0 1</matrix>
                                      <node id="B_L_Finger42"  name="B_L_Finger42" type="NODE">
                                        <matrix sid="matrix">0.0019773988 -0.99999803 -2.2712179e-06 3.3276558 0.99999803 0.0019773988 -3.1545619e-06 -3.0517578e-05 3.1590469e-06 -2.2649758e-06 1 -1.9073486e-05 0 0 0 1</matrix>
                                      </node>
                                    </node>
                                  </node>
                                </node>
                              </node>
                            </node>
                          </node>
                        </node>
                        <node id="B_R_Clavicle"  name="B_R_Clavicle" type="NODE">
                          <matrix sid="matrix">-0.10452852 -0.00079633074 -0.9945215 17.736839 0.00023395466 -0.99999964 0.00077612745 0.074661732 -0.99452186 -0.00015154551 0.10452867 -5.0179625 0 0 0 1</matrix>
                          <node id="B_R_UpperArm"  name="B_R_UpperArm" type="NODE">
                            <matrix sid="matrix">0.65678823 0.18435121 -0.73119336 17.464649 -0.58112305 0.7416693 -0.33499637 1.335144e-05 0.48054677 0.64493501 0.59425044 7.6293945e-06 0 0 0 1</matrix>
                            <node id="B_R_Forearm"  name="B_R_Forearm" type="NODE">
                              <matrix sid="matrix">0.1257856 0.99193633 -0.015499604 27.628189 -0.99205744 0.12577026 -0.001965146 -7.6293945e-06 8.9406996e-08 0.015623685 0.99987793 0 0 0 0 1</matrix>
                              <node id="B_R_ForeArmTwist"  name="B_R_ForeArmTwist" type="NODE">
                                <matrix sid="matrix">1 -3.0729932e-08 -5.9131743e-08 11.99263 2.9802322e-08 0.99987793 -0.015623751 -1.1444092e-05 5.9604645e-08 0.015623751 0.99987793 0 0 0 0 1</matrix>
                                <node id="B_R_Hand"  name="B_R_Hand" type="NODE">
                                  <matrix sid="matrix">0.86458033 -0.066815846 -0.49803263 11.992653 -0.49769527 0.02279231 -0.86705244 -3.8146973e-06 0.069284156 0.99750501 -0.013548149 -7.6293945e-06 0 0 0 1</matrix>
                                  <node id="B_R_Finger0"  name="B_R_Finger0" type="NODE">
                                    <matrix sid="matrix">0.80900657 0.1324638 -0.5726794 1.4603119 0.15583232 0.89108139 0.42625147 1.9355469 0.5667668 -0.43408218 0.70024854 2.4376602 0 0 0 1</matrix>
                                    <node id="B_R_Finger01"  name="B_R_Finger01" type="NODE">
                                      <matrix sid="matrix">0.802993 -0.59598845 -3.1652715e-07 3.7140236 0.59598845 0.802993 -1.2358706e-07 -1.5258789e-05 3.2782555e-07 -8.9406974e-08 1 7.6293945e-06 0 0 0 1</matrix>
                                      <node id="B_R_Finger02"  name="B_R_Finger02" type="NODE">
                                        <matrix sid="matrix">0.55218476 -0.83372176 1.6553737e-07 5.5299377 0.83372176 0.55218476 -7.3891449e-08 7.6293945e-06 -2.980231e-08 1.7881385e-07 1 1.5258789e-05 0 0 0 1</matrix>
                                      </node>
                                    </node>
                                  </node>
                                  <node id="B_R_Finger1"  name="B_R_Finger1" type="NODE">
                                    <matrix sid="matrix">0.27254859 -0.95552653 -0.11263385 11.62545 0.92804098 0.2301905 0.29283497 3.1205521 -0.25388432 -0.18434058 0.94950587 3.0983486 0 0 0 1</matrix>
                                    <node id="B_R_Finger11"  name="B_R_Finger11" type="NODE">
                                      <matrix sid="matrix">-0.25881937 -0.96592575 -1.5915157e-07 4.4568176 0.96592575 -0.25881937 -8.0729556e-08 0 3.6787245e-08 -1.7462297e-07 1 7.6293945e-06 0 0 0 1</matrix>
                                      <node id="B_R_Finger12"  name="B_R_Finger12" type="NODE">
                                        <matrix sid="matrix">0.57357591 -0.81915241 2.2448225e-07 3.3311386 0.81915241 0.57357591 5.1869868e-08 0 -1.7124694e-07 1.5413386e-07 1 -1.1444092e-05 0 0 0 1</matrix>
                                      </node>
                                    </node>
                                  </node>
                                  <node id="B_R_Finger2"  name="B_R_Finger2" type="NODE">
                                    <matrix sid="matrix">0.25808468 -0.96503466 -0.045829311 11.814049 0.96096504 0.2515232 0.11524834 2.4381256 -0.099691518 -0.073784195 0.99227887 -0.83571815 0 0 0 1</matrix>
                                    <node id="B_R_Finger21"  name="B_R_Finger21" type="NODE">
                                      <matrix sid="matrix">-0.62068546 -0.7840597 -1.1902398e-07 5.1995964 0.7840597 -0.62068546 -6.5715284e-08 -7.6293945e-06 -2.2351742e-08 -1.3411042e-07 1 -3.0517578e-05 0 0 0 1</matrix>
                                      <node id="B_R_Finger22"  name="B_R_Finger22" type="NODE">
                                        <matrix sid="matrix">0.44828629 -0.89389002 3.9973358e-11 5.199604 0.89389002 0.44828629 3.3319989e-08 0 -2.9802326e-08 -1.4901163e-08 1 2.2888184e-05 0 0 0 1</matrix>
                                      </node>
                                    </node>
                                  </node>
                                  <node id="B_R_Finger3"  name="B_R_Finger3" type="NODE">
                                    <matrix sid="matrix">0.13847044 -0.99036652 -0.00029825527 11.814049 0.99036658 0.13847046 -5.9483795e-05 1.9342651 0.00010021031 -0.00028714532 0.99999994 -4.600256 0 0 0 1</matrix>
                                    <node id="B_R_Finger31"  name="B_R_Finger31" type="NODE">
                                      <matrix sid="matrix">-0.058766745 -0.99827176 -7.869863e-09 4.4567947 0.99827176 -0.058766745 -1.1987899e-07 0 1.1920932e-07 -1.4901159e-08 1 3.8146973e-06 0 0 0 1</matrix>
                                      <node id="B_R_Finger32"  name="B_R_Finger32" type="NODE">
                                        <matrix sid="matrix">-0.058766864 -0.99827176 6.7727439e-07 4.4568253 0.99827176 -0.058766864 -9.4472448e-08 7.6293945e-06 1.3411046e-07 6.7055203e-07 1 -1.7166138e-05 0 0 0 1</matrix>
                                      </node>
                                    </node>
                                  </node>
                                  <node id="B_R_Finger4"  name="B_R_Finger4" type="NODE">
                                    <matrix sid="matrix">0.14714396 -0.98122966 0.12464786 11.857216 0.98368686 0.15835427 0.085347041 4.0529099 -0.10348356 0.11005616 0.98852354 -6.5145607 0 0 0 1</matrix>
                                    <node id="B_R_Finger41"  name="B_R_Finger41" type="NODE">
                                      <matrix sid="matrix">-0.18123135 -0.98344052 2.5794026e-07 3.3276749 0.98344052 -0.18123135 8.2028976e-07 2.2888184e-05 -7.5995928e-07 4.023311e-07 1 3.0517578e-05 0 0 0 1</matrix>
                                      <node id="B_R_Finger42"  name="B_R_Finger42" type="NODE">
                                        <matrix sid="matrix">0.0019766835 -0.99999803 2.9931851e-07 3.3277054 0.99999803 0.0019766835 6.5506083e-07 3.8146973e-05 -6.5565126e-07 2.9802311e-07 1 -7.6293945e-06 0 0 0 1</matrix>
                                      </node>
                                    </node>
                                  </node>
                                </node>
                              </node>
                            </node>
                          </node>
                        </node>
                        <node id="B_Neck"  name="B_Neck" type="NODE">
                          <matrix sid="matrix">0.9745459 -0.20556872 -0.089452818 27.039764 0.20928563 0.97725385 0.034271047 1.1282327 0.080373049 -0.052119896 0.99540126 0.00061249733 0 0 0 1</matrix>
                          <node id="B_Head"  name="B_Head" type="NODE">
                            <matrix sid="matrix">0.98408651 0.17358994 -0.037950363 10.019318 -0.16961546 0.85404325 -0.49177298 1.4083138 -0.052955594 0.49038413 0.86989599 0 0 0 0 1</matrix>
                          </node>
                        </node>
                      </node>
                    </node>
                  </node>
                  <node id="B_L_Thigh"  name="B_L_Thigh" type="NODE">
                    <matrix sid="matrix">-0.22772385 0.77479345 -0.58977711 0 0.7123034 0.54552197 0.44162172 1.6450882e-05 0.66390193 -0.31953245 -0.67611635 11.161453 0 0 0 1</matrix>
                    <node id="B_L_Calf"  name="B_L_Calf" type="NODE">
                      <matrix sid="matrix">-0.34017864 0.94036084 7.8322626e-07 50.282753 -0.94036084 -0.34017864 6.720692e-06 -3.8146973e-06 6.5863123e-06 1.5497204e-06 1 7.6293945e-06 0 0 0 1</matrix>
                      <node id="B_L_Foot"  name="B_L_Foot" type="NODE">
                        <matrix sid="matrix">0.65112102 -0.64614177 -0.39817369 39.72813 0.47771287 0.75656646 -0.44653958 -1.9073486e-06 0.58977276 0.10053861 0.80128652 0 0 0 0 1</matrix>
                        <node id="B_L_Toe0"  name="B_L_Toe0" type="NODE">
                          <matrix sid="matrix">-4.3711388e-08 -1 -5.6529174e-08 18.214441 1 -4.3711388e-08 -2.4709687e-15 14.545952 0 -5.6529174e-08 1 0.020652771 0 0 0 1</matrix>
                        </node>
                      </node>
                    </node>
                  </node>
                  <node id="B_R_Thigh"  name="B_R_Thigh" type="NODE">
                    <matrix sid="matrix">-0.58111316 0.40154105 0.70786464 0 0.53527772 0.84376597 -0.039202094 -1.3113022e-05 -0.61301339 0.3561233 -0.70525938 -11.161449 0 0 0 1</matrix>
                    <node id="B_R_Calf"  name="B_R_Calf" type="NODE">
                      <matrix sid="matrix">-0.4598754 0.88798344 -8.187078e-08 50.282753 -0.88798344 -0.4598754 -4.8240595e-06 3.8146973e-06 -4.3213354e-06 -2.1457665e-06 1 0 0 0 0 1</matrix>
                      <node id="B_R_Foot"  name="B_R_Foot" type="NODE">
                        <matrix sid="matrix">0.55014372 -0.77115941 0.32039839 39.728123 0.46664083 0.60207903 0.647879 1.9073486e-06 -0.69252306 -0.2069156 0.69108444 7.6293945e-06 0 0 0 1</matrix>
                        <node id="B_R_Toe0"  name="B_R_Toe0" type="NODE">
                          <matrix sid="matrix">-0.42261919 -0.90630734 7.5343212e-07 18.214439 0.90630734 -0.42261919 -6.5713004e-07 14.545956 9.1397669e-07 4.0512532e-07 1 -0.0206604 0 0 0 1</matrix>
                        </node>
                      </node>
                    </node>
                  </node>
                </node>
              </node>
            </node>
          </node>
        </node>
      </node>
      <node id="Exporter_aAssimpFbxa_PreRotation"  name="Exporter_$AssimpFbx$_PreRotation" type="NODE">
        <matrix sid="matrix">1 0 0 0 0 -4.3711388e-08 1 0 0 -1 -4.3711388e-08 0 0 0 0 1</matrix>
        <node id="Exporter"  name="Exporter" type="NODE">
          <matrix sid="matrix">1 0 0 0 0 1 0 0 0 0 1 0 0 0 0 1</matrix>
        </node>
      </node>
    </visual_scene>
  </library_visual_scenes>
  <library_animations>
    <animation id="TakeW001AnimId0" name="Take 001">
      <source id="B_Head_matrix-input" name="B_Head_matrix-input">
        <float_array id="B_Head_matrix-input-array" count="61"> 0 1 2 3 4 5 6 7 8 9 10 11 12 13 14 15 16 17 18 19 20 21 22 23 24 25 26 27 28 29 30 31 32 33 34 35 36 37 38 39 40 41 42 43 44 45 46 47 48 49 50 51 52 53 54 55 56 57 58 59 60 </float_array>
        <technique_common>
          <accessor count="61" offset="0" source="#B_Head_matrix-input-array" stride="1">
            <param name="TIME" type="float" />
          </accessor>
        </technique_common>
      </source>
      <source id="B_Head_matrix-output" name="B_Head_matrix-output">
        <float_array id="B_Head_matrix-output-array" count="976"> 0.98408645 0.17358996 -0.037950363 10.019318 -0.16961543 0.85404336 -0.49177313 1.4083138 -0.05295559 0.49038422 0.86989623 0 0 0 0 1 0.98359436 0.17651492 -0.037210859 10.01931 -0.17178069 0.85350525 -0.49195543 1.4083157 -0.055077806 0.49027663 0.86982483 0 0 0 0 1 0.9830066 0.17993595 -0.036346287 10.019318 -0.17431226 0.85286731 -0.4921712 1.4083138 -0.057560734 0.49014312 0.86973929 0 0 0 0 1 0.98235756 0.18362877 -0.035413254 10.01931 -0.17704388 0.85216868 -0.49240637 1.4083157 -0.060241915 0.48998883 0.86964458 1.9073486e-06 0 0 0 1 0.98168451 0.18736985 -0.034468383 10.019302 -0.17981008 0.85144973 -0.49264762 1.4083157 -0.062959217 0.4898223 0.869546 9.5367432e-07 0 0 0 1 0.98102826 0.19093613 -0.033567954 10.019318 -0.18244599 0.85075402 -0.49288025 1.4083138 -0.065550581 0.48965386 0.86944932 0 0 0 0 1 0.98043305 0.19410522 -0.032767978 10.01931 -0.18478741 0.8501274 -0.49308896 1.4083138 -0.067854188 0.48949584 0.86936152 0 0 0 0 1 0.97994626 0.19665524 -0.032124545 10.01931 -0.18667085 0.84961772 -0.49325851 1.4083157 -0.069708273 0.48936367 0.86928934 9.5367432e-07 0 0 0 1 0.97961581 0.19836435 -0.031693313 10.019295 -0.18793295 0.84927279 -0.49337295 1.4083138 -0.07095132 0.48927206 0.86924046 0 0 0 0 1 0.9794898 0.19901104 -0.031530205 10.019302 -0.18841039 0.84914196 -0.49341631 1.4083138 -0.071421646 0.48923689 0.86922175 0 0 0 0 1 0.97961426 0.19837305 -0.031691149 10.019302 -0.18793938 0.84927124 -0.49337351 1.4083157 -0.070957609 0.48927164 0.86924028 9.5367432e-07 0 0 0 1 0.98008442 0.19593558 -0.032306071 10.01931 -0.18613936 0.84976202 -0.49321058 1.4083138 -0.069185011 0.48940143 0.86931002 0 0 0 0 1 0.98089701 0.19164142 -0.033389848 10.01931 -0.18296713 0.8506152 -0.49292663 1.4083138 -0.066063248 0.48961937 0.86942995 0 0 0 0 1 0.98194116 0.1859536 -0.034825966 10.019318 -0.17876297 0.85172325 -0.4925561 1.4083176 -0.0619305 0.48988676 0.86958361 1.9073486e-06 0 0 0 1 0.98311061 0.17933595 -0.036497805 10.019302 -0.17386827 0.85297984 -0.49213314 1.4083138 -0.057125267 0.49016711 0.86975443 9.5367432e-07 0 0 0 1 0.98430794 0.17225413 -0.038288001 10.019318 -0.16862631 0.85428667 -0.49169031 1.4083157 -0.051986754 0.49043116 0.86992788 9.5367432e-07 0 0 0 1 0.98544943 0.16517606 -0.04007842 10.019302 -0.16338313 0.85555357 -0.4912577 1.4083157 -0.046854772 0.49065772 0.87009186 9.5367432e-07 0 0 0 1 0.98646426 0.15857169 -0.041750051 10.01931 -0.15848717 0.85670012 -0.490863 1.4083157 -0.0420697 0.49083564 0.87023586 1.9073486e-06 0 0 0 1 0.98729575 0.15291272 -0.043183189 10.019318 -0.15428934 0.857656 -0.49053165 1.4083157 -0.037972204 0.49096254 0.87035292 9.5367432e-07 0 0 0 1 0.98789585 0.14867179 -0.044257618 10.01931 -0.1511417 0.8583557 -0.49028739 1.4083138 -0.034903124 0.49104193 0.87043655 0 0 0 0 1 0.98821968 0.14632191 -0.044853233 10.019302 -0.149397 0.85873735 -0.49015379 1.4083157 -0.033203084 0.49108046 0.87048131 9.5367432e-07 0 0 0 1 0.98828512 0.14584176 -0.04497489 10.019302 -0.14904043 0.85881501 -0.49012649 1.4083138 -0.032855794 0.49108779 0.87049043 9.5367432e-07 0 0 0 1 0.98816359 0.14673121 -0.044749465 10.019302 -0.14970091 0.85867125 -0.49017686 1.4083157 -0.033499155 0.49107397 0.87047368 9.5367432e-07 0 0 0 1 0.98788565 0.14874385 -0.044239365 10.01931 -0.15119517 0.85834396 -0.49029151 1.4083138 -0.034955241 0.49104068 0.87043518 0 0 0 0 1 0.98747867 0.1516332 -0.043507311 10.019302 -0.15333982 0.85786843 -0.49045748 1.4083157 -0.03704609 0.49098781 0.87037826 9.5367432e-07 0 0 0 1 0.98697078 0.15515251 -0.042615954 10.019318 -0.15595117 0.85728037 -0.49066198 1.4083157 -0.03959363 0.49091512 0.87030703 9.5367432e-07 0 0 0 1 0.9863916 0.15905537 -0.04162766 10.01931 -0.15884589 0.85661763 -0.49089146 1.4083157 -0.042419929 0.49082369 0.87022567 9.5367432e-07 0 0 0 1 0.98577434 0.1630957 -0.040604942 10.01931 -0.1618413 0.85591859 -0.49113238 1.4083157 -0.045347046 0.49071723 0.87013817 0 0 0 0 1 0.98515612 0.16702807 -0.039609931 10.019318 -0.16475543 0.85522598 -0.49136987 1.4083157 -0.048197109 0.49060205 0.87004983 0 0 0 0 1 0.98457843 0.17060757 -0.038704481 10.019302 -0.16740699 0.85458481 -0.49158868 1.4083157 -0.050792485 0.49048704 0.86996692 9.5367432e-07 0 0 0 1 0.98408645 0.17358996 -0.037950356 10.019318 -0.16961543 0.85404336 -0.49177319 1.4083157 -0.052955605 0.49038428 0.86989617 0 0 0 0 1 0.98359436 0.17651492 -0.0372108 10.019302 -0.17178063 0.85350543 -0.4919554 1.4083138 -0.055077851 0.49027669 0.86982483 9.5367432e-07 0 0 0 1 0.98300654 0.17993593 -0.036346227 10.01931 -0.17431217 0.85286754 -0.4921712 1.4083157 -0.057560749 0.49014315 0.86973947 9.5367432e-07 0 0 0 1 0.98235756 0.18362875 -0.035413273 10.01931 -0.17704386 0.85216868 -0.49240661 1.4083176 -0.060241919 0.48998904 0.8696447 9.5367432e-07 0 0 0 1 0.98168445 0.18736981 -0.034468349 10.01931 -0.17981 0.85144985 -0.49264762 1.4083138 -0.062959217 0.48982242 0.86954582 9.5367432e-07 0 0 0 1 0.98102832 0.19093613 -0.03356792 10.01931 -0.18244596 0.85075408 -0.49288028 1.4083157 -0.06555061 0.48965383 0.86944938 9.5367432e-07 0 0 0 1 0.98043317 0.19410518 -0.032767955 10.019295 -0.18478738 0.85012734 -0.49308899 1.4083138 -0.067854196 0.48949593 0.8693614 0 0 0 0 1 0.97994626 0.19665521 -0.032124501 10.01931 -0.18667082 0.8496176 -0.49325851 1.4083157 -0.06970831 0.48936361 0.86928934 9.5367432e-07 0 0 0 1 0.97961581 0.19836432 -0.03169331 10.019295 -0.18793291 0.84927291 -0.49337286 1.4083157 -0.070951298 0.48927206 0.86924034 9.5367432e-07 0 0 0 1 0.97948992 0.19901098 -0.031530183 10.019302 -0.18841036 0.84914201 -0.49341628 1.4083138 -0.071421623 0.48923686 0.86922181 0 0 0 0 1 0.97961414 0.19837296 -0.031691112 10.01931 -0.18793932 0.84927106 -0.49337325 1.4083138 -0.070957586 0.48927143 0.86924005 0 0 0 0 1 0.98008436 0.19593553 -0.032306045 10.01931 -0.18613935 0.8497619 -0.49321052 1.4083157 -0.069185026 0.48940137 0.8693099 9.5367432e-07 0 0 0 1 0.98089689 0.19164144 -0.033389814 10.01931 -0.18296711 0.85061538 -0.49292654 1.4083176 -0.066063255 0.48961931 0.86943001 0 0 0 0 1 0.98194116 0.18595359 -0.034825984 10.01931 -0.17876299 0.85172307 -0.49255607 1.4083138 -0.061930485 0.48988667 0.86958355 9.5367432e-07 0 0 0 1 0.98311073 0.17933595 -0.03649782 10.019302 -0.1738683 0.85297978 -0.49213329 1.4083157 -0.0571253 0.49016717 0.86975455 9.5367432e-07 0 0 0 1 0.984308 0.17225416 -0.038288005 10.019318 -0.16862634 0.85428673 -0.49169025 1.4083138 -0.051986761 0.4904311 0.869928 1.9073486e-06 0 0 0 1 0.98544943 0.16517605 -0.040078402 10.019302 -0.1633831 0.85555351 -0.49125764 1.4083138 -0.046854779 0.49065769 0.87009174 9.5367432e-07 0 0 0 1 0.98646426 0.15857172 -0.041750044 10.01931 -0.15848719 0.8567003 -0.49086297 1.4083176 -0.042069707 0.49083567 0.87023586 9.5367432e-07 0 0 0 1 0.98729557 0.15291269 -0.043183159 10.01931 -0.15428928 0.85765582 -0.49053147 1.4083157 -0.037972197 0.49096239 0.87035269 0 0 0 0 1 0.98789555 0.14867181 -0.044257622 10.01931 -0.15114167 0.8583557 -0.4902873 1.4083157 -0.034903109 0.49104193 0.87043637 0 0 0 0 1 0.9882198 0.14632191 -0.044853184 10.01931 -0.14939702 0.85873747 -0.49015355 1.4083157 -0.033203091 0.49108031 0.87048119 9.5367432e-07 0 0 0 1 0.98828512 0.14584175 -0.044974878 10.019302 -0.14904043 0.85881495 -0.49012637 1.4083138 -0.032855786 0.49108768 0.87049031 1.9073486e-06 0 0 0 1 0.98816359 0.14673118 -0.044749498 10.019302 -0.14970092 0.85867119 -0.49017686 1.4083138 -0.033499125 0.491074 0.8704735 9.5367432e-07 0 0 0 1 0.98788571 0.14874385 -0.044239406 10.019302 -0.15119523 0.8583439 -0.49029154 1.4083138 -0.034955226 0.49104068 0.87043518 0 0 0 0 1 0.98747861 0.15163317 -0.04350733 10.019302 -0.15333979 0.85786837 -0.49045759 1.4083138 -0.037046071 0.49098793 0.8703782 9.5367432e-07 0 0 0 1 0.98697084 0.1551525 -0.042615946 10.019302 -0.15595117 0.85728055 -0.49066195 1.4083157 -0.039593603 0.49091509 0.87030721 0 0 0 0 1 0.98639166 0.15905534 -0.041627686 10.019302 -0.15884589 0.85661745 -0.49089155 1.4083138 -0.042419929 0.49082372 0.87022561 1.9073486e-06 0 0 0 1 0.98577446 0.16309571 -0.040604997 10.01931 -0.16184136 0.85591853 -0.4911325 1.4083157 -0.045347031 0.49071729 0.87013823 9.5367432e-07 0 0 0 1 0.98515618 0.16702805 -0.039609909 10.01931 -0.16475542 0.85522592 -0.49136987 1.4083157 -0.048197128 0.49060199 0.87004983 9.5367432e-07 0 0 0 1 0.98457849 0.17060763 -0.0387045 10.019318 -0.16740707 0.85458493 -0.49158865 1.4083138 -0.050792485 0.49048701 0.86996698 0 0 0 0 1 0.98408645 0.17358996 -0.037950363 10.019318 -0.16961543 0.85404336 -0.49177313 1.4083138 -0.05295559 0.49038422 0.86989623 0 0 0 0 1 </float_array>
        <technique_common>
          <accessor count="61" offset="0" source="#B_Head_matrix-output-array" stride="16">
            <param name="TRANSFORM" type="float4x4" />
          </accessor>
        </technique_common>
      </source>
      <source id="B_Head_matrix-interpolation">
        <Name_array id="B_Head_matrix-interpolation-array" count="61"> LINEAR LINEAR LINEAR LINEAR LINEAR LINEAR LINEAR LINEAR LINEAR LINEAR LINEAR LINEAR LINEAR LINEAR LINEAR LINEAR LINEAR LINEAR LINEAR LINEAR LINEAR LINEAR LINEAR LINEAR LINEAR LINEAR LINEAR LINEAR LINEAR LINEAR LINEAR LINEAR LINEAR LINEAR LINEAR LINEAR LINEAR LINEAR LINEAR LINEAR LINEAR LINEAR LINEAR LINEAR LINEAR LINEAR LINEAR LINEAR LINEAR LINEAR LINEAR LINEAR LINEAR LINEAR LINEAR LINEAR LINEAR LINEAR LINEAR LINEAR LINEAR </Name_array>
        <technique_common>
          <accessor source="#B_Head_matrix-interpolation-array" count="61" stride="1">
            <param name="INTERPOLATION" type="name"></param>
          </accessor>
        </technique_common>
      </source>
      <source id="B_L_Calf_matrix-input" name="B_L_Calf_matrix-input">
        <float_array id="B_L_Calf_matrix-input-array" count="61"> 0 1 2 3 4 5 6 7 8 9 10 11 12 13 14 15 16 17 18 19 20 21 22 23 24 25 26 27 28 29 30 31 32 33 34 35 36 37 38 39 40 41 42 43 44 45 46 47 48 49 50 51 52 53 54 55 56 57 58 59 60 </float_array>
        <technique_common>
          <accessor count="61" offset="0" source="#B_L_Calf_matrix-input-array" stride="1">
            <param name="TIME" type="float" />
          </accessor>
        </technique_common>
      </source>
      <source id="B_L_Calf_matrix-output" name="B_L_Calf_matrix-output">
