<?xml version="1.0" encoding="UTF-8" standalone="no" ?>
<COLLADA xmlns="http://www.collada.org/2005/11/COLLADASchema" version="1.4.1">
  <asset>
    <contributor>
      <author>Assimp</author>
      <authoring_tool>FBX SDK/FBX Plugins version 2013.1</authoring_tool>
    </contributor>
    <created>2020-08-21T10:31:01</created>
    <modified>2020-08-21T10:31:01</modified>
    <unit name="meter" meter="1" />
    <up_axis>Y_UP</up_axis>
  </asset>
  <library_geometries>
  </library_geometries>
  <library_controllers>
  </library_controllers>
  <library_visual_scenes>
    <visual_scene id="RootNode" name="RootNode">
      <node id="Motion_aAssimpFbxa_Translation"  name="Motion_$AssimpFbx$_Translation" type="NODE">
        <matrix sid="matrix">1 0 0 9.92585e-07 0 1 0 0 0 0 1 -0.17328988 0 0 0 1</matrix>
        <node id="Motion_aAssimpFbxa_PreRotation"  name="Motion_$AssimpFbx$_PreRotation" type="NODE">
          <matrix sid="matrix">1 0 0 0 0 -4.3711388e-08 1 0 0 -1 -4.3711388e-08 0 0 0 0 1</matrix>
          <node id="Motion_aAssimpFbxa_Rotation"  name="Motion_$AssimpFbx$_Rotation" type="NODE">
            <matrix sid="matrix">1.3868001e-06 1 0 0 -1 1.3868001e-06 0 0 0 0 1 0 0 0 0 1</matrix>
            <node id="Motion_aAssimpFbxa_Scaling"  name="Motion_$AssimpFbx$_Scaling" type="NODE">
              <matrix sid="matrix">1 0 0 0 0 1 0 0 0 0 1 0 0 0 0 1</matrix>
              <node id="Motion"  name="Motion" type="NODE">
                <matrix sid="matrix">1 0 0 0 0 1 0 0 0 0 1 0 0 0 0 1</matrix>
                <node id="B_Pelvis"  name="B_Pelvis" type="NODE">
                  <matrix sid="matrix">-4.3711388e-08 0.60876256 0.79335248 0.17329331 0 -0.79335248 0.60876256 2.6999989 1 2.6609857e-08 3.4678539e-08 98.599998 0 0 0 1</matrix>
                  <node id="B_Spine"  name="B_Spine" type="NODE">
                    <matrix sid="matrix">0.99823147 0.047404032 -0.03587313 7.6762924 -0.037805337 0.97190607 0.23231289 -1.6268322 0.045877878 -0.23054582 0.97197938 0.0023477077 0 0 0 1</matrix>
                    <node id="B_Spine1"  name="B_Spine1" type="NODE">
                      <matrix sid="matrix">0.99970514 -0.024198713 0.0019994173 12.747765 0.024175951 0.99965024 0.010716197 -0.014275074 -0.0022580363 -0.0106647 0.99994057 0.00015187263 0 0 0 1</matrix>
                      <node id="B_Spine2"  name="B_Spine2" type="NODE">
                        <matrix sid="matrix">0.9988209 -0.048403598 0.003731553 17.935463 0.048312008 0.99859816 0.02162578 -0.026443958 -0.0047730873 -0.021420002 0.9997592 0.00054788589 0 0 0 1</matrix>
                        <node id="B_L_Clavicle"  name="B_L_Clavicle" type="NODE">
                          <matrix sid="matrix">-0.017590731 -0.00078493357 0.99984497 17.736832 -0.17375681 -0.98478109 -0.0038300902 0.073141098 0.98463148 -0.17379723 0.017186632 5.0180163 0 0 0 1</matrix>
                          <node id="B_L_UpperArm"  name="B_L_UpperArm" type="NODE">
                            <matrix sid="matrix">0.67658848 0.40229201 0.61675709 17.464661 -0.50647575 0.8622275 -0.0067961514 5.2452087e-06 -0.5345189 -0.30777431 0.78712428 0 0 0 0 1</matrix>
                            <node id="B_L_Forearm"  name="B_L_Forearm" type="NODE">
                              <matrix sid="matrix">-0.13640097 0.98478979 0.10762805 27.628185 -0.99065369 -0.13559353 -0.014819494 -3.8146973e-06 -4.1723254e-07 -0.10864353 0.99408078 -1.5258789e-05 0 0 0 1</matrix>
                              <node id="B_L_ForeArmTwist"  name="B_L_ForeArmTwist" type="NODE">
                                <matrix sid="matrix">1 7.6817159e-08 -2.9140227e-07 11.992638 -4.4703462e-08 0.99408078 0.10864363 -7.6293945e-06 2.9802308e-07 -0.10864363 0.99408078 1.5258789e-05 0 0 0 1</matrix>
                                <node id="B_L_Hand"  name="B_L_Hand" type="NODE">
                                  <matrix sid="matrix">0.9662652 -0.095601514 0.23914814 11.992649 -0.24727428 -0.084708005 0.96523571 0 -0.072020233 -0.99180883 -0.10549019 7.6293945e-06 0 0 0 1</matrix>
                                  <node id="B_L_Finger0"  name="B_L_Finger0" type="NODE">
                                    <matrix sid="matrix">0.80900639 0.13246381 0.5726797 1.4603271 0.15583254 0.89108133 -0.42625144 1.9355469 -0.56676704 0.43408227 0.70024836 -2.437645 0 0 0 1</matrix>
                                    <node id="B_L_Finger01"  name="B_L_Finger01" type="NODE">
                                      <matrix sid="matrix">0.80299312 -0.59598833 -1.9794604e-07 3.7140121 0.59598833 0.80299312 -1.0052467e-07 0 2.1886082e-07 -3.7252903e-08 1 -2.2888184e-05 0 0 0 1</matrix>
                                      <node id="B_L_Finger02"  name="B_L_Finger02" type="NODE">
                                        <matrix sid="matrix">0.55218476 -0.83372176 3.0896288e-08 5.5299301 0.83372176 0.55218476 3.3156162e-08 1.5258789e-05 -4.4703473e-08 7.4505802e-09 1 2.6702881e-05 0 0 0 1</matrix>
                                      </node>
                                    </node>
                                  </node>
                                  <node id="B_L_Finger1"  name="B_L_Finger1" type="NODE">
                                    <matrix sid="matrix">0.27254921 -0.95552641 0.11263353 11.625465 0.92804068 0.23019114 -0.29283533 3.1205368 0.25388464 0.18434054 0.94950575 -3.0983505 0 0 0 1</matrix>
                                    <node id="B_L_Finger11"  name="B_L_Finger11" type="NODE">
                                      <matrix sid="matrix">-0.25881925 -0.96592575 1.4393416e-07 4.4568176 0.96592575 -0.25881925 3.8567073e-08 0 0 1.4901161e-07 1 1.9073486e-05 0 0 0 1</matrix>
                                      <node id="B_L_Finger12"  name="B_L_Finger12" type="NODE">
                                        <matrix sid="matrix">0.57357568 -0.81915259 2.7404073e-07 3.3311615 0.81915259 0.57357568 -1.2821668e-07 -7.6293945e-06 -5.2154064e-08 2.9802314e-07 1 -2.2888184e-05 0 0 0 1</matrix>
                                      </node>
                                    </node>
                                  </node>
                                  <node id="B_L_Finger2"  name="B_L_Finger2" type="NODE">
                                    <matrix sid="matrix">0.25808534 -0.9650346 0.045828909 11.814087 0.9609648 0.25152385 -0.11524901 2.4381027 0.099692218 0.073784053 0.99227887 0.83572388 0 0 0 1</matrix>
                                    <node id="B_L_Finger21"  name="B_L_Finger21" type="NODE">
                                      <matrix sid="matrix">-0.62068564 -0.78405952 4.8948033e-07 5.1996231 0.78405952 -0.62068564 1.4992348e-07 2.2888184e-05 1.8626449e-07 4.7683707e-07 1 7.6293945e-06 0 0 0 1</matrix>
                                      <node id="B_L_Finger22"  name="B_L_Finger22" type="NODE">
                                        <matrix sid="matrix">0.44828629 -0.89389002 2.398437e-10 5.1996269 0.89389002 0.44828629 1.9991995e-07 0 -1.7881398e-07 -8.9406988e-08 1 0 0 0 0 1</matrix>
                                      </node>
                                    </node>
                                  </node>
                                  <node id="B_L_Finger3"  name="B_L_Finger3" type="NODE">
                                    <matrix sid="matrix">0.1384709 -0.99036646 0.00029690238 11.814064 0.99036652 0.13847092 5.8845293e-05 1.9342499 -9.9390752e-05 0.0002858938 0.99999994 4.6002502 0 0 0 1</matrix>
                                    <node id="B_L_Finger31"  name="B_L_Finger31" type="NODE">
                                      <matrix sid="matrix">-0.058766864 -0.99827176 -9.7647728e-07 4.45681 0.99827176 -0.058766864 -1.1620787e-06 1.5258789e-05 1.1026858e-06 -1.0430814e-06 1 0 0 0 0 1</matrix>
                                      <node id="B_L_Finger32"  name="B_L_Finger32" type="NODE">
                                        <matrix sid="matrix">-0.058766745 -0.99827176 -1.8812394e-06 4.4567719 0.99827176 -0.058766745 -1.5138794e-06 -1.5258789e-05 1.4007087e-06 -1.966954e-06 1 0 0 0 0 1</matrix>
                                      </node>
                                    </node>
                                  </node>
                                  <node id="B_L_Finger4"  name="B_L_Finger4" type="NODE">
                                    <matrix sid="matrix">0.1471443 -0.98122931 -0.12465038 11.857201 0.98368669 0.15835494 -0.085347399 4.0528946 0.10348435 -0.11005854 0.98852319 6.5145378 0 0 0 1</matrix>
                                    <node id="B_L_Finger41"  name="B_L_Finger41" type="NODE">
                                      <matrix sid="matrix">-0.18123157 -0.98344046 -2.1686083e-06 3.3276443 0.98344046 -0.18123157 -3.8543108e-06 1.5258789e-05 3.3974648e-06 -2.8312199e-06 1 1.1444092e-05 0 0 0 1</matrix>
                                      <node id="B_L_Finger42"  name="B_L_Finger42" type="NODE">
                                        <matrix sid="matrix">0.0019772795 -0.99999803 -2.2267502e-06 3.3276596 0.99999803 0.0019772795 -3.2738599e-06 -3.8146973e-05 3.2782564e-06 -2.2202726e-06 1 -1.1444092e-05 0 0 0 1</matrix>
                                      </node>
                                    </node>
                                  </node>
                                </node>
                              </node>
                            </node>
                          </node>
                        </node>
                        <node id="B_R_Clavicle"  name="B_R_Clavicle" type="NODE">
                          <matrix sid="matrix">-0.1045284 -0.00079355168 -0.9945215 17.736832 0.00023377997 -0.99999964 0.00077335129 0.074661255 -0.99452186 -0.00015166204 0.10452855 -5.0179634 0 0 0 1</matrix>
                          <node id="B_R_UpperArm"  name="B_R_UpperArm" type="NODE">
                            <matrix sid="matrix">0.65678817 0.18435118 -0.73119342 17.464647 -0.58112299 0.74166936 -0.33499634 9.5367432e-06 0.48054683 0.64493495 0.59425038 1.5258789e-05 0 0 0 1</matrix>
                            <node id="B_R_Forearm"  name="B_R_Forearm" type="NODE">
                              <matrix sid="matrix">0.12578548 0.99193633 -0.015499697 27.628178 -0.99205744 0.12577014 -0.0019651258 0 1.1920932e-07 0.015623775 0.99987793 7.6293945e-06 0 0 0 1</matrix>
                              <node id="B_R_ForeArmTwist"  name="B_R_ForeArmTwist" type="NODE">
                                <matrix sid="matrix">1 -6.0063002e-08 -2.8867444e-08 11.99263 5.9604652e-08 0.99987793 -0.015623693 -7.6293945e-06 2.9802326e-08 0.015623693 0.99987793 7.6293945e-06 0 0 0 1</matrix>
                                <node id="B_R_Hand"  name="B_R_Hand" type="NODE">
                                  <matrix sid="matrix">0.86458057 -0.066815868 -0.49803227 11.992661 -0.49769491 0.022792283 -0.86705267 -3.8146973e-06 0.069284163 0.99750501 -0.013548149 -2.2888184e-05 0 0 0 1</matrix>
                                  <node id="B_R_Finger0"  name="B_R_Finger0" type="NODE">
                                    <matrix sid="matrix">0.80900657 0.13246371 -0.57267946 1.4603195 0.15583242 0.89108133 0.42625138 1.9355469 0.5667668 -0.43408221 0.7002486 2.4376602 0 0 0 1</matrix>
                                    <node id="B_R_Finger01"  name="B_R_Finger01" type="NODE">
                                      <matrix sid="matrix">0.802993 -0.59598845 -3.7579554e-07 3.7140198 0.59598845 0.802993 -5.6234384e-08 -1.5258789e-05 3.3527624e-07 -1.7881399e-07 1 -1.5258789e-05 0 0 0 1</matrix>
                                      <node id="B_R_Finger02"  name="B_R_Finger02" type="NODE">
                                        <matrix sid="matrix">0.55218476 -0.83372176 2.3201191e-07 5.5299339 0.83372176 0.55218476 -1.8941063e-07 1.5258789e-05 2.980231e-08 2.9802305e-07 1 2.2888184e-05 0 0 0 1</matrix>
                                      </node>
                                    </node>
                                  </node>
                                  <node id="B_R_Finger1"  name="B_R_Finger1" type="NODE">
                                    <matrix sid="matrix">0.27254847 -0.95552653 -0.11263388 11.625473 0.92804098 0.23019038 0.29283491 3.1205521 -0.25388429 -0.18434057 0.94950587 3.0983467 0 0 0 1</matrix>
                                    <node id="B_R_Finger11"  name="B_R_Finger11" type="NODE">
                                      <matrix sid="matrix">-0.25881937 -0.96592575 -1.0544328e-07 4.4568176 0.96592575 -0.25881937 -4.3680295e-08 1.5258789e-05 1.490116e-08 -1.1315568e-07 1 7.6293945e-06 0 0 0 1</matrix>
                                      <node id="B_R_Finger12"  name="B_R_Finger12" type="NODE">
                                        <matrix sid="matrix">0.57357585 -0.81915247 2.0628647e-07 3.3311386 0.81915247 0.57357585 4.2120682e-08 0 -1.528242e-07 1.4482066e-07 1 -7.6293945e-06 0 0 0 1</matrix>
                                      </node>
                                    </node>
                                  </node>
                                  <node id="B_R_Finger2"  name="B_R_Finger2" type="NODE">
                                    <matrix sid="matrix">0.25808468 -0.96503466 -0.045829333 11.814026 0.9609651 0.2515232 0.11524829 2.4381104 -0.099691465 -0.07378421 0.99227893 -0.83572006 0 0 0 1</matrix>
                                    <node id="B_R_Finger21"  name="B_R_Finger21" type="NODE">
                                      <matrix sid="matrix">-0.62068564 -0.78405952 -3.7484643e-08 5.199604 0.78405952 -0.62068564 -4.8679137e-08 0 1.490116e-08 -5.9604631e-08 1 -3.8146973e-05 0 0 0 1</matrix>
                                      <node id="B_R_Finger22"  name="B_R_Finger22" type="NODE">
                                        <matrix sid="matrix">0.44828641 -0.89388996 -5.6619989e-08 5.1996002 0.89388996 0.44828641 2.0059952e-08 1.5258789e-05 7.4505824e-09 -5.9604645e-08 1 4.0054321e-05 0 0 0 1</matrix>
                                      </node>
                                    </node>
                                  </node>
                                  <node id="B_R_Finger3"  name="B_R_Finger3" type="NODE">
                                    <matrix sid="matrix">0.13847044 -0.99036652 -0.00029827209 11.814026 0.99036658 0.13847046 -5.949648e-05 1.9342651 0.0001002252 -0.00028716022 0.99999994 -4.6002464 0 0 0 1</matrix>
                                    <node id="B_R_Finger31"  name="B_R_Finger31" type="NODE">
                                      <matrix sid="matrix">-0.058766745 -0.99827176 2.4508026e-08 4.4567871 0.99827176 -0.058766745 -1.6275381e-07 -3.0517578e-05 1.6391277e-07 1.4901158e-08 1 0 0 0 0 1</matrix>
                                      <node id="B_R_Finger32"  name="B_R_Finger32" type="NODE">
                                        <matrix sid="matrix">-0.058766745 -0.99827176 6.4664795e-07 4.4568329 0.99827176 -0.058766745 -8.1348503e-08 7.6293945e-06 1.192093e-07 6.4074976e-07 1 -1.1444092e-05 0 0 0 1</matrix>
                                      </node>
                                    </node>
                                  </node>
                                  <node id="B_R_Finger4"  name="B_R_Finger4" type="NODE">
                                    <matrix sid="matrix">0.14714384 -0.98122966 0.12464782 11.857254 0.98368686 0.15835415 0.085347101 4.0529099 -0.10348361 0.11005612 0.98852354 -6.5145569 0 0 0 1</matrix>
                                    <node id="B_R_Finger41"  name="B_R_Finger41" type="NODE">
                                      <matrix sid="matrix">-0.18123135 -0.98344052 2.3788475e-07 3.3276825 0.98344052 -0.18123135 8.4689782e-07 4.5776367e-05 -7.8976137e-07 3.8742991e-07 1 2.2888184e-05 0 0 0 1</matrix>
                                      <node id="B_R_Finger42"  name="B_R_Finger42" type="NODE">
                                        <matrix sid="matrix">0.0019766835 -0.99999803 2.2478348e-07 3.3276978 0.99999803 0.0019766835 6.4030701e-07 3.8146973e-05 -6.407501e-07 2.2351736e-07 1 -3.8146973e-06 0 0 0 1</matrix>
                                      </node>
                                    </node>
                                  </node>
                                </node>
                              </node>
                            </node>
                          </node>
                        </node>
                        <node id="B_Neck"  name="B_Neck" type="NODE">
                          <matrix sid="matrix">0.9745459 -0.20556875 -0.089452893 27.039734 0.20928566 0.97725385 0.034271017 1.1282325 0.080373123 -0.052119885 0.99540126 0.00061297417 0 0 0 1</matrix>
                          <node id="B_Head"  name="B_Head" type="NODE">
                            <matrix sid="matrix">0.98408651 0.1735899 -0.037950229 10.019318 -0.16961534 0.85404319 -0.49177316 1.4083176 -0.052955724 0.49038428 0.86989594 1.9073486e-06 0 0 0 1</matrix>
                          </node>
                        </node>
                      </node>
                    </node>
                  </node>
                  <node id="B_L_Thigh"  name="B_L_Thigh" type="NODE">
                    <matrix sid="matrix">-0.88179433 0.28008491 -0.37946182 0 0.35161984 0.92662656 -0.13314193 1.7642975e-05 0.31432831 -0.25083011 -0.91557741 11.161455 0 0 0 1</matrix>
                    <node id="B_L_Calf"  name="B_L_Calf" type="NODE">
                      <matrix sid="matrix">0.87463301 0.48478559 4.3861178e-07 50.282753 -0.48478559 0.87463301 8.0454074e-06 1.9073486e-06 3.5166731e-06 -7.2494117e-06 1 0 0 0 0 1</matrix>
                      <node id="B_L_Foot"  name="B_L_Foot" type="NODE">
                        <matrix sid="matrix">0.90702879 -0.23339652 -0.35046366 39.728134 0.18250841 0.96798927 -0.17230015 -5.9604645e-06 0.37945935 0.092318632 0.920591 3.8146973e-06 0 0 0 1</matrix>
                        <node id="B_L_Toe0"  name="B_L_Toe0" type="NODE">
                          <matrix sid="matrix">-4.3711388e-08 -1 -5.6535015e-08 18.214441 1 -4.3711388e-08 -2.4712239e-15 14.545954 0 -5.6535015e-08 1 0.020648956 0 0 0 1</matrix>
                        </node>
                      </node>
                    </node>
                  </node>
                  <node id="B_R_Thigh"  name="B_R_Thigh" type="NODE">
                    <matrix sid="matrix">-0.87342405 0.42952669 0.22942814 0 0.1816911 0.72456974 -0.66482109 -1.2397766e-05 -0.4517951 -0.53898567 -0.71089774 -11.161448 0 0 0 1</matrix>
                    <node id="B_R_Calf"  name="B_R_Calf" type="NODE">
                      <matrix sid="matrix">0.69287932 0.7210536 -6.4746928e-08 50.282749 -0.7210536 0.69287932 -4.8360198e-06 0 -3.4421676e-06 3.3974638e-06 1 1.9073486e-06 0 0 0 1</matrix>
                      <node id="B_R_Foot"  name="B_R_Foot" type="NODE">
                        <matrix sid="matrix">0.91488963 -0.31722456 0.24969099 39.728138 0.33217508 0.94302565 -0.019034043 -9.5367432e-07 -0.22942695 0.10035519 0.96813852 3.8146973e-06 0 0 0 1</matrix>
                        <node id="B_R_Toe0"  name="B_R_Toe0" type="NODE">
                          <matrix sid="matrix">-2.8212997e-07 -1 7.9691677e-07 18.214439 1 -2.8213054e-07 -7.1525551e-07 14.545954 7.1525574e-07 7.9691654e-07 1 -0.020652771 0 0 0 1</matrix>
                        </node>
                      </node>
                    </node>
                  </node>
                </node>
              </node>
            </node>
          </node>
        </node>
      </node>
      <node id="Exporter_aAssimpFbxa_PreRotation"  name="Exporter_$AssimpFbx$_PreRotation" type="NODE">
        <matrix sid="matrix">1 0 0 0 0 -4.3711388e-08 1 0 0 -1 -4.3711388e-08 0 0 0 0 1</matrix>
        <node id="Exporter"  name="Exporter" type="NODE">
          <matrix sid="matrix">1 0 0 0 0 1 0 0 0 0 1 0 0 0 0 1</matrix>
        </node>
      </node>
    </visual_scene>
  </library_visual_scenes>
  <library_animations>
    <animation id="TakeW001AnimId0" name="Take 001">
      <source id="B_Head_matrix-input" name="B_Head_matrix-input">
        <float_array id="B_Head_matrix-input-array" count="35"> 0 1 2 3 4 5 6 7 8 9 10 11 12 13 14 15 16 17 18 19 20 21 22 23 24 25 26 27 28 29 30 31 32 33 34 </float_array>
        <technique_common>
          <accessor count="35" offset="0" source="#B_Head_matrix-input-array" stride="1">
            <param name="TIME" type="float" />
          </accessor>
        </technique_common>
      </source>
      <source id="B_Head_matrix-output" name="B_Head_matrix-output">
        <float_array id="B_Head_matrix-output-array" count="560"> 0.98408669 0.1735899 -0.037950233 10.019318 -0.16961536 0.85404319 -0.49177328 1.4083176 -0.052955732 0.49038431 0.86989611 1.9073486e-06 0 0 0 1 0.99695724 0.075029083 0.021145782 10.019302 -0.054955311 0.86887741 -0.49196711 1.4083138 -0.055284951 0.48930782 0.8703571 0 0 0 0 1 0.98849469 -0.091402359 0.12051388 10.019302 0.13943917 0.85939854 -0.49192491 1.4083176 -0.058606371 0.50306928 0.86225665 0 0 0 0 1 0.96243346 -0.19774447 0.18606289 10.019318 0.2654289 0.82952923 -0.49135435 1.4083157 -0.057181999 0.52228236 0.85085344 -3.8146973e-06 0 0 0 1 0.94967288 -0.23653211 0.20536271 10.019333 0.30930877 0.81167978 -0.49548346 1.4083138 -0.049491014 0.53406775 0.84399164 0 0 0 0 1 0.93855667 -0.27004585 0.21491121 10.019318 0.34345579 0.79200655 -0.50474125 1.4083099 -0.033907805 0.54754078 0.8360917 0 0 0 0 1 0.93198413 -0.2908375 0.21637721 10.019302 0.36201274 0.77764869 -0.51401252 1.4083176 -0.01877135 0.55738235 0.83004385 1.9073486e-06 0 0 0 1 0.93298799 -0.29130656 0.21136196 10.019318 0.35967463 0.77578181 -0.51845652 1.4083252 -0.01294098 0.55973548 0.82857031 -3.8146973e-06 0 0 0 1 0.94353998 -0.26329711 0.20101435 10.019302 0.33037317 0.79229015 -0.51296204 1.4083252 -0.024200249 0.55040979 0.83454412 7.6293945e-06 0 0 0 1 0.96243316 -0.19774449 0.18606314 10.019318 0.26542896 0.82952917 -0.49135453 1.4083099 -0.057182122 0.5222823 0.85085368 -3.8146973e-06 0 0 0 1 0.98638463 -0.047390159 0.15747651 10.019302 0.11226404 0.8937853 -0.43421701 1.4083176 -0.12017255 0.44598395 0.8869369 3.8146973e-06 0 0 0 1 0.97572672 0.18708941 0.11382166 10.019302 -0.14077523 0.93398434 -0.32841343 1.4083099 -0.16775034 0.3044183 0.93765122 3.8146973e-06 0 0 0 1 0.89957964 0.43061593 0.072975636 10.019302 -0.41221479 0.89231807 -0.18397683 1.4083176 -0.14434072 0.13542028 0.98021787 7.6293945e-06 0 0 0 1 0.78761029 0.61414528 0.049958486 10.019287 -0.61306828 0.78919113 -0.036400709 1.4083252 -0.061782081 -0.0019583916 0.9980877 3.8146973e-06 0 0 0 1 0.71061224 0.70241088 0.04060984 10.019318 -0.70347279 0.70829052 0.058739986 1.4083252 0.012496035 -0.070309244 0.99744731 0 0 0 0 1 0.68407637 0.72869456 0.032315634 10.019318 -0.72744358 0.67831135 0.10353738 1.4083099 0.053527016 -0.094335333 0.99410057 3.8146973e-06 0 0 0 1 0.67332441 0.738985 0.023133624 10.019257 -0.73429012 0.66473931 0.13762009 1.4083099 0.086321324 -0.10964986 0.99021453 3.8146973e-06 0 0 0 1 0.67620385 0.73660922 0.012456205 10.019287 -0.72839957 0.66594404 0.16109748 1.4083176 0.11037069 -0.11800791 0.98685992 3.8146973e-06 0 0 0 1 0.6898604 0.72394228 0.000303924 10.019287 -0.71289241 0.67925876 0.17433219 1.4082947 0.12599993 -0.12048168 0.98468655 7.6293945e-06 0 0 0 1 0.71116263 0.70290893 -0.012899183 10.019348 -0.6901269 0.70149618 0.17784184 1.4083099 0.13405518 -0.11757261 0.98397422 -1.9073486e-06 0 0 0 1 0.73697853 0.67539483 -0.026540805 10.019287 -0.66215503 0.72930062 0.17225358 1.4083099 0.13569538 -0.10937306 0.98469502 5.7220459e-06 0 0 0 1 0.7643739 0.64353085 -0.040004592 10.019318 -0.63106847 0.7594108 0.15826461 1.4083099 0.13222802 -0.095727794 0.98658562 0 0 0 0 1 0.790766 0.60983706 -0.052800052 10.019287 -0.5992288 0.78883785 0.13660067 1.4083176 0.1249548 -0.07637988 0.989218 3.8146973e-06 0 0 0 1 0.81400508 0.57725072 -0.064632706 10.019318 -0.56936055 0.81496751 0.10796607 1.4083099 0.11499706 -0.051085636 0.99205124 2.3841858e-06 0 0 0 1 0.83238012 0.5490489 -0.075421743 10.019318 -0.54453009 0.83555925 0.072997645 1.4083099 0.10309847 -0.019692415 0.99447614 -9.5367432e-07 0 0 0 1 0.85191202 0.51687729 -0.084161289 10.019287 -0.5179686 0.85534108 0.010007233 1.4083099 0.077159077 0.03506764 0.99640203 0 0 0 0 1 0.87750173 0.47155535 -0.087330803 10.019318 -0.47839999 0.87345099 -0.090649761 1.4083176 0.03353278 0.12132438 0.99204659 0 0 0 0 1 0.90539074 0.41649553 -0.082458563 10.019348 -0.42433095 0.88097996 -0.20932566 1.4083328 -0.014538869 0.22451116 0.97436273 0 0 0 0 1 0.93135011 0.3573629 -0.069844157 10.019318 -0.35985741 0.87406719 -0.32635698 1.4083328 -0.055579379 0.32908645 0.94266295 1.5258789e-05 0 0 0 1 0.95186609 0.30189478 -0.053009484 10.019333 -0.29510292 0.85587466 -0.42472699 1.4083252 -0.082853377 0.4199267 0.90376812 3.0517578e-05 0 0 0 1 0.96514392 0.25895366 -0.03794999 10.019302 -0.24362588 0.83594608 -0.49177316 1.4083176 -0.095622294 0.48387751 0.86989611 1.5258789e-05 0 0 0 1 0.97029561 0.23992078 -0.03105206 10.019302 -0.22085364 0.82607937 -0.51847506 1.4083118 -0.098741449 0.50993198 0.85452878 0 0 0 0 1 0.96974236 0.24204475 -0.03184098 10.019318 -0.22340107 0.82722759 -0.51554489 1.4083176 -0.098445177 0.5070591 0.85627079 1.5258789e-05 0 0 0 1 0.9669041 0.2526302 -0.035701524 10.019318 -0.23607478 0.83277363 -0.50075585 1.4083176 -0.096774817 0.49261099 0.86485183 0 0 0 0 1 0.96514392 0.25895366 -0.03794999 10.019302 -0.24362588 0.83594608 -0.49177316 1.4083176 -0.095622294 0.48387751 0.86989611 1.5258789e-05 0 0 0 1 </float_array>
        <technique_common>
          <accessor count="35" offset="0" source="#B_Head_matrix-output-array" stride="16">
            <param name="TRANSFORM" type="float4x4" />
          </accessor>
        </technique_common>
      </source>
      <source id="B_Head_matrix-interpolation">
        <Name_array id="B_Head_matrix-interpolation-array" count="35"> LINEAR LINEAR LINEAR LINEAR LINEAR LINEAR LINEAR LINEAR LINEAR LINEAR LINEAR LINEAR LINEAR LINEAR LINEAR LINEAR LINEAR LINEAR LINEAR LINEAR LINEAR LINEAR LINEAR LINEAR LINEAR LINEAR LINEAR LINEAR LINEAR LINEAR LINEAR LINEAR LINEAR LINEAR LINEAR </Name_array>
        <technique_common>
          <accessor source="#B_Head_matrix-interpolation-array" count="35" stride="1">
            <param name="INTERPOLATION" type="name"></param>
          </accessor>
        </technique_common>
      </source>
      <source id="B_L_Calf_matrix-input" name="B_L_Calf_matrix-input">
        <float_array id="B_L_Calf_matrix-input-array" count="35"> 0 1 2 3 4 5 6 7 8 9 10 11 12 13 14 15 16 17 18 19 20 21 22 23 24 25 26 27 28 29 30 31 32 33 34 </float_array>
        <technique_common>
          <accessor count="35" offset="0" source="#B_L_Calf_matrix-input-array" stride="1">
            <param name="TIME" type="float" />
          </accessor>
        </technique_common>
      </source>
      <source id="B_L_Calf_matrix-output" name="B_L_Calf_matrix-output">
        <float_array id="B_L_Calf_matrix-output-array" count="560"> 0.87463325 0.4847858 4.3861206e-07 50.282753 -0.48478568 0.87463349 8.0454083e-06 1.9073486e-06 3.516674e-06 -7.2494158e-06 1.0000001 0 0 0 0 1 0.82287413 0.56822425 5.0642899e-07 50.282753 -0.56822437 0.82287395 7.9712318e-06 0 4.1127205e-06 -6.8470831e-06 1.0000001 0 0 0 0 1 0.93545288 0.35345235 3.3696597e-07 50.282753 -0.35345247 0.93545252 7.9428928e-06 3.8146973e-06 2.4922192e-06 -7.5493003e-06 1 1.9073486e-06 0 0 0 1 0.95348829 0.30143085 3.0913696e-07 50.282745 -0.30143085 0.95348829 7.9975998e-06 7.6293945e-06 2.1159649e-06 -7.7188015e-06 1 2.8610229e-06 0 0 0 1 0.81929129 0.57337797 5.9979715e-07 50.282753 -0.57337797 0.81929129 7.8739013e-06 -7.6293945e-06 4.0233135e-06 -6.7949304e-06 0.99999994 6.6757202e-06 0 0 0 1 0.51933408 0.85457146 8.2339733e-07 50.282742 -0.85457134 0.51933414 7.5972475e-06 -7.6293945e-06 6.0647717e-06 -4.6491623e-06 0.99999994 3.8146973e-06 0 0 0 1 0.090066105 0.99593604 9.3628205e-07 50.282757 -0.99593616 0.090066098 7.1841232e-06 0 7.070601e-06 -1.5795232e-06 1 1.9073486e-06 0 0 0 1 -0.33309954 0.94289178 8.6122941e-07 50.282734 -0.94289178 -0.33309954 6.799507e-06 0 6.6980724e-06 1.452865e-06 1 1.1444092e-05 0 0 0 1 -0.62518555 0.78047639 6.824468e-07 50.282745 -0.78047633 -0.62518567 6.488885e-06 0 5.4910774e-06 3.5241244e-06 0.99999994 1.1444092e-05 0 0 0 1 -0.75079387 0.66053647 6.1930876e-07 50.282745 -0.66053641 -0.75079393 6.3923403e-06 7.6293945e-06 4.687347e-06 4.3902546e-06 0.99999994 7.6293945e-06 0 0 0 1 -0.55346203 0.83287466 8.1266808e-07 50.282738 -0.83287448 -0.55346215 6.5672625e-06 0 5.9194858e-06 2.9578807e-06 1 3.8146973e-06 0 0 0 1 0.052195676 0.99863714 9.7816519e-07 50.282745 -0.99863702 0.052195679 7.1239156e-06 0 7.0631495e-06 -1.3486703e-06 1 3.8146973e-06 0 0 0 1 0.59052187 0.80702174 7.3741353e-07 50.282745 -0.80702174 0.59052187 7.6853048e-06 0 5.7667503e-06 -5.1334496e-06 1 0 0 0 0 1 0.69604445 0.7179988 6.7991294e-07 50.282761 -0.7179988 0.69604445 7.8191624e-06 0 5.1409002e-06 -5.9306622e-06 0.99999994 0 0 0 0 1 -0.38282678 0.92382026 8.8562024e-07 50.282715 -0.92382038 -0.38282675 6.7301739e-06 7.6293945e-06 6.5565114e-06 1.7583368e-06 1 0 0 0 0 1 -0.46507084 0.88527387 8.3396299e-07 50.282745 -0.88527375 -0.4650709 6.6819334e-06 7.6293945e-06 6.3031912e-06 2.3692853e-06 1 -7.6293945e-06 0 0 0 1 -0.53298765 0.84612328 8.2239285e-07 50.282761 -0.84612322 -0.53298771 6.5616227e-06 -7.6293945e-06 5.9902663e-06 2.8014185e-06 1 7.6293945e-06 0 0 0 1 -0.58709973 0.80951476 7.6924266e-07 50.282745 -0.80951476 -0.58709973 6.4921883e-06 0 5.7071443e-06 3.1888485e-06 1 0 0 0 0 1 -0.62819791 0.77805358 7.8778015e-07 50.28273 -0.77805364 -0.62819785 6.4788583e-06 -7.6293945e-06 5.5357814e-06 3.4570696e-06 0.99999994 0 0 0 0 1 -0.65724778 0.75367475 7.1881345e-07 50.28273 -0.75367463 -0.65724784 6.4809519e-06 0 5.3569674e-06 3.7178402e-06 1 7.6293945e-06 0 0 0 1 -0.67521524 0.73762083 6.3674196e-07 50.282776 -0.73762083 -0.67521524 6.4776063e-06 3.8146973e-06 5.2079558e-06 3.9041042e-06 0.99999994 7.6293945e-06 0 0 0 1 -0.68285233 0.73055655 6.7616952e-07 50.282776 -0.73055655 -0.68285233 6.5171307e-06 -3.8146973e-06 5.2228565e-06 3.9562578e-06 1 0 0 0 0 1 -0.68043303 0.73281044 6.1055266e-07 50.282745 -0.73281026 -0.68043321 6.4280748e-06 -3.8146973e-06 5.1259995e-06 3.926456e-06 1 7.6293945e-06 0 0 0 1 -0.66742361 0.7446788 6.4015927e-07 50.282745 -0.74467885 -0.66742355 6.4298192e-06 0 5.2154069e-06 3.8146982e-06 1.0000001 0 0 0 0 1 -0.6420458 0.76666671 7.3587375e-07 50.28273 -0.76666659 -0.64204586 6.4488368e-06 0 5.4165725e-06 3.5762791e-06 1 -7.6293945e-06 0 0 0 1 -0.57076031 0.82111681 7.5970752e-07 50.282745 -0.82111692 -0.57076025 6.5494241e-06 0 5.8114538e-06 3.114342e-06 1 -7.6293945e-06 0 0 0 1 -0.41539067 0.90964335 8.0226528e-07 50.282715 -0.90964311 -0.41539079 6.7431392e-06 0 6.467103e-06 2.0712614e-06 1 0 0 0 0 1 -0.1668555 0.98598176 9.1858522e-07 50.282761 -0.98598164 -0.16685551 6.8569934e-06 1.5258789e-05 6.9141397e-06 2.3841866e-07 1.0000001 1.5258789e-05 0 0 0 1 0.20780268 0.97817111 8.851689e-07 50.282753 -0.97817087 0.20780273 7.3783494e-06 0 7.0333467e-06 -2.3990876e-06 1 0 0 0 0 1 0.57783955 0.81615067 8.2141491e-07 50.282745 -0.81615078 0.57783949 7.556067e-06 0 5.6922436e-06 -5.0365925e-06 1 0 0 0 0 1 0.867037 0.49824432 5.1463348e-07 50.282738 -0.49824426 0.86703712 7.9536903e-06 0 3.5166745e-06 -7.1525574e-06 1 0 0 0 0 1 0.96969861 0.24430491 2.5144777e-07 50.282734 -0.24430488 0.96969873 8.073368e-06 0 1.7285347e-06 -7.8901649e-06 1 0 0 0 0 1 0.95811594 0.28638104 3.1898233e-07 50.282738 -0.28638101 0.95811605 8.1436256e-06 7.6293945e-06 2.0265581e-06 -7.8938901e-06 0.99999994 -3.0517578e-05 0 0 0 1 0.90084678 0.43413776 3.832634e-07 50.282753 -0.43413776 0.90084678 8.0032323e-06 1.5258789e-05 3.1292436e-06 -7.3760743e-06 1.0000001 3.0517578e-05 0 0 0 1 0.86702716 0.49826124 5.0379822e-07 50.282753 -0.49826118 0.86702722 7.9943702e-06 0 3.5464768e-06 -7.1823602e-06 1 3.0517578e-05 0 0 0 1 </float_array>
        <technique_common>
          <accessor count="35" offset="0" source="#B_L_Calf_matrix-output-array" stride="16">
            <param name="TRANSFORM" type="float4x4" />
          </accessor>
        </technique_common>
      </source>
      <source id="B_L_Calf_matrix-interpolation">
        <Name_array id="B_L_Calf_matrix-interpolation-array" count="35"> LINEAR LINEAR LINEAR LINEAR LINEAR LINEAR LINEAR LINEAR LINEAR LINEAR LINEAR LINEAR LINEAR LINEAR LINEAR LINEAR LINEAR LINEAR LINEAR LINEAR LINEAR LINEAR LINEAR LINEAR LINEAR LINEAR LINEAR LINEAR LINEAR LINEAR LINEAR LINEAR LINEAR LINEAR LINEAR </Name_array>
        <technique_common>
          <accessor source="#B_L_Calf_matrix-interpolation-array" count="35" stride="1">
            <param name="INTERPOLATION" type="name"></param>
          </accessor>
        </technique_common>
      </source>
      <source id="B_L_Clavicle_matrix-input" name="B_L_Clavicle_matrix-input">
        <float_array id="B_L_Clavicle_matrix-input-array" count="35"> 0 1 2 3 4 5 6 7 8 9 10 11 12 13 14 15 16 17 18 19 20 21 22 23 24 25 26 27 28 29 30 31 32 33 34 </float_array>
        <technique_common>
          <accessor count="35" offset="0" source="#B_L_Clavicle_matrix-input-array" stride="1">
            <param name="TIME" type="float" />
          </accessor>
        </technique_common>
      </source>
      <source id="B_L_Clavicle_matrix-output" name="B_L_Clavicle_matrix-output">
        <float_array id="B_L_Clavicle_matrix-output-array" count="560"> -0.01759064 -0.00078493351 0.99984509 17.736832 -0.17375679 -0.98478109 -0.0038300832 0.073141098 0.98463136 -0.17379723 0.017186584 5.0180163 0 0 0 1 -0.017639281 -0.00076802063 0.9998439 17.736832 -0.26060233 -0.96543133 -0.0053391447 0.073141098 0.96528518 -0.26065585 0.016829368 5.0180159 0 0 0 1 -0.017726546 -0.00073048432 0.99984264 17.736832 -0.39611149 -0.91816968 -0.0076935887 0.073143005 0.91803169 -0.39618513 0.015986621 5.0180168 0 0 0 1 -0.017830012 -0.00070080167 0.99984092 17.736862 -0.47435617 -0.88028634 -0.0090760896 0.073143005 0.88015234 -0.47444257 0.015363099 5.0180149 0 0 0 1 -0.017948033 -0.00069834292 0.99983859 17.736855 -0.4809956 -0.87667429 -0.0092466464 0.073135376 0.87653947 -0.4810839 0.015398679 5.0180168 0 0 0 1 -0.018081194 -0.00070358807 0.99983597 17.736847 -0.46791393 -0.88372737 -0.0090837004 0.073127747 0.88358945 -0.46800134 0.015649671 5.0180168 0 0 0 1 -0.018219119 -0.00071197707 0.999834 17.736851 -0.44206461 -0.89694071 -0.0086940695 0.073135376 0.89679849 -0.44214916 0.016026799 5.018013 0 0 0 1 -0.018353226 -0.00072664017 0.99983132 17.736843 -0.41045326 -0.91184467 -0.008197099 0.073150635 0.91169703 -0.41053438 0.016437054 5.0180206 0 0 0 1 -0.018472435 -0.00073504442 0.99982888 17.736862 -0.38049865 -0.92474931 -0.0077097993 0.073135376 0.92459708 -0.38057595 0.016802724 5.018013 0 0 0 1 -0.018569238 -0.00074237603 0.99982703 17.736855 -0.36003205 -0.93291092 -0.0073793512 0.073150635 0.93275547 -0.36010686 0.017056163 5.018013 0 0 0 1 -0.020768525 -0.00072945631 0.99978387 17.736839 -0.39981401 -0.91655201 -0.0089740446 0.073150635 0.91636109 -0.39991385 0.018743752 5.0180206 0 0 0 1 -0.022912391 -0.00071270717 0.99973756 17.736855 -0.44721171 -0.89436138 -0.010886956 0.073135376 0.894135 -0.44734317 0.02017314 5.018013 0 0 0 1 -0.018569347 -0.00074239087 0.99982685 17.736832 -0.36003155 -0.93291104 -0.007379394 0.073135376 0.93275511 -0.3601065 0.017056219 5.018013 0 0 0 1 0.0072126361 -0.0007734375 0.99997348 17.736847 0.21638398 -0.97630572 -0.0023158635 0.073158264 0.97628134 0.21639511 -0.006874321 5.0180197 0 0 0 1 0.030105717 -0.0005879997 0.99954635 17.736847 0.67394745 -0.73848844 -0.020733321 0.073135376 0.73816603 0.67426574 -0.021836514 5.0180154 0 0 0 1 0.033644088 -0.00054219342 0.9994334 17.736847 0.73067135 -0.68227261 -0.024966827 0.073143005 0.68190032 0.7310971 -0.022558324 5.0180182 0 0 0 1 0.036222871 -0.00050899398 0.99934316 17.736847 0.76798016 -0.63985437 -0.028162615 0.073143005 0.63944834 0.76849645 -0.022786487 5.0180159 0 0 0 1 0.037908189 -0.00048729777 0.99928075 17.736847 0.79000175 -0.6123569 -0.030267732 0.073127747 0.61193132 0.79058135 -0.02282845 5.0180178 0 0 0 1 0.038765509 -0.00047659903 0.99924791 17.736847 0.79972076 -0.59955442 -0.031310935 0.073135376 0.59911758 0.80033469 -0.022860996 5.0180187 0 0 0 1 0.038860325 -0.0004779101 0.99924403 17.736847 0.7991364 -0.60033137 -0.031365346 0.073150635 0.59989274 0.79975152 -0.022947179 5.0180168 0 0 0 1 0.038254268 -0.00048771506 0.99926782 17.736816 0.78950149 -0.6129896 -0.030523177 0.073150635 0.61255574 0.79009104 -0.023064492 5.0180149 0 0 0 1 0.037013039 -0.00050547731 0.99931431 17.736847 0.77159292 -0.63545984 -0.028900046 0.073135376 0.63503838 0.77213424 -0.02313029 5.0180159 0 0 0 1 0.035198804 -0.0005290808 0.99938035 17.736847 0.74596661 -0.66545105 -0.026625726 0.073135376 0.66505247 0.74644172 -0.023028376 5.0180149 0 0 0 1 0.032875296 -0.00055724377 0.99945939 17.736847 0.71317583 -0.70057911 -0.023849193 0.073127747 0.70021373 0.71357429 -0.02263427 5.0180149 0 0 0 1 0.030106453 -0.00058901298 0.99954581 17.736847 0.67394787 -0.73848844 -0.020734534 0.073120117 0.73816657 0.67426574 -0.021836385 5.018013 0 0 0 1 0.025178313 -0.00063636928 0.99968272 17.736847 0.60117316 -0.79896605 -0.015649971 0.073143005 0.79872215 0.60137677 -0.01973414 5.018013 0 0 0 1 0.017234681 -0.0007021277 0.99985087 17.736816 0.47290328 -0.88107067 -0.0087703131 0.073120117 0.8809458 0.47298402 -0.014853113 5.018013 0 0 0 1 0.0076243281 -0.00075800705 0.99997073 17.736832 0.30348933 -0.95282978 -0.0030362313 0.073150635 0.95280427 0.30350348 -0.0070345411 5.0180206 0 0 0 1 -0.0022933478 -0.00078980229 0.99999696 17.736847 0.11806888 -0.99300498 -0.00051351631 0.073127747 0.99300265 0.11806734 0.0023704765 5.0180206 0 0 0 1 -0.011152863 -0.00079106726 0.99993736 17.736862 -0.051319867 -0.99868143 -0.001362467 0.073135376 0.99861991 -0.051331863 0.011097429 5.0180054 0 0 0 1 -0.01759064 -0.00078457582 0.99984485 17.736847 -0.17375705 -0.98478103 -0.0038297321 0.073139191 0.98463142 -0.17379747 0.01718658 5.0180054 0 0 0 1 -0.020275595 -0.00077635795 0.99979413 17.736847 -0.22414988 -0.97454035 -0.0053024516 0.073135376 0.9743439 -0.22421122 0.019585252 5.0179749 0 0 0 1 -0.019977329 -0.00077745313 0.99980015 17.736847 -0.21857819 -0.97580594 -0.00512629 0.073143005 0.97561485 -0.21863692 0.019324124 5.0180054 0 0 0 1 -0.018485667 -0.00078166259 0.99982888 17.736832 -0.19061324 -0.98165584 -0.0042916532 0.073139191 0.98149133 -0.19065988 0.017997442 5.0180206 0 0 0 1 -0.01759064 -0.00078457582 0.99984485 17.736847 -0.17375705 -0.98478103 -0.0038297321 0.073139191 0.98463142 -0.17379747 0.01718658 5.0180054 0 0 0 1 </float_array>
        <technique_common>
          <accessor count="35" offset="0" source="#B_L_Clavicle_matrix-output-array" stride="16">
            <param name="TRANSFORM" type="float4x4" />
          </accessor>
        </technique_common>
      </source>
      <source id="B_L_Clavicle_matrix-interpolation">
        <Name_array id="B_L_Clavicle_matrix-interpolation-array" count="35"> LINEAR LINEAR LINEAR LINEAR LINEAR LINEAR LINEAR LINEAR LINEAR LINEAR LINEAR LINEAR LINEAR LINEAR LINEAR LINEAR LINEAR LINEAR LINEAR LINEAR LINEAR LINEAR LINEAR LINEAR LINEAR LINEAR LINEAR LINEAR LINEAR LINEAR LINEAR LINEAR LINEAR LINEAR LINEAR </Name_array>
        <technique_common>
          <accessor source="#B_L_Clavicle_matrix-interpolation-array" count="35" stride="1">
            <param name="INTERPOLATION" type="name"></param>
          </accessor>
        </technique_common>
      </source>
      <source id="B_L_Finger0_matrix-input" name="B_L_Finger0_matrix-input">
        <float_array id="B_L_Finger0_matrix-input-array" count="35"> 0 1 2 3 4 5 6 7 8 9 10 11 12 13 14 15 16 17 18 19 20 21 22 23 24 25 26 27 28 29 30 31 32 33 34 </float_array>
