<?xml version="1.0" encoding="UTF-8" standalone="no" ?>
<COLLADA xmlns="http://www.collada.org/2005/11/COLLADASchema" version="1.4.1">
  <asset>
    <contributor>
      <author>Assimp</author>
      <authoring_tool>FBX SDK/FBX Plugins version 2013.1</authoring_tool>
    </contributor>
    <created>2020-08-21T10:31:53</created>
    <modified>2020-08-21T10:31:53</modified>
    <unit name="meter" meter="1" />
    <up_axis>Y_UP</up_axis>
  </asset>
  <library_geometries>
  </library_geometries>
  <library_controllers>
  </library_controllers>
  <library_visual_scenes>
    <visual_scene id="RootNode" name="RootNode">
      <node id="Motion_aAssimpFbxa_Translation"  name="Motion_$AssimpFbx$_Translation" type="NODE">
        <matrix sid="matrix">1 0 0 9.92585e-07 0 1 0 0 0 0 1 -0.17328988 0 0 0 1</matrix>
        <node id="Motion_aAssimpFbxa_PreRotation"  name="Motion_$AssimpFbx$_PreRotation" type="NODE">
          <matrix sid="matrix">1 0 0 0 0 -4.3711388e-08 1 0 0 -1 -4.3711388e-08 0 0 0 0 1</matrix>
          <node id="Motion_aAssimpFbxa_Rotation"  name="Motion_$AssimpFbx$_Rotation" type="NODE">
            <matrix sid="matrix">1.3868001e-06 1 0 0 -1 1.3868001e-06 0 0 0 0 1 0 0 0 0 1</matrix>
            <node id="Motion_aAssimpFbxa_Scaling"  name="Motion_$AssimpFbx$_Scaling" type="NODE">
              <matrix sid="matrix">1 0 0 0 0 1 0 0 0 0 1 0 0 0 0 1</matrix>
              <node id="Motion"  name="Motion" type="NODE">
                <matrix sid="matrix">1 0 0 0 0 1 0 0 0 0 1 0 0 0 0 1</matrix>
                <node id="B_Pelvis"  name="B_Pelvis" type="NODE">
                  <matrix sid="matrix">-4.3711388e-08 0.60876256 0.79335248 0.17328635 0 -0.79335248 0.60876256 -2.785001 1 2.6609857e-08 3.4678539e-08 57.200001 0 0 0 1</matrix>
                  <node id="B_Spine"  name="B_Spine" type="NODE">
                    <matrix sid="matrix">0.99823147 0.047404021 -0.035873096 7.6763 -0.037805334 0.97190607 0.23231287 -1.6268332 0.045877844 -0.2305458 0.97197938 0.0023460388 0 0 0 1</matrix>
                    <node id="B_Spine1"  name="B_Spine1" type="NODE">
                      <matrix sid="matrix">0.99970514 -0.024198744 0.0019994171 12.747765 0.024175983 0.99965024 0.010716195 -0.014275551 -0.0022580363 -0.010664698 0.99994057 0.00015234947 0 0 0 1</matrix>
                      <node id="B_Spine2"  name="B_Spine2" type="NODE">
                        <matrix sid="matrix">0.9988209 -0.048403632 0.003731549 17.935455 0.048312042 0.99859816 0.021625685 -0.026443481 -0.0047730794 -0.021419907 0.9997592 0.00054764748 0 0 0 1</matrix>
                        <node id="B_L_Clavicle"  name="B_L_Clavicle" type="NODE">
                          <matrix sid="matrix">-0.017590681 -0.00078433752 0.99984497 17.736847 -0.17375694 -0.98478115 -0.0038295016 0.073139906 0.98463148 -0.17379735 0.017186686 5.0180149 0 0 0 1</matrix>
                          <node id="B_L_UpperArm"  name="B_L_UpperArm" type="NODE">
                            <matrix sid="matrix">0.676588 0.4022921 0.61675739 17.464661 -0.50647593 0.86222726 -0.0067963302 3.3378601e-06 -0.5345192 -0.30777445 0.78712392 0 0 0 0 1</matrix>
                            <node id="B_L_Forearm"  name="B_L_Forearm" type="NODE">
                              <matrix sid="matrix">-0.13640085 0.98478985 0.10762794 27.628185 -0.99065375 -0.13559341 -0.014819435 -7.6293945e-06 -3.8743036e-07 -0.10864341 0.99408078 -2.2888184e-05 0 0 0 1</matrix>
                              <node id="B_L_ForeArmTwist"  name="B_L_ForeArmTwist" type="NODE">
                                <matrix sid="matrix">1 6.2004197e-08 -2.9302123e-07 11.992645 -2.980231e-08 0.99408078 0.10864356 -1.335144e-05 2.9802311e-07 -0.10864356 0.99408078 2.2888184e-05 0 0 0 1</matrix>
                                <node id="B_L_Hand"  name="B_L_Hand" type="NODE">
                                  <matrix sid="matrix">0.96626514 -0.095601775 0.23914827 11.992649 -0.24727446 -0.084708415 0.96523565 0 -0.072020367 -0.99180883 -0.10549067 0 0 0 0 1</matrix>
                                  <node id="B_L_Finger0"  name="B_L_Finger0" type="NODE">
                                    <matrix sid="matrix">0.80900651 0.1324631 0.5726797 1.4603233 0.15583293 0.89108145 -0.42625087 1.9355469 -0.5667668 0.43408212 0.70024866 -2.4376526 0 0 0 1</matrix>
                                    <node id="B_L_Finger01"  name="B_L_Finger01" type="NODE">
                                      <matrix sid="matrix">0.80299318 -0.59598821 -1.2372283e-07 3.7140083 0.59598821 0.80299318 -8.3215319e-09 0 1.0430812e-07 -6.7055218e-08 1 -2.6702881e-05 0 0 0 1</matrix>
                                      <node id="B_L_Finger02"  name="B_L_Finger02" type="NODE">
                                        <matrix sid="matrix">0.55218458 -0.83372188 3.5091517e-08 5.5299349 0.83372188 0.55218458 1.2504555e-08 1.5258789e-05 -2.9802317e-08 2.2351744e-08 1 3.0517578e-05 0 0 0 1</matrix>
                                      </node>
                                    </node>
                                  </node>
                                  <node id="B_L_Finger1"  name="B_L_Finger1" type="NODE">
                                    <matrix sid="matrix">0.27254915 -0.95552641 0.11263334 11.62545 0.92804086 0.23019123 -0.29283464 3.1205444 0.25388402 0.18434018 0.94950598 -3.0983429 0 0 0 1</matrix>
                                    <node id="B_L_Finger11"  name="B_L_Finger11" type="NODE">
                                      <matrix sid="matrix">-0.25881925 -0.96592575 -5.5783786e-08 4.4568253 0.96592575 -0.25881925 9.3040491e-08 0 -1.0430813e-07 -2.9802326e-08 1 1.9073486e-05 0 0 0 1</matrix>
                                      <node id="B_L_Finger12"  name="B_L_Finger12" type="NODE">
                                        <matrix sid="matrix">0.57357568 -0.81915259 1.8552598e-07 3.3311539 0.81915259 0.57357568 -2.0267021e-07 -1.5258789e-05 5.9604638e-08 2.6822079e-07 1 -2.2888184e-05 0 0 0 1</matrix>
                                      </node>
                                    </node>
                                  </node>
                                  <node id="B_L_Finger2"  name="B_L_Finger2" type="NODE">
                                    <matrix sid="matrix">0.25808504 -0.9650346 0.045828767 11.814072 0.96096492 0.25152361 -0.1152484 2.4381027 0.099691682 0.073783726 0.99227893 0.83573151 0 0 0 1</matrix>
                                    <node id="B_L_Finger21"  name="B_L_Finger21" type="NODE">
                                      <matrix sid="matrix">-0.62068564 -0.78405952 4.9848484e-07 5.1996307 0.78405952 -0.62068564 9.0533717e-08 1.5258789e-05 2.3841854e-07 4.4703475e-07 1 1.1444092e-05 0 0 0 1</matrix>
                                      <node id="B_L_Finger22"  name="B_L_Finger22" type="NODE">
                                        <matrix sid="matrix">0.44828629 -0.89389002 -2.6480102e-08 5.1996231 0.89389002 0.44828629 1.4663993e-07 1.5258789e-05 -1.192093e-07 -8.9406967e-08 1 -3.8146973e-06 0 0 0 1</matrix>
                                      </node>
                                    </node>
                                  </node>
                                  <node id="B_L_Finger3"  name="B_L_Finger3" type="NODE">
                                    <matrix sid="matrix">0.13847056 -0.99036652 0.00029655514 11.814056 0.99036658 0.13847058 5.9375408e-05 1.9342499 -9.9867575e-05 0.00028547653 0.99999994 4.6002541 0 0 0 1</matrix>
                                    <node id="B_L_Finger31"  name="B_L_Finger31" type="NODE">
                                      <matrix sid="matrix">-0.058766745 -0.99827176 -1.0639787e-06 4.4568024 0.99827176 -0.058766745 -1.1970836e-06 1.5258789e-05 1.1324883e-06 -1.1324886e-06 1 7.6293945e-06 0 0 0 1</matrix>
                                      <node id="B_L_Finger32"  name="B_L_Finger32" type="NODE">
                                        <matrix sid="matrix">-0.058766745 -0.99827176 -2.0019943e-06 4.4567719 0.99827176 -0.058766745 -1.4911342e-06 -2.2888184e-05 1.3709064e-06 -2.0861635e-06 1 0 0 0 0 1</matrix>
                                      </node>
                                    </node>
                                  </node>
                                  <node id="B_L_Finger4"  name="B_L_Finger4" type="NODE">
                                    <matrix sid="matrix">0.14714408 -0.98122925 -0.1246506 11.857185 0.98368675 0.15835465 -0.08534684 4.0528946 0.10348383 -0.11005886 0.98852319 6.5145454 0 0 0 1</matrix>
                                    <node id="B_L_Finger41"  name="B_L_Finger41" type="NODE">
                                      <matrix sid="matrix">-0.18123157 -0.98344046 -2.1153917e-06 3.3276596 0.98344046 -0.18123157 -3.8141993e-06 1.5258789e-05 3.3676622e-06 -2.7716151e-06 1 1.1444092e-05 0 0 0 1</matrix>
                                      <node id="B_L_Finger42"  name="B_L_Finger42" type="NODE">
                                        <matrix sid="matrix">0.0019773988 -0.99999803 -2.2567885e-06 3.3276596 0.99999803 0.0019773988 -3.3930096e-06 -1.5258789e-05 3.3974654e-06 -2.2500747e-06 1 -1.9073486e-05 0 0 0 1</matrix>
                                      </node>
                                    </node>
                                  </node>
                                </node>
                              </node>
                            </node>
                          </node>
                        </node>
                        <node id="B_R_Clavicle"  name="B_R_Clavicle" type="NODE">
                          <matrix sid="matrix">-0.10452852 -0.00079763914 -0.9945215 17.736839 0.00023402943 -0.99999964 0.00077743514 0.074661016 -0.99452186 -0.00015148317 0.10452867 -5.0179634 0 0 0 1</matrix>
                          <node id="B_R_UpperArm"  name="B_R_UpperArm" type="NODE">
                            <matrix sid="matrix">0.65678817 0.18435109 -0.73119354 17.464643 -0.58112293 0.74166942 -0.33499628 1.335144e-05 0.48054695 0.64493495 0.59425038 7.6293945e-06 0 0 0 1</matrix>
                            <node id="B_R_Forearm"  name="B_R_Forearm" type="NODE">
                              <matrix sid="matrix">0.1257856 0.99193633 -0.015499697 27.628189 -0.99205744 0.12577026 -0.0019651277 -7.6293945e-06 1.1920935e-07 0.015623775 0.99987793 0 0 0 0 1</matrix>
                              <node id="B_R_ForeArmTwist"  name="B_R_ForeArmTwist" type="NODE">
                                <matrix sid="matrix">1 0 0 11.99263 0 0.99987793 -0.015623784 -1.1444092e-05 0 0.015623784 0.99987793 0 0 0 0 1</matrix>
                                <node id="B_R_Hand"  name="B_R_Hand" type="NODE">
                                  <matrix sid="matrix">0.86458033 -0.066815875 -0.49803263 11.992661 -0.49769527 0.022792324 -0.86705244 -3.8146973e-06 0.069284186 0.99750501 -0.013548149 -1.5258789e-05 0 0 0 1</matrix>
                                  <node id="B_R_Finger0"  name="B_R_Finger0" type="NODE">
                                    <matrix sid="matrix">0.80900657 0.13246368 -0.57267946 1.4603119 0.15583245 0.89108139 0.42625135 1.9355392 0.5667668 -0.43408221 0.7002486 2.4376602 0 0 0 1</matrix>
                                    <node id="B_R_Finger01"  name="B_R_Finger01" type="NODE">
                                      <matrix sid="matrix">0.80299306 -0.59598833 -3.3372964e-07 3.7140198 0.59598833 0.80299306 1.2101324e-08 -1.5258789e-05 2.6077035e-07 -2.0861627e-07 1 0 0 0 0 1</matrix>
                                      <node id="B_R_Finger02"  name="B_R_Finger02" type="NODE">
                                        <matrix sid="matrix">0.55218482 -0.83372176 2.0684058e-07 5.5299377 0.83372176 0.55218482 -6.5500998e-08 7.6293945e-06 -5.9604623e-08 2.0861614e-07 1 3.0517578e-05 0 0 0 1</matrix>
                                      </node>
                                    </node>
                                  </node>
                                  <node id="B_R_Finger1"  name="B_R_Finger1" type="NODE">
                                    <matrix sid="matrix">0.27254859 -0.95552653 -0.11263384 11.625458 0.92804098 0.23019052 0.29283488 3.1205521 -0.25388426 -0.18434055 0.94950587 3.098341 0 0 0 1</matrix>
                                    <node id="B_R_Finger11"  name="B_R_Finger11" type="NODE">
                                      <matrix sid="matrix">-0.25881937 -0.96592575 -1.3781978e-07 4.4568138 0.96592575 -0.25881937 -5.9586888e-08 -7.6293945e-06 2.1886081e-08 -1.4854592e-07 1 7.6293945e-06 0 0 0 1</matrix>
                                      <node id="B_R_Finger12"  name="B_R_Finger12" type="NODE">
                                        <matrix sid="matrix">0.57357591 -0.81915241 1.9745073e-07 3.3311386 0.81915241 0.57357591 2.7878258e-08 0 -1.3608953e-07 1.4575195e-07 1 -7.6293945e-06 0 0 0 1</matrix>
                                      </node>
                                    </node>
                                  </node>
                                  <node id="B_R_Finger2"  name="B_R_Finger2" type="NODE">
                                    <matrix sid="matrix">0.25808468 -0.96503472 -0.045829218 11.814049 0.9609651 0.25152323 0.11524827 2.4381104 -0.099691465 -0.073784098 0.99227899 -0.83572578 0 0 0 1</matrix>
                                    <node id="B_R_Finger21"  name="B_R_Finger21" type="NODE">
                                      <matrix sid="matrix">-0.62068546 -0.7840597 -7.4235942e-08 5.1995964 0.7840597 -0.62068546 4.5760849e-08 -7.6293945e-06 -8.1956401e-08 -2.9802317e-08 1 -3.0517578e-05 0 0 0 1</matrix>
                                      <node id="B_R_Finger22"  name="B_R_Finger22" type="NODE">
                                        <matrix sid="matrix">0.44828629 -0.89389002 -3.6580033e-08 5.1996117 0.89389002 0.44828629 6.0019957e-08 0 -3.725291e-08 -5.9604652e-08 1 2.6702881e-05 0 0 0 1</matrix>
                                      </node>
                                    </node>
                                  </node>
                                  <node id="B_R_Finger3"  name="B_R_Finger3" type="NODE">
                                    <matrix sid="matrix">0.13847044 -0.99036652 -0.00029824261 11.814056 0.99036658 0.13847046 -5.9500602e-05 1.9342651 0.0001002252 -0.00028713045 0.99999994 -4.600256 0 0 0 1</matrix>
                                    <node id="B_R_Finger31"  name="B_R_Finger31" type="NODE">
                                      <matrix sid="matrix">-0.058766745 -0.99827176 5.2541562e-09 4.4567871 0.99827176 -0.058766745 -8.9252453e-08 0 8.9406967e-08 0 1 -5.7220459e-06 0 0 0 1</matrix>
                                      <node id="B_R_Finger32"  name="B_R_Finger32" type="NODE">
                                        <matrix sid="matrix">-0.058766983 -0.9982717 6.6415043e-07 4.4568253 0.9982717 -0.058766983 -1.2509888e-07 7.6293945e-06 1.639128e-07 6.5565092e-07 1 -9.5367432e-06 0 0 0 1</matrix>
                                      </node>
                                    </node>
                                  </node>
                                  <node id="B_R_Finger4"  name="B_R_Finger4" type="NODE">
                                    <matrix sid="matrix">0.14714384 -0.98122966 0.12464783 11.857231 0.98368686 0.15835415 0.085347071 4.0529099 -0.10348358 0.11005614 0.98852354 -6.5145702 0 0 0 1</matrix>
                                    <node id="B_R_Finger41"  name="B_R_Finger41" type="NODE">
                                      <matrix sid="matrix">-0.18123135 -0.98344052 2.3133207e-07 3.3276711 0.98344052 -0.18123135 8.0023415e-07 2.2888184e-05 -7.45058e-07 3.725288e-07 1 3.4332275e-05 0 0 0 1</matrix>
                                      <node id="B_R_Finger42"  name="B_R_Finger42" type="NODE">
                                        <matrix sid="matrix">0.0019766835 -0.99999803 2.8438797e-07 3.3276978 0.99999803 0.0019766835 6.4018923e-07 3.8146973e-05 -6.407501e-07 2.8312198e-07 1 -7.6293945e-06 0 0 0 1</matrix>
                                      </node>
                                    </node>
                                  </node>
                                </node>
                              </node>
                            </node>
                          </node>
                        </node>
                        <node id="B_Neck"  name="B_Neck" type="NODE">
                          <matrix sid="matrix">0.9745459 -0.20556876 -0.089452833 27.039757 0.20928568 0.97725385 0.034271099 1.1282318 0.080373049 -0.052119952 0.99540126 0.00061249733 0 0 0 1</matrix>
                          <node id="B_Head"  name="B_Head" type="NODE">
                            <matrix sid="matrix">0.98408651 0.1735899 -0.037950322 10.019302 -0.16961539 0.85404325 -0.49177298 1.4083138 -0.052955605 0.49038413 0.86989599 0 0 0 0 1</matrix>
                          </node>
                        </node>
                      </node>
                    </node>
                  </node>
                  <node id="B_L_Thigh"  name="B_L_Thigh" type="NODE">
                    <matrix sid="matrix">-0.22772439 0.77479303 -0.58977729 0 0.71230304 0.54552257 0.44162136 1.6450882e-05 0.66390204 -0.31953225 -0.67611629 11.161453 0 0 0 1</matrix>
                    <node id="B_L_Calf"  name="B_L_Calf" type="NODE">
                      <matrix sid="matrix">-0.34017897 0.94036072 9.3588108e-07 50.282753 -0.94036072 -0.34017897 6.7922388e-06 -3.8146973e-06 6.7055216e-06 1.4305111e-06 1 1.1444092e-05 0 0 0 1</matrix>
                      <node id="B_L_Foot"  name="B_L_Foot" type="NODE">
                        <matrix sid="matrix">0.65112013 -0.64614254 -0.39817378 39.728123 0.47771373 0.75656587 -0.4465397 0 0.589773 0.1005379 0.8012864 -3.8146973e-06 0 0 0 1</matrix>
                        <node id="B_L_Toe0"  name="B_L_Toe0" type="NODE">
                          <matrix sid="matrix">-4.3711388e-08 -1 -5.6529242e-08 18.214443 1 -4.3711388e-08 -2.4709717e-15 14.545952 0 -5.6529242e-08 1 0.020652771 0 0 0 1</matrix>
                        </node>
                      </node>
                    </node>
                  </node>
                  <node id="B_R_Thigh"  name="B_R_Thigh" type="NODE">
                    <matrix sid="matrix">-0.57820636 0.34574115 0.73901314 0 0.47583535 0.87867868 -0.038787395 -1.3113022e-05 -0.6627655 0.32922149 -0.67257351 -11.161449 0 0 0 1</matrix>
                    <node id="B_R_Calf"  name="B_R_Calf" type="NODE">
                      <matrix sid="matrix">-0.39429322 0.91898471 -1.4769194e-07 50.282745 -0.91898471 -0.39429322 -4.7281083e-06 7.6293945e-06 -4.4032927e-06 -1.7285342e-06 1 -7.6293945e-06 0 0 0 1</matrix>
                      <node id="B_R_Foot"  name="B_R_Foot" type="NODE">
                        <matrix sid="matrix">0.61651123 -0.74784827 0.24624544 39.728127 0.52960843 0.62531829 0.57314217 1.9073486e-06 -0.58260518 -0.22293492 0.78158253 1.5258789e-05 0 0 0 1</matrix>
                        <node id="B_R_Toe0"  name="B_R_Toe0" type="NODE">
                          <matrix sid="matrix">-0.51018912 -0.83949643 0.18695652 18.21452 0.85674173 -0.51514965 0.024786495 14.54595 0.075502425 0.17281927 0.98205543 -0.020652771 0 0 0 1</matrix>
                        </node>
                      </node>
                    </node>
                  </node>
                </node>
              </node>
            </node>
          </node>
        </node>
      </node>
      <node id="Exporter_aAssimpFbxa_PreRotation"  name="Exporter_$AssimpFbx$_PreRotation" type="NODE">
        <matrix sid="matrix">1 0 0 0 0 -4.3711388e-08 1 0 0 -1 -4.3711388e-08 0 0 0 0 1</matrix>
        <node id="Exporter"  name="Exporter" type="NODE">
          <matrix sid="matrix">1 0 0 0 0 1 0 0 0 0 1 0 0 0 0 1</matrix>
        </node>
      </node>
    </visual_scene>
  </library_visual_scenes>
  <library_animations>
    <animation id="TakeW001AnimId0" name="Take 001">
      <source id="B_Head_matrix-input" name="B_Head_matrix-input">
        <float_array id="B_Head_matrix-input-array" count="15"> 0 1 2 3 4 5 6 7 8 9 10 11 12 13 14 </float_array>
        <technique_common>
          <accessor count="15" offset="0" source="#B_Head_matrix-input-array" stride="1">
            <param name="TIME" type="float" />
          </accessor>
        </technique_common>
      </source>
      <source id="B_Head_matrix-output" name="B_Head_matrix-output">
        <float_array id="B_Head_matrix-output-array" count="240"> 0.98408651 0.17358987 -0.037950322 10.019302 -0.16961537 0.85404319 -0.49177313 1.4083138 -0.052955601 0.4903841 0.86989623 0 0 0 0 1 0.90971905 0.20715213 0.35986033 10.019318 0.34694535 0.096923664 -0.93286371 1.4083176 -0.22812369 0.97349578 0.016302822 -3.8146973e-06 0 0 0 1 0.67464072 0.25602382 0.69232368 10.01931 -0.24724331 0.96212119 -0.11486734 1.4083138 -0.69550765 -0.093678236 0.71238607 0 0 0 0 1 0.71750492 -0.2395014 0.65408385 10.019306 -0.18054609 0.84299064 0.50672436 1.4083176 -0.67274779 -0.48166946 0.56160903 0 0 0 0 1 0.73177397 -0.20608211 0.6496439 10.019314 -0.14863701 0.881989 0.44721591 1.4083099 -0.665142 -0.4238219 0.61478549 0 0 0 0 1 0.74754244 -0.089750633 0.65812224 10.019312 -0.17241772 0.93064404 0.32276002 1.4083176 -0.6414451 -0.35474882 0.6802215 -7.6293945e-06 0 0 0 1 0.76237911 0.062412918 0.64411378 10.019306 -0.21616338 0.96272814 0.16256732 1.4083176 -0.60995996 -0.26317182 0.74745524 7.6293945e-06 0 0 0 1 0.7796911 0.20092724 0.59305137 10.01931 -0.24877621 0.96856034 -0.0010817125 1.4083061 -0.57462329 -0.14669366 0.80516392 0 0 0 0 1 0.80775934 0.28871086 0.51397604 10.019314 -0.25945312 0.95699209 -0.12980855 1.4083176 -0.52934837 -0.028498601 0.8479259 7.6293945e-06 0 0 0 1 0.84923482 0.32340345 0.41738433 10.019302 -0.25153798 0.94280839 -0.21872543 1.4083138 -0.46424949 0.080761224 0.88201517 0 0 0 0 1 0.89641964 0.31942368 0.30724576 10.01931 -0.22989707 0.92780012 -0.2938267 1.4083138 -0.3789179 0.19275719 0.90513283 7.6293945e-06 0 0 0 1 0.93908733 0.28666663 0.18957043 10.019318 -0.20493156 0.90987849 -0.36072704 1.4083099 -0.27589437 0.29990521 0.91320276 -7.6293945e-06 0 0 0 1 0.96921009 0.23574348 0.071108133 10.019325 -0.18439318 0.88625926 -0.42490405 1.4083099 -0.16318855 0.39870939 0.9024415 0 0 0 0 1 0.98408639 0.17358989 -0.037950341 10.019302 -0.16961537 0.85404319 -0.49177322 1.4083138 -0.052955613 0.49038431 0.86989605 0 0 0 0 1 0.98408639 0.17358989 -0.037950341 10.019302 -0.16961537 0.85404319 -0.49177322 1.4083138 -0.052955613 0.49038431 0.86989605 0 0 0 0 1 </float_array>
        <technique_common>
          <accessor count="15" offset="0" source="#B_Head_matrix-output-array" stride="16">
            <param name="TRANSFORM" type="float4x4" />
          </accessor>
        </technique_common>
      </source>
      <source id="B_Head_matrix-interpolation">
        <Name_array id="B_Head_matrix-interpolation-array" count="15"> LINEAR LINEAR LINEAR LINEAR LINEAR LINEAR LINEAR LINEAR LINEAR LINEAR LINEAR LINEAR LINEAR LINEAR LINEAR </Name_array>
        <technique_common>
          <accessor source="#B_Head_matrix-interpolation-array" count="15" stride="1">
            <param name="INTERPOLATION" type="name"></param>
          </accessor>
        </technique_common>
      </source>
      <source id="B_L_Calf_matrix-input" name="B_L_Calf_matrix-input">
        <float_array id="B_L_Calf_matrix-input-array" count="15"> 0 1 2 3 4 5 6 7 8 9 10 11 12 13 14 </float_array>
        <technique_common>
          <accessor count="15" offset="0" source="#B_L_Calf_matrix-input-array" stride="1">
            <param name="TIME" type="float" />
          </accessor>
        </technique_common>
      </source>
      <source id="B_L_Calf_matrix-output" name="B_L_Calf_matrix-output">
        <float_array id="B_L_Calf_matrix-output-array" count="240"> -0.340179 0.94036096 9.3588096e-07 50.282753 -0.94036084 -0.34017906 6.7922388e-06 -3.8146973e-06 6.7055225e-06 1.4305114e-06 1 1.1444092e-05 0 0 0 1 -0.53182828 0.84685248 8.8765523e-07 50.282753 -0.84685248 -0.53182828 6.5689005e-06 0 6.0349698e-06 2.7418139e-06 1 1.9073486e-06 0 0 0 1 -0.5930506 0.80516553 7.0215896e-07 50.282753 -0.80516553 -0.5930506 6.5062086e-06 0 5.6549911e-06 3.2931569e-06 0.99999994 7.6293945e-06 0 0 0 1 -0.58235019 0.81293827 8.6768364e-07 50.282742 -0.81293821 -0.58235025 6.4735773e-06 -7.6293945e-06 5.7679144e-06 3.0645162e-06 1 1.9073486e-06 0 0 0 1 -0.60614693 0.795353 8.753135e-07 50.282768 -0.795353 -0.60614693 6.5061859e-06 0 5.7052825e-06 3.2475207e-06 1.0000001 3.8146973e-06 0 0 0 1 -0.66392601 0.74779892 6.5135373e-07 50.282757 -0.74779892 -0.66392601 6.3698926e-06 3.8146973e-06 5.1958486e-06 3.7420548e-06 1 6.6757202e-06 0 0 0 1 -0.72551894 0.68820274 6.0355893e-07 50.282753 -0.68820274 -0.72551894 6.3438702e-06 0 4.8037618e-06 4.1872258e-06 1.0000001 7.6293945e-06 0 0 0 1 -0.76821303 0.64019465 7.0393025e-07 50.282742 -0.64019454 -0.76821309 6.4348719e-06 0 4.6603382e-06 4.4927006e-06 1 4.7683716e-06 0 0 0 1 -0.77553505 0.63130522 6.5631275e-07 50.282745 -0.63130522 -0.77553505 6.2984677e-06 -3.8146973e-06 4.4852491e-06 4.4703488e-06 1 3.8146973e-06 0 0 0 1 -0.70441586 0.70978761 5.5538197e-07 50.282753 -0.70978761 -0.70441586 6.3557909e-06 -3.8146973e-06 4.9024825e-06 4.0829177e-06 0.99999988 6.6757202e-06 0 0 0 1 -0.54046673 0.84136575 7.8873563e-07 50.282753 -0.84136558 -0.54046685 6.6041816e-06 0 5.9828162e-06 2.9057262e-06 1 2.8610229e-06 0 0 0 1 -0.66940278 0.74289995 6.4811633e-07 50.282753 -0.74289989 -0.66940284 6.4012388e-06 7.6293945e-06 5.1893298e-06 3.8035218e-06 1.0000002 6.1988831e-06 0 0 0 1 -0.71805286 0.6959886 6.6182656e-07 50.282749 -0.69598854 -0.71805292 6.4520973e-06 0 4.965812e-06 4.1723238e-06 1 9.5367432e-07 0 0 0 1 -0.34017837 0.94036114 9.5376345e-07 50.282753 -0.9403609 -0.34017846 6.7540755e-06 -3.8146973e-06 6.6757184e-06 1.400709e-06 1 7.6293945e-06 0 0 0 1 -0.34017837 0.94036114 9.5376345e-07 50.282753 -0.9403609 -0.34017846 6.7540755e-06 -3.8146973e-06 6.6757184e-06 1.400709e-06 1 7.6293945e-06 0 0 0 1 </float_array>
        <technique_common>
          <accessor count="15" offset="0" source="#B_L_Calf_matrix-output-array" stride="16">
            <param name="TRANSFORM" type="float4x4" />
          </accessor>
        </technique_common>
      </source>
      <source id="B_L_Calf_matrix-interpolation">
        <Name_array id="B_L_Calf_matrix-interpolation-array" count="15"> LINEAR LINEAR LINEAR LINEAR LINEAR LINEAR LINEAR LINEAR LINEAR LINEAR LINEAR LINEAR LINEAR LINEAR LINEAR </Name_array>
        <technique_common>
          <accessor source="#B_L_Calf_matrix-interpolation-array" count="15" stride="1">
            <param name="INTERPOLATION" type="name"></param>
          </accessor>
        </technique_common>
      </source>
      <source id="B_L_Clavicle_matrix-input" name="B_L_Clavicle_matrix-input">
        <float_array id="B_L_Clavicle_matrix-input-array" count="15"> 0 1 2 3 4 5 6 7 8 9 10 11 12 13 14 </float_array>
        <technique_common>
          <accessor count="15" offset="0" source="#B_L_Clavicle_matrix-input-array" stride="1">
            <param name="TIME" type="float" />
          </accessor>
        </technique_common>
      </source>
      <source id="B_L_Clavicle_matrix-output" name="B_L_Clavicle_matrix-output">
        <float_array id="B_L_Clavicle_matrix-output-array" count="240"> -0.017590642 -0.00078435231 0.99984497 17.736847 -0.17375694 -0.98478115 -0.0038294939 0.073139906 0.98463154 -0.17379735 0.017186521 5.0180149 0 0 0 1 0.06355077 -0.00079341407 0.99797833 17.736839 -0.061041459 -0.99813038 0.0030935593 0.073144913 0.99611008 -0.061114639 -0.063480496 5.0180168 0 0 0 1 0.26239061 -0.0005617736 0.96496135 17.736855 0.68413407 -0.70512474 -0.18643898 0.073131561 0.68052328 0.70908272 -0.18463379 5.018013 0 0 0 1 0.40745443 -0.00012812017 0.91322541 17.736856 0.90130544 -0.16098832 -0.40215847 0.073135376 0.14707015 0.98695624 -0.065479986 5.018013 0 0 0 1 0.44315994 -0.00015169379 0.89644283 17.736847 0.87994611 -0.19088647 -0.43503726 0.073143005 0.17118472 0.98161203 -0.084459804 5.0180168 0 0 0 1 0.45920688 -0.00029331452 0.88832891 17.736849 0.82590014 -0.36811873 -0.42705667 0.073150635 0.32713571 0.92977905 -0.16880028 5.018013 0 0 0 1 0.45759696 -0.00047755204 0.88915938 17.736851 0.7109248 -0.60040689 -0.36619249 0.073135376 0.53403294 0.79969358 -0.27440506 5.018013 0 0 0 1 0.43982705 -0.00063350791 0.89808214 17.736851 0.54335374 -0.79602587 -0.26666349 0.073143005 0.71506608 0.60526198 -0.34976926 5.018013 0 0 0 1 0.40704355 -0.00072133535 0.9134087 17.736855 0.3856315 -0.90637153 -0.17256555 0.073139191 0.82801145 0.42248088 -0.36865497 5.0180206 0 0 0 1 0.35205609 -0.00076477241 0.93597829 17.736855 0.26813775 -0.95800424 -0.10163904 0.073139191 0.89674991 0.28675368 -0.33706564 5.018013 0 0 0 1 0.27240649 -0.00078426313 0.96218145 17.736855 0.1585574 -0.986292 -0.045693606 0.073141098 0.94902802 0.16500834 -0.26854786 5.0180168 0 0 0 1 0.17712595 -0.00079436973 0.98418754 17.736855 0.051292133 -0.99863338 -0.010037158 0.073139191 0.98285085 0.052258931 -0.17684311 5.0180168 0 0 0 1 0.076673031 -0.00079614465 0.99705565 17.736855 -0.058160886 -0.99830031 0.0036754017 0.073140144 0.99535859 -0.058271445 -0.076589078 5.0180168 0 0 0 1 -0.01759064 -0.0007849558 0.99984497 17.736847 -0.17375679 -0.98478109 -0.0038300899 0.073140383 0.98463148 -0.17379721 0.017186461 5.0180149 0 0 0 1 -0.01759064 -0.0007849558 0.99984497 17.736847 -0.17375679 -0.98478109 -0.0038300899 0.073140383 0.98463148 -0.17379721 0.017186461 5.0180149 0 0 0 1 </float_array>
        <technique_common>
          <accessor count="15" offset="0" source="#B_L_Clavicle_matrix-output-array" stride="16">
            <param name="TRANSFORM" type="float4x4" />
          </accessor>
        </technique_common>
      </source>
      <source id="B_L_Clavicle_matrix-interpolation">
        <Name_array id="B_L_Clavicle_matrix-interpolation-array" count="15"> LINEAR LINEAR LINEAR LINEAR LINEAR LINEAR LINEAR LINEAR LINEAR LINEAR LINEAR LINEAR LINEAR LINEAR LINEAR </Name_array>
        <technique_common>
          <accessor source="#B_L_Clavicle_matrix-interpolation-array" count="15" stride="1">
            <param name="INTERPOLATION" type="name"></param>
          </accessor>
        </technique_common>
      </source>
      <source id="B_L_Finger0_matrix-input" name="B_L_Finger0_matrix-input">
        <float_array id="B_L_Finger0_matrix-input-array" count="15"> 0 1 2 3 4 5 6 7 8 9 10 11 12 13 14 </float_array>
        <technique_common>
          <accessor count="15" offset="0" source="#B_L_Finger0_matrix-input-array" stride="1">
            <param name="TIME" type="float" />
          </accessor>
        </technique_common>
      </source>
      <source id="B_L_Finger0_matrix-output" name="B_L_Finger0_matrix-output">
        <float_array id="B_L_Finger0_matrix-output-array" count="240"> 0.80900598 0.13246308 0.57268 1.4603233 0.15583278 0.89108163 -0.42625111 1.9355469 -0.56676644 0.43408212 0.70024902 -2.4376526 0 0 0 1 0.8090077 0.13246931 0.57267773 1.4603271 0.155829 0.89107972 -0.42625529 1.9355316 -0.56676871 0.43408316 0.70024651 -2.4376602 0 0 0 1 0.80900669 0.13246472 0.5726791 1.4603271 0.15583162 0.89108098 -0.42625195 1.9355392 -0.5667671 0.43408212 0.70024818 -2.4376564 0 0 0 1 0.80900699 0.13246143 0.57267982 1.4603329 0.15583366 0.89108181 -0.42624956 1.9355469 -0.56676644 0.43408135 0.70024949 -2.4376526 0 0 0 1 0.80900753 0.13246112 0.57267958 1.4603329 0.15583372 0.89108151 -0.42624903 1.9355469 -0.5667668 0.43408084 0.70024943 -2.4376564 0 0 0 1 0.80900633 0.13246548 0.57267928 1.4603271 0.15583169 0.89108115 -0.42625302 1.9355431 -0.5667671 0.43408325 0.7002477 -2.4376526 0 0 0 1 0.80900651 0.13246186 0.57268012 1.4603271 0.15583323 0.89108157 -0.42625001 1.9355469 -0.56676644 0.4340812 0.70024973 -2.4376602 0 0 0 1 0.80900627 0.13246068 0.57268047 1.4603271 0.15583435 0.89108241 -0.42624924 1.9355507 -0.56676614 0.43408164 0.70024973 -2.4376526 0 0 0 1 0.80900609 0.13246363 0.57268012 1.4603252 0.15583241 0.89108109 -0.42625159 1.9355469 -0.56676674 0.43408191 0.70024908 -2.4376602 0 0 0 1 0.80900663 0.13246624 0.57267869 1.4603271 0.15583113 0.89108098 -0.42625335 1.9355354 -0.56676733 0.43408331 0.70024729 -2.4376564 0 0 0 1 0.80900669 0.13246042 0.57267982 1.4603291 0.15583496 0.89108258 -0.426249 1.9355469 -0.56676614 0.43408233 0.70024872 -2.437645 0 0 0 1 0.80900693 0.13246199 0.57267904 1.460331 0.15583402 0.89108229 -0.42625028 1.9355392 -0.56676626 0.43408304 0.70024812 -2.4376526 0 0 0 1 0.80900592 0.13246572 0.57267964 1.4603195 0.15583114 0.89108068 -0.42625335 1.9355469 -0.56676698 0.43408263 0.70024848 -2.4376526 0 0 0 1 0.80900687 0.13246433 0.57267916 1.4603271 0.15583242 0.89108133 -0.42625201 1.9355469 -0.56676722 0.43408287 0.70024788 -2.4376602 0 0 0 1 0.80900687 0.13246433 0.57267916 1.4603271 0.15583242 0.89108133 -0.42625201 1.9355469 -0.56676722 0.43408287 0.70024788 -2.4376602 0 0 0 1 </float_array>
        <technique_common>
          <accessor count="15" offset="0" source="#B_L_Finger0_matrix-output-array" stride="16">
            <param name="TRANSFORM" type="float4x4" />
          </accessor>
        </technique_common>
      </source>
      <source id="B_L_Finger0_matrix-interpolation">
        <Name_array id="B_L_Finger0_matrix-interpolation-array" count="15"> LINEAR LINEAR LINEAR LINEAR LINEAR LINEAR LINEAR LINEAR LINEAR LINEAR LINEAR LINEAR LINEAR LINEAR LINEAR </Name_array>
        <technique_common>
          <accessor source="#B_L_Finger0_matrix-interpolation-array" count="15" stride="1">
            <param name="INTERPOLATION" type="name"></param>
          </accessor>
        </technique_common>
      </source>
      <source id="B_L_Finger01_matrix-input" name="B_L_Finger01_matrix-input">
        <float_array id="B_L_Finger01_matrix-input-array" count="15"> 0 1 2 3 4 5 6 7 8 9 10 11 12 13 14 </float_array>
        <technique_common>
          <accessor count="15" offset="0" source="#B_L_Finger01_matrix-input-array" stride="1">
            <param name="TIME" type="float" />
          </accessor>
        </technique_common>
      </source>
      <source id="B_L_Finger01_matrix-output" name="B_L_Finger01_matrix-output">
        <float_array id="B_L_Finger01_matrix-output-array" count="240"> 0.80299318 -0.59598821 -1.2372278e-07 3.7140083 0.59598821 0.80299318 -8.3215221e-09 0 1.0430811e-07 -6.7055211e-08 0.9999997 -2.6702881e-05 0 0 0 1 0.8029933 -0.59598827 8.8620681e-08 3.7140007 0.59598833 0.80299318 -8.4530525e-09 0 -6.612391e-08 5.9604645e-08 0.9999997 -2.0980835e-05 0 0 0 1 0.8029933 -0.59598827 5.9827632e-09 3.7140007 0.59598833 0.80299318 4.4404569e-09 1.5258789e-05 -7.4505806e-09 0 0.99999976 -2.6702881e-05 0 0 0 1 0.80299336 -0.59598804 -1.233845e-08 3.7140121 0.59598821 0.80299312 -8.3385771e-08 0 5.9604645e-08 5.9604641e-08 0.9999997 -1.9073486e-05 0 0 0 1 0.8029933 -0.59598821 2.3185198e-08 3.7140007 0.59598827 0.80299318 -1.3124786e-07 0 5.9604641e-08 1.1920928e-07 0.9999997 -2.2888184e-05 0 0 0 1 0.802993 -0.59598833 1.2338447e-08 3.7139969 0.59598833 0.80299294 8.3385785e-08 7.6293945e-06 -5.9604645e-08 -5.9604638e-08 0.99999982 -2.6702881e-05 0 0 0 1 0.80299348 -0.59598833 -1.4304302e-08 3.7140045 0.59598851 0.8029933 1.1928233e-07 -3.8146973e-06 -5.9604645e-08 -1.0430813e-07 0.99999976 -2.1934509e-05 0 0 0 1 0.80299312 -0.59598827 -6.833563e-08 3.7140026 0.59598821 0.80299318 4.2065807e-08 3.8146973e-06 2.9802321e-08 -7.4505813e-08 0.9999997 -2.2888184e-05 0 0 0 1 0.80299318 -0.59598815 -9.8435919e-08 3.7140045 0.59598827 0.802993 -1.7388892e-08 0 8.940696e-08 -4.4703484e-08 0.99999976 -2.2888184e-05 0 0 0 1 0.80299318 -0.59598833 -5.4031332e-08 3.7139969 0.59598827 0.8029933 -7.7216541e-08 0 8.9406967e-08 2.9802326e-08 0.99999976 -1.9073486e-05 0 0 0 1 0.80299336 -0.59598839 -8.9741405e-09 3.7140083 0.59598857 0.80299318 -6.660684e-09 -7.6293945e-06 1.1175871e-08 -2.2204463e-16 0.99999964 -2.6702881e-05 0 0 0 1 0.8029933 -0.59598827 -2.3744589e-08 3.7140083 0.59598827 0.8029933 1.9490596e-08 0 7.4505806e-09 -2.9802321e-08 0.99999976 -2.6702881e-05 0 0 0 1 0.80299294 -0.59598827 -3.5523662e-08 3.7140045 0.59598827 0.80299294 4.7862105e-08 0 0 -5.9604645e-08 0.99999964 -2.4795532e-05 0 0 0 1 0.80299318 -0.59598821 -1.2372278e-07 3.7140083 0.59598821 0.80299318 -8.3215221e-09 0 1.0430811e-07 -6.7055211e-08 0.9999997 -2.6702881e-05 0 0 0 1 0.80299318 -0.59598821 -1.2372278e-07 3.7140083 0.59598821 0.80299318 -8.3215221e-09 0 1.0430811e-07 -6.7055211e-08 0.9999997 -2.6702881e-05 0 0 0 1 </float_array>
        <technique_common>
          <accessor count="15" offset="0" source="#B_L_Finger01_matrix-output-array" stride="16">
            <param name="TRANSFORM" type="float4x4" />
          </accessor>
        </technique_common>
      </source>
      <source id="B_L_Finger01_matrix-interpolation">
        <Name_array id="B_L_Finger01_matrix-interpolation-array" count="15"> LINEAR LINEAR LINEAR LINEAR LINEAR LINEAR LINEAR LINEAR LINEAR LINEAR LINEAR LINEAR LINEAR LINEAR LINEAR </Name_array>
        <technique_common>
          <accessor source="#B_L_Finger01_matrix-interpolation-array" count="15" stride="1">
            <param name="INTERPOLATION" type="name"></param>
          </accessor>
        </technique_common>
      </source>
      <source id="B_L_Finger02_matrix-input" name="B_L_Finger02_matrix-input">
        <float_array id="B_L_Finger02_matrix-input-array" count="15"> 0 1 2 3 4 5 6 7 8 9 10 11 12 13 14 </float_array>
        <technique_common>
          <accessor count="15" offset="0" source="#B_L_Finger02_matrix-input-array" stride="1">
            <param name="TIME" type="float" />
          </accessor>
        </technique_common>
      </source>
      <source id="B_L_Finger02_matrix-output" name="B_L_Finger02_matrix-output">
