<?xml version="1.0" encoding="UTF-8" standalone="no" ?>
<COLLADA xmlns="http://www.collada.org/2005/11/COLLADASchema" version="1.4.1">
  <asset>
    <contributor>
      <author>Assimp</author>
      <authoring_tool>FBX SDK/FBX Plugins version 2013.1</authoring_tool>
    </contributor>
    <created>2020-08-21T10:31:32</created>
    <modified>2020-08-21T10:31:32</modified>
    <unit name="meter" meter="1" />
    <up_axis>Y_UP</up_axis>
  </asset>
  <library_geometries>
  </library_geometries>
  <library_controllers>
  </library_controllers>
  <library_visual_scenes>
    <visual_scene id="RootNode" name="RootNode">
      <node id="Motion_aAssimpFbxa_Translation"  name="Motion_$AssimpFbx$_Translation" type="NODE">
        <matrix sid="matrix">1 0 0 9.92585e-07 0 1 0 0 0 0 1 -0.17328988 0 0 0 1</matrix>
        <node id="Motion_aAssimpFbxa_PreRotation"  name="Motion_$AssimpFbx$_PreRotation" type="NODE">
          <matrix sid="matrix">1 0 0 0 0 -4.3711388e-08 1 0 0 -1 -4.3711388e-08 0 0 0 0 1</matrix>
          <node id="Motion_aAssimpFbxa_Rotation"  name="Motion_$AssimpFbx$_Rotation" type="NODE">
            <matrix sid="matrix">1.3868001e-06 1 0 0 -1 1.3868001e-06 0 0 0 0 1 0 0 0 0 1</matrix>
            <node id="Motion_aAssimpFbxa_Scaling"  name="Motion_$AssimpFbx$_Scaling" type="NODE">
              <matrix sid="matrix">1 0 0 0 0 1 0 0 0 0 1 0 0 0 0 1</matrix>
              <node id="Motion"  name="Motion" type="NODE">
                <matrix sid="matrix">1 0 0 0 0 1 0 0 0 0 1 0 0 0 0 1</matrix>
                <node id="B_Pelvis"  name="B_Pelvis" type="NODE">
                  <matrix sid="matrix">-4.3711388e-08 0.47715977 0.87881655 8.4299412 0 -0.87881655 0.47715977 2.6999884 1 2.0857316e-08 3.8414292e-08 27.564934 0 0 0 1</matrix>
                  <node id="B_Spine"  name="B_Spine" type="NODE">
                    <matrix sid="matrix">0.90887946 -0.41392836 -0.051004604 7.6809902 0.41435888 0.91011059 -0.0023194812 -1.6262097 0.047379933 -0.019026082 0.99869567 0.00019836426 0 0 0 1</matrix>
                    <node id="B_Spine1"  name="B_Spine1" type="NODE">
                      <matrix sid="matrix">0.88321298 -0.4689647 0.0026209578 12.754112 0.45751086 0.86038679 -0.22454029 -0.012290955 0.10304642 0.19951601 0.97446126 -0.0028505325 0 0 0 1</matrix>
                      <node id="B_Spine2"  name="B_Spine2" type="NODE">
                        <matrix sid="matrix">0.87208748 -0.48924929 0.0099289194 17.947121 0.4798077 0.85091835 -0.21382838 -0.022529602 0.096166685 0.19124103 0.97682083 -0.0050849915 0 0 0 1</matrix>
                        <node id="B_L_Clavicle"  name="B_L_Clavicle" type="NODE">
                          <matrix sid="matrix">-0.01759062 -0.00078351796 0.99984497 17.736855 -0.17375694 -0.98478109 -0.0038286746 0.073139191 0.98463148 -0.17379735 0.017186768 5.0180149 0 0 0 1</matrix>
                          <node id="B_L_UpperArm"  name="B_L_UpperArm" type="NODE">
                            <matrix sid="matrix">0.85696328 0.51537699 -0.00075930357 17.464664 -0.39300519 0.65443641 0.64595664 -3.8146973e-06 0.33340806 -0.55326265 0.76337379 0 0 0 0 1</matrix>
                            <node id="B_L_Forearm"  name="B_L_Forearm" type="NODE">
                              <matrix sid="matrix">0.55757779 0.82652193 0.077255882 27.628178 -0.83012468 0.5551579 0.05189091 7.6293945e-06 -2.3841861e-07 -0.093065232 0.99566001 -2.2888184e-05 0 0 0 1</matrix>
                              <node id="B_L_ForeArmTwist"  name="B_L_ForeArmTwist" type="NODE">
                                <matrix sid="matrix">1 1.3159099e-07 -2.870222e-07 11.992638 -1.0430807e-07 0.99566001 0.093065314 -1.5258789e-05 2.9802308e-07 -0.093065314 0.99566001 1.5258789e-05 0 0 0 1</matrix>
                                <node id="B_L_Hand"  name="B_L_Hand" type="NODE">
                                  <matrix sid="matrix">0.96226168 -0.26206893 0.073295921 11.992653 -0.094868459 -0.070617914 0.99298191 0 -0.2550537 -0.96246189 -0.092814989 0 0 0 0 1</matrix>
                                  <node id="B_L_Finger0"  name="B_L_Finger0" type="NODE">
                                    <matrix sid="matrix">0.80900657 0.13246366 0.57267946 1.4603271 0.15583254 0.89108133 -0.42625141 1.9355469 -0.5667668 0.4340823 0.70024854 -2.4376564 0 0 0 1</matrix>
                                    <node id="B_L_Finger01"  name="B_L_Finger01" type="NODE">
                                      <matrix sid="matrix">0.80299318 -0.59598821 -5.1718656e-09 3.7140064 0.59598821 0.80299318 3.1970654e-08 0 -1.490116e-08 -2.8754588e-08 1 -2.2888184e-05 0 0 0 1</matrix>
                                      <node id="B_L_Finger02"  name="B_L_Finger02" type="NODE">
                                        <matrix sid="matrix">0.55218476 -0.83372176 -9.0996913e-08 5.5299339 0.83372176 0.55218476 2.4522324e-08 1.1444092e-05 2.9802312e-08 -8.940696e-08 1 2.2888184e-05 0 0 0 1</matrix>
                                      </node>
                                    </node>
                                  </node>
                                  <node id="B_L_Finger1"  name="B_L_Finger1" type="NODE">
                                    <matrix sid="matrix">0.27254871 -0.95552647 0.11263388 11.625465 0.92804098 0.23019071 -0.29283455 3.1205368 0.2538839 0.18434055 0.94950593 -3.0983505 0 0 0 1</matrix>
                                    <node id="B_L_Finger11"  name="B_L_Finger11" type="NODE">
                                      <matrix sid="matrix">-0.25881925 -0.96592575 3.9323542e-08 4.4568253 0.96592575 -0.25881925 2.5963541e-08 0 -1.4901163e-08 4.4703487e-08 1 3.0517578e-05 0 0 0 1</matrix>
                                      <node id="B_L_Finger12"  name="B_L_Finger12" type="NODE">
                                        <matrix sid="matrix">0.57357568 -0.81915259 3.5765527e-07 3.3311501 0.81915259 0.57357568 -1.7766862e-07 -1.5258789e-05 -5.9604638e-08 3.9488063e-07 1 -3.0517578e-05 0 0 0 1</matrix>
                                      </node>
                                    </node>
                                  </node>
                                  <node id="B_L_Finger2"  name="B_L_Finger2" type="NODE">
                                    <matrix sid="matrix">0.25808457 -0.96503478 0.045829143 11.814083 0.9609651 0.25152308 -0.11524853 2.4381027 0.099691741 0.073784068 0.99227893 0.83572388 0 0 0 1</matrix>
                                    <node id="B_L_Finger21"  name="B_L_Finger21" type="NODE">
                                      <matrix sid="matrix">-0.62068564 -0.78405952 4.7901165e-07 5.1996307 0.78405952 -0.62068564 3.7107938e-08 2.2888184e-05 2.6822082e-07 3.9860601e-07 1 7.6293945e-06 0 0 0 1</matrix>
                                      <node id="B_L_Finger22"  name="B_L_Finger22" type="NODE">
                                        <matrix sid="matrix">0.44828629 -0.89389002 1.992005e-08 5.1996288 0.89389002 0.44828629 -5.9999962e-08 1.5258789e-05 4.470348e-08 4.4703494e-08 1 -3.8146973e-06 0 0 0 1</matrix>
                                      </node>
                                    </node>
                                  </node>
                                  <node id="B_L_Finger3"  name="B_L_Finger3" type="NODE">
                                    <matrix sid="matrix">0.13847044 -0.99036652 0.00029704184 11.814068 0.99036658 0.13847046 5.9360053e-05 1.9342346 -9.9919729e-05 0.0002859607 0.99999994 4.6002426 0 0 0 1</matrix>
                                    <node id="B_L_Finger31"  name="B_L_Finger31" type="NODE">
                                      <matrix sid="matrix">-0.058766745 -0.99827176 -8.9028447e-07 4.45681 0.99827176 -0.058766745 -1.2316394e-06 1.1444092e-05 1.1771916e-06 -9.6112524e-07 1 0 0 0 0 1</matrix>
                                      <node id="B_L_Finger32"  name="B_L_Finger32" type="NODE">
                                        <matrix sid="matrix">-0.058766626 -0.99827176 -1.8335485e-06 4.4567738 0.99827176 -0.058766626 -1.5633158e-06 -1.5258789e-05 1.4528625e-06 -1.9222505e-06 1 0 0 0 0 1</matrix>
                                      </node>
                                    </node>
                                  </node>
                                  <node id="B_L_Finger4"  name="B_L_Finger4" type="NODE">
                                    <matrix sid="matrix">0.14714384 -0.98122936 -0.12465002 11.857197 0.98368686 0.15835437 -0.085346907 4.0528946 0.10348377 -0.11005832 0.9885233 6.5145302 0 0 0 1</matrix>
                                    <node id="B_L_Finger41"  name="B_L_Finger41" type="NODE">
                                      <matrix sid="matrix">-0.18123157 -0.98344046 -2.1620558e-06 3.3276596 0.98344046 -0.18123157 -3.8076471e-06 3.8146973e-06 3.3527613e-06 -2.8163188e-06 1 1.9073486e-05 0 0 0 1</matrix>
                                      <node id="B_L_Finger42"  name="B_L_Finger42" type="NODE">
                                        <matrix sid="matrix">0.0019773988 -0.99999803 -2.3160987e-06 3.3276596 0.99999803 0.0019773988 -3.2438797e-06 -1.5258789e-05 3.2484534e-06 -2.3096798e-06 1 -1.9073486e-05 0 0 0 1</matrix>
                                      </node>
                                    </node>
                                  </node>
                                </node>
                              </node>
                            </node>
                          </node>
                        </node>
                        <node id="B_R_Clavicle"  name="B_R_Clavicle" type="NODE">
                          <matrix sid="matrix">-0.10452852 -0.00079609582 -0.9945215 17.736855 0.00023392974 -0.99999964 0.00077589392 0.074661255 -0.99452186 -0.00015154514 0.10452867 -5.0179634 0 0 0 1</matrix>
                          <node id="B_R_UpperArm"  name="B_R_UpperArm" type="NODE">
                            <matrix sid="matrix">0.82476157 -0.26097333 -0.5016585 17.464642 0.25892541 0.96296072 -0.075261004 3.8146973e-06 0.50271857 -0.067819759 0.86178565 7.6293945e-06 0 0 0 1</matrix>
                            <node id="B_R_Forearm"  name="B_R_Forearm" type="NODE">
                              <matrix sid="matrix">0.80765754 0.58838749 -0.038594127 27.628178 -0.58965188 0.80592573 -0.052862994 3.8146973e-06 7.4505841e-08 0.065452293 0.99785572 3.8146973e-06 0 0 0 1</matrix>
                              <node id="B_R_ForeArmTwist"  name="B_R_ForeArmTwist" type="NODE">
                                <matrix sid="matrix">1 -1.5161804e-07 -3.4854448e-08 11.992636 1.4901161e-07 0.99785566 -0.065452449 -7.6293945e-06 4.4703484e-08 0.065452449 0.99785566 -3.8146973e-06 0 0 0 1</matrix>
                                <node id="B_R_Hand"  name="B_R_Hand" type="NODE">
                                  <matrix sid="matrix">0.99811697 -0.032143176 0.052242853 11.992653 0.049997091 -0.067096442 -0.99649298 -3.8146973e-06 0.03553576 0.99722862 -0.065363042 -1.5258789e-05 0 0 0 1</matrix>
                                  <node id="B_R_Finger0"  name="B_R_Finger0" type="NODE">
                                    <matrix sid="matrix">0.80900663 0.13246384 -0.57267934 1.4603138 0.15583237 0.89108133 0.42625159 1.9355469 0.5667668 -0.4340823 0.70024854 2.4376602 0 0 0 1</matrix>
                                    <node id="B_R_Finger01"  name="B_R_Finger01" type="NODE">
                                      <matrix sid="matrix">0.80299306 -0.59598833 -1.4050171e-07 3.7140198 0.59598833 0.80299306 -8.5724558e-08 -9.5367432e-06 1.6391274e-07 -1.490116e-08 1 0 0 0 0 1</matrix>
                                      <node id="B_R_Finger02"  name="B_R_Finger02" type="NODE">
                                        <matrix sid="matrix">0.55218482 -0.83372176 1.4464239e-07 5.5299358 0.83372176 0.55218482 2.5032705e-09 7.6293945e-06 -8.1956365e-08 1.1920923e-07 1 1.9073486e-05 0 0 0 1</matrix>
                                      </node>
                                    </node>
                                  </node>
                                  <node id="B_R_Finger1"  name="B_R_Finger1" type="NODE">
                                    <matrix sid="matrix">0.27254859 -0.95552653 -0.11263385 11.625463 0.92804098 0.2301905 0.29283497 3.1205482 -0.25388432 -0.18434058 0.94950587 3.0983467 0 0 0 1</matrix>
                                    <node id="B_R_Finger11"  name="B_R_Finger11" type="NODE">
                                      <matrix sid="matrix">-0.25881925 -0.96592575 -1.3262238e-07 4.4568119 0.96592575 -0.25881925 -6.6389724e-08 0 2.9802321e-08 -1.4528631e-07 1 7.6293945e-06 0 0 0 1</matrix>
                                      <node id="B_R_Finger12"  name="B_R_Finger12" type="NODE">
                                        <matrix sid="matrix">0.57357585 -0.81915247 1.5138866e-07 3.3311386 0.81915247 0.57357585 1.1228809e-07 -7.6293945e-06 -1.7881393e-07 5.9604652e-08 1 -7.6293945e-06 0 0 0 1</matrix>
                                      </node>
                                    </node>
                                  </node>
                                  <node id="B_R_Finger2"  name="B_R_Finger2" type="NODE">
                                    <matrix sid="matrix">0.25808468 -0.96503472 -0.045829192 11.814053 0.96096504 0.25152323 0.11524843 2.4381218 -0.099691622 -0.073784105 0.99227893 -0.83572388 0 0 0 1</matrix>
                                    <node id="B_R_Finger21"  name="B_R_Finger21" type="NODE">
                                      <matrix sid="matrix">-0.62068564 -0.78405952 -1.3435903e-07 5.1995964 0.78405952 -0.62068564 -1.0636273e-07 -3.8146973e-06 0 -1.713633e-07 1 -3.4332275e-05 0 0 0 1</matrix>
                                      <node id="B_R_Finger22"  name="B_R_Finger22" type="NODE">
                                        <matrix sid="matrix">0.44828629 -0.89389002 -8.9939981e-08 5.1996059 0.89389002 0.44828629 2.0099916e-08 7.6293945e-06 2.2351749e-08 -8.9406974e-08 1 2.6702881e-05 0 0 0 1</matrix>
                                      </node>
                                    </node>
                                  </node>
                                  <node id="B_R_Finger3"  name="B_R_Finger3" type="NODE">
                                    <matrix sid="matrix">0.13847044 -0.99036652 -0.00029819005 11.814058 0.99036658 0.13847046 -5.944775e-05 1.934269 0.00010016558 -0.00028708568 0.99999994 -4.6002579 0 0 0 1</matrix>
                                    <node id="B_R_Finger31"  name="B_R_Finger31" type="NODE">
                                      <matrix sid="matrix">-0.058766864 -0.99827176 -4.3670729e-09 4.4567909 0.99827176 -0.058766864 -1.7938061e-07 -5.7220459e-06 1.7881393e-07 -1.4901159e-08 1 0 0 0 0 1</matrix>
                                      <node id="B_R_Finger32"  name="B_R_Finger32" type="NODE">
                                        <matrix sid="matrix">-0.058766864 -0.99827176 6.0640014e-07 4.4568272 0.99827176 -0.058766864 -1.5835258e-07 3.8146973e-06 1.9371512e-07 5.9604622e-07 1 -1.9073486e-05 0 0 0 1</matrix>
                                      </node>
                                    </node>
                                  </node>
                                  <node id="B_R_Finger4"  name="B_R_Finger4" type="NODE">
                                    <matrix sid="matrix">0.14714408 -0.9812296 0.12464784 11.857225 0.9836868 0.15835439 0.085347086 4.0529137 -0.10348362 0.11005612 0.98852354 -6.5145683 0 0 0 1</matrix>
                                    <node id="B_R_Finger41"  name="B_R_Finger41" type="NODE">
                                      <matrix sid="matrix">-0.18123123 -0.98344052 2.4598637e-07 3.3276787 0.98344052 -0.18123123 8.0293478e-07 2.6702881e-05 -7.4505812e-07 3.8742982e-07 1 3.0517578e-05 0 0 0 1</matrix>
                                      <node id="B_R_Finger42"  name="B_R_Finger42" type="NODE">
                                        <matrix sid="matrix">0.0019769219 -0.99999803 2.3975835e-07 3.3277035 0.99999803 0.0019769219 6.7753035e-07 3.0517578e-05 -6.78003e-07 2.3841845e-07 1 -3.8146973e-06 0 0 0 1</matrix>
                                      </node>
                                    </node>
                                  </node>
                                </node>
                              </node>
                            </node>
                          </node>
                        </node>
                        <node id="B_Neck"  name="B_Neck" type="NODE">
                          <matrix sid="matrix">0.90034938 -0.42587441 -0.089453518 27.041573 0.43011782 0.90212202 0.03427092 1.1288528 0.066102885 -0.069331355 0.9954012 0.00075340271 0 0 0 1</matrix>
                          <node id="B_Head"  name="B_Head" type="NODE">
                            <matrix sid="matrix">0.27865186 0.92725474 0.25010341 10.019314 -0.95835727 0.25152388 0.13522948 1.4083176 0.062485203 -0.27737036 0.95872897 -1.9073486e-06 0 0 0 1</matrix>
                          </node>
                        </node>
                      </node>
                    </node>
                  </node>
                  <node id="B_L_Thigh"  name="B_L_Thigh" type="NODE">
                    <matrix sid="matrix">-0.81717747 0.33981794 -0.46555847 1.9073486e-06 0.45930088 0.87190497 -0.16977766 1.6450882e-05 0.34822923 -0.35256994 -0.8685798 11.161452 0 0 0 1</matrix>
                    <node id="B_L_Calf"  name="B_L_Calf" type="NODE">
                      <matrix sid="matrix">-0.92216271 0.38680226 5.0572157e-07 50.282753 -0.38680226 -0.92216271 6.1909277e-06 3.3378601e-06 2.8610225e-06 5.5134283e-06 1 1.9073486e-06 0 0 0 1</matrix>
                      <node id="B_L_Foot"  name="B_L_Foot" type="NODE">
                        <matrix sid="matrix">-0.62212795 -0.74180746 0.25035667 39.728134 0.62945557 -0.66407341 -0.40347511 -1.9073486e-06 0.46555609 -0.09342473 0.88007343 -1.9073486e-06 0 0 0 1</matrix>
                        <node id="B_L_Toe0"  name="B_L_Toe0" type="NODE">
                          <matrix sid="matrix">-4.3711388e-08 -1 -5.6529242e-08 18.214443 1 -4.3711388e-08 -2.980239e-08 14.545954 2.9802386e-08 -5.6529242e-08 1 0.020650864 0 0 0 1</matrix>
                        </node>
                      </node>
                    </node>
                  </node>
                  <node id="B_R_Thigh"  name="B_R_Thigh" type="NODE">
                    <matrix sid="matrix">-0.033235405 0.90338528 0.42754003 0 0.50782168 0.38370627 -0.77128899 -1.4781952e-05 -0.86082089 0.19148 -0.47151124 -11.161449 0 0 0 1</matrix>
                    <node id="B_R_Calf"  name="B_R_Calf" type="NODE">
                      <matrix sid="matrix">-0.89815873 0.4396714 -9.194639e-08 50.282757 -0.4396714 -0.89815873 -4.5908846e-06 3.8146973e-06 -2.101063e-06 -4.0829168e-06 1 0 0 0 0 1</matrix>
                      <node id="B_R_Foot"  name="B_R_Foot" type="NODE">
                        <matrix sid="matrix">0.36734247 -0.9214896 -0.12616061 39.728134 0.82599741 0.26086491 0.49967772 -9.5367432e-07 -0.4275369 -0.28776115 0.85697478 0 0 0 0 1</matrix>
                        <node id="B_R_Toe0"  name="B_R_Toe0" type="NODE">
                          <matrix sid="matrix">-2.8212997e-07 -1 5.093865e-07 18.214439 1 -2.8213046e-07 -9.2387182e-07 14.545952 9.2387199e-07 5.0938621e-07 1 -0.020653725 0 0 0 1</matrix>
                        </node>
                      </node>
                    </node>
                  </node>
                </node>
              </node>
            </node>
          </node>
        </node>
      </node>
      <node id="Exporter_aAssimpFbxa_PreRotation"  name="Exporter_$AssimpFbx$_PreRotation" type="NODE">
        <matrix sid="matrix">1 0 0 0 0 -4.3711388e-08 1 0 0 -1 -4.3711388e-08 0 0 0 0 1</matrix>
        <node id="Exporter"  name="Exporter" type="NODE">
          <matrix sid="matrix">1 0 0 0 0 1 0 0 0 0 1 0 0 0 0 1</matrix>
        </node>
      </node>
    </visual_scene>
  </library_visual_scenes>
  <library_animations>
    <animation id="TakeW001AnimId0" name="Take 001">
      <source id="B_Head_matrix-input" name="B_Head_matrix-input">
        <float_array id="B_Head_matrix-input-array" count="33"> 0 1 2 3 4 5 6 7 8 9 10 11 12 13 14 15 16 17 18 19 20 21 22 23 24 25 26 27 28 29 30 31 32 </float_array>
        <technique_common>
          <accessor count="33" offset="0" source="#B_Head_matrix-input-array" stride="1">
            <param name="TIME" type="float" />
          </accessor>
        </technique_common>
      </source>
      <source id="B_Head_matrix-output" name="B_Head_matrix-output">
        <float_array id="B_Head_matrix-output-array" count="528"> 0.27865177 0.92725468 0.25010344 10.019314 -0.95835716 0.25152373 0.1352295 1.4083176 0.062485211 -0.27737036 0.95872897 -1.9073486e-06 0 0 0 1 0.10364961 0.94059598 0.32332033 10.01931 -0.98934644 0.064090371 0.13071328 1.4083214 0.10222667 -0.3334243 0.93721795 -2.8610229e-06 0 0 0 1 -0.10518407 0.92122066 0.37455192 10.019318 -0.98159045 -0.15655947 0.10940586 1.4083138 0.1594265 -0.35614878 0.9207288 3.8146973e-06 0 0 0 1 -0.037010789 0.95684111 0.28824538 10.019318 -0.98843491 -0.077499621 0.13034786 1.4083214 0.14706105 -0.28008744 0.94864339 -1.9073486e-06 0 0 0 1 0.99304152 0.051005822 0.10614724 10.019302 0.0072619924 0.87310326 -0.48748145 1.4083138 -0.11754187 0.48486009 0.86665726 0 0 0 0 1 0.99455404 0.034187272 0.098455653 10.019302 0.026508022 0.83062857 -0.55619532 1.4083099 -0.10079491 0.55577624 0.82519871 7.6293945e-06 0 0 0 1 0.97410899 0.1891633 -0.12381093 10.019333 -0.22530024 0.8576684 -0.46221709 1.4083023 0.01875422 0.47814438 0.87808096 -7.6293945e-06 0 0 0 1 0.95942712 0.027471822 -0.28061464 10.01931 -0.035365969 0.99910718 -0.023105644 1.4082947 0.27972934 0.032092392 0.95954239 -7.6293945e-06 0 0 0 1 0.96613711 0.0087853959 -0.25787976 10.019325 0.0020228329 0.99913174 0.041616689 1.4082947 0.25802141 -0.040729072 0.96528041 1.5258789e-05 0 0 0 1 0.96850818 0.005659325 -0.24891715 10.019318 0.0095377555 0.99816453 0.059804387 1.4083252 0.24879867 -0.06029515 0.96667677 1.5258789e-05 0 0 0 1 0.96572214 0.014489177 -0.2591725 10.019318 -0.0047590327 0.99926132 0.038131237 1.4083252 0.25953358 -0.035590779 0.96507782 0 0 0 0 1 0.95942724 0.027471786 -0.28061464 10.019287 -0.035365935 0.99910724 -0.023105649 1.4083252 0.2797294 0.032092389 0.95954221 0 0 0 0 1 0.96208304 0.057540134 -0.2666184 10.019287 -0.13300328 0.95237273 -0.27440178 1.4083099 0.23813094 0.29945841 0.92391479 0 0 0 0 1 0.9859069 0.13624491 -0.097083375 10.019287 -0.16636826 0.85948765 -0.48332474 1.4083176 0.017591408 0.49266472 0.87004149 -1.5258789e-05 0 0 0 1 0.98340452 0.16812728 -0.068183184 10.019318 -0.17943612 0.84579343 -0.50243026 1.4083023 -0.026803348 0.50632662 0.86192513 1.5258789e-05 0 0 0 1 0.97885108 0.17527626 -0.10549212 10.019287 -0.2044974 0.85243034 -0.48118907 1.4083252 0.0055836583 0.4925853 0.87024605 3.0517578e-05 0 0 0 1 0.97410882 0.18916324 -0.12381104 10.019302 -0.22530018 0.85766858 -0.46221703 1.4082947 0.018754376 0.4781445 0.87808079 -3.0517578e-05 0 0 0 1 0.97022676 0.22184028 -0.097194865 10.019333 -0.24134181 0.85181606 -0.46493387 1.4083405 -0.020348905 0.47454837 0.87999427 0 0 0 0 1 0.96319419 0.26292211 -0.055938713 10.019302 -0.25768042 0.84385914 -0.47064087 1.4083252 -0.076537482 0.46773282 0.88054997 3.0517578e-05 0 0 0 1 0.95189738 0.30629602 -0.0085927984 10.019287 -0.27302921 0.83511502 -0.47753283 1.4083099 -0.13909045 0.45690829 0.87857181 -3.0517578e-05 0 0 0 1 0.93748176 0.34617811 0.035893783 10.019287 -0.28660679 0.82641065 -0.48466685 1.4083138 -0.19744404 0.44407901 0.87396204 0 0 0 0 1 0.92349404 0.37747008 0.068373904 10.019287 -0.29791427 0.81799096 -0.49207497 1.4083138 -0.24167281 0.43405876 0.8678636 -3.0517578e-05 0 0 0 1 0.91495007 0.39560309 0.079780079 10.019318 -0.30665666 0.81003064 -0.49981225 1.4083176 -0.26235157 0.43283814 0.86245167 0 0 0 0 1 0.91636312 0.39564031 0.061217919 10.019318 -0.31320855 0.80371779 -0.50590354 1.4083138 -0.24935773 0.4444173 0.86041516 -3.0517578e-05 0 0 0 1 0.95377487 0.25397193 -0.16066112 10.019318 -0.29971474 0.84303916 -0.44660529 1.4083099 0.022018412 0.47411337 0.88018858 0 0 0 0 1 0.92625397 0.12229752 -0.35650638 10.019287 -0.23055275 0.93213016 -0.27924666 1.4083176 0.29815915 0.34084681 0.89158553 0 0 0 0 1 0.91627151 0.10891693 -0.38546556 10.019287 -0.21056125 0.94960499 -0.23219527 1.4083176 0.34074989 0.29391798 0.89302981 0 0 0 0 1 0.91758752 0.11675075 -0.38000312 10.019318 -0.21959017 0.9456895 -0.23969099 1.4083176 0.33138072 0.30338243 0.89339024 -1.5258789e-05 0 0 0 1 0.92625391 0.1222975 -0.35650635 10.019287 -0.23055269 0.9321301 -0.27924666 1.4083176 0.29815912 0.34084681 0.89158553 -1.5258789e-05 0 0 0 1 0.94195884 0.12158395 -0.31293902 10.019318 -0.23026654 0.9122963 -0.33866355 1.4083176 0.24431702 0.39106658 0.88734221 -3.0517578e-05 0 0 0 1 0.96231186 0.1294748 -0.23914799 10.019318 -0.22038476 0.88651043 -0.40685329 1.4083252 0.15932995 0.44422442 0.88163394 3.0517578e-05 0 0 0 1 0.97869396 0.14866932 -0.14161725 10.019287 -0.19816928 0.86444116 -0.46202886 1.4083176 0.053730257 0.48024911 0.87548494 0 0 0 0 1 0.98408645 0.17358987 -0.037950233 10.019318 -0.16961531 0.85404319 -0.49177313 1.4083023 -0.052955676 0.49038419 0.86989611 3.0517578e-05 0 0 0 1 </float_array>
        <technique_common>
          <accessor count="33" offset="0" source="#B_Head_matrix-output-array" stride="16">
            <param name="TRANSFORM" type="float4x4" />
          </accessor>
        </technique_common>
      </source>
      <source id="B_Head_matrix-interpolation">
        <Name_array id="B_Head_matrix-interpolation-array" count="33"> LINEAR LINEAR LINEAR LINEAR LINEAR LINEAR LINEAR LINEAR LINEAR LINEAR LINEAR LINEAR LINEAR LINEAR LINEAR LINEAR LINEAR LINEAR LINEAR LINEAR LINEAR LINEAR LINEAR LINEAR LINEAR LINEAR LINEAR LINEAR LINEAR LINEAR LINEAR LINEAR LINEAR </Name_array>
        <technique_common>
          <accessor source="#B_Head_matrix-interpolation-array" count="33" stride="1">
            <param name="INTERPOLATION" type="name"></param>
          </accessor>
        </technique_common>
      </source>
      <source id="B_L_Calf_matrix-input" name="B_L_Calf_matrix-input">
        <float_array id="B_L_Calf_matrix-input-array" count="33"> 0 1 2 3 4 5 6 7 8 9 10 11 12 13 14 15 16 17 18 19 20 21 22 23 24 25 26 27 28 29 30 31 32 </float_array>
        <technique_common>
          <accessor count="33" offset="0" source="#B_L_Calf_matrix-input-array" stride="1">
            <param name="TIME" type="float" />
          </accessor>
        </technique_common>
      </source>
      <source id="B_L_Calf_matrix-output" name="B_L_Calf_matrix-output">
        <float_array id="B_L_Calf_matrix-output-array" count="528"> -0.92216301 0.38680235 5.0572135e-07 50.282753 -0.38680235 -0.92216301 6.1909277e-06 3.3378601e-06 2.8610229e-06 5.5134301e-06 1 1.9073486e-06 0 0 0 1 -0.96802855 0.25084248 2.2193308e-07 50.282753 -0.25084248 -0.96802855 6.1532619e-06 4.7683716e-07 1.7583368e-06 5.9008612e-06 1 1.9073486e-06 0 0 0 1 -0.98246741 0.18643461 2.6919128e-07 50.282745 -0.1864346 -0.98246753 6.2544168e-06 -2.3841858e-06 1.4305112e-06 6.0945749e-06 1 0 0 0 0 1 -0.97382092 0.22731683 2.8726191e-07 50.282745 -0.2273168 -0.97382104 6.1112432e-06 0 1.6689301e-06 5.8859582e-06 1 3.8146973e-06 0 0 0 1 0.97954786 0.20121312 1.8701539e-07 50.282745 -0.20121315 0.97954774 8.0522641e-06 0 1.4370306e-06 -7.9252068e-06 1.0000001 3.8146973e-06 0 0 0 1 0.77671432 0.62985355 5.7467304e-07 50.282753 -0.62985343 0.7767145 7.882998e-06 0 4.5187771e-06 -6.4847995e-06 0.99999994 3.8146973e-06 0 0 0 1 -0.13474871 0.99087983 8.8702052e-07 50.282738 -0.99087995 -0.1347487 6.909786e-06 7.6293945e-06 6.9662942e-06 5.2154064e-08 0.99999988 -7.6293945e-06 0 0 0 1 -0.64454401 0.76456738 6.9754878e-07 50.282745 -0.7645672 -0.64454418 6.4915757e-06 0 5.4128468e-06 3.6507845e-06 1 7.6293945e-06 0 0 0 1 -0.71080041 0.703394 6.8141298e-07 50.282745 -0.70339382 -0.71080059 6.3764974e-06 -3.0517578e-05 4.9695373e-06 4.0531158e-06 1 1.1444092e-05 0 0 0 1 -0.69922853 0.71489823 6.2276331e-07 50.282745 -0.71489823 -0.69922853 6.5611375e-06 0 5.125999e-06 4.1425219e-06 1 -7.6293945e-06 0 0 0 1 -0.69676071 0.71730399 5.8183105e-07 50.282761 -0.71730381 -0.69676089 6.3732973e-06 -3.8146973e-06 4.9769874e-06 4.0233144e-06 1 0 0 0 0 1 -0.69024175 0.72357899 7.2304158e-07 50.282745 -0.72357887 -0.69024187 6.4356891e-06 -1.5258789e-05 5.1558018e-06 3.9190045e-06 1.0000001 -3.0517578e-05 0 0 0 1 -0.68098974 0.73229295 6.7239557e-07 50.282753 -0.73229295 -0.68098974 6.4560359e-06 -3.0517578e-05 5.1856041e-06 3.9041038e-06 1 0 0 0 0 1 -0.67034978 0.74204576 7.6419008e-07 50.282715 -0.7420457 -0.67034984 6.4698438e-06 0 5.3131948e-06 3.7699947e-06 0.99999988 0 0 0 0 1 -0.65973198 0.75150138 7.3207332e-07 50.282745 -0.7515015 -0.65973192 6.491874e-06 0 5.3616241e-06 3.7327418e-06 1.0000001 0 0 0 0 1 -0.6506176 0.75940555 6.9999015e-07 50.282715 -0.75940555 -0.6506176 6.4053906e-06 -1.5258789e-05 5.3197145e-06 3.6358829e-06 1.0000001 1.5258789e-05 0 0 0 1 -0.64454418 0.76456732 7.3893011e-07 50.282745 -0.76456738 -0.64454406 6.4713067e-06 7.6293945e-06 5.4240231e-06 3.6060808e-06 1 -7.6293945e-06 0 0 0 1 -0.64285046 0.76599181 8.02469e-07 50.282715 -0.76599181 -0.64285046 6.3686743e-06 1.5258789e-05 5.3942199e-06 3.4794211e-06 1 -1.5258789e-05 0 0 0 1 -0.64466876 0.76446217 7.0938313e-07 50.282745 -0.76446193 -0.644669 6.4580108e-06 1.5258789e-05 5.3942204e-06 3.6209824e-06 1 -1.5258789e-05 0 0 0 1 -0.64822072 0.76145297 7.4065963e-07 50.282776 -0.76145297 -0.64822072 6.5710133e-06 -2.2888184e-05 5.4836269e-06 3.6954884e-06 1.0000001 3.0517578e-05 0 0 0 1 -0.65173298 0.7584489 7.5477976e-07 50.282776 -0.75844878 -0.65173304 6.5028898e-06 0 5.4240231e-06 3.6656861e-06 1.0000001 0 0 0 0 1 -0.65345913 0.75696218 7.1847194e-07 50.28273 -0.756962 -0.65345931 6.4419341e-06 0 5.3457911e-06 3.6656857e-06 1 0 0 0 0 1 -0.65165859 0.75851262 7.2501052e-07 50.282791 -0.75851262 -0.65165859 6.4690548e-06 7.6293945e-06 5.3793187e-06 3.6656859e-06 1 3.0517578e-05 0 0 0 1 -0.64454406 0.76456755 7.7612083e-07 50.282745 -0.76456755 -0.64454406 6.4691876e-06 -3.8146973e-06 5.446374e-06 3.5762787e-06 1.0000001 0 0 0 0 1 -0.60609728 0.79539073 6.8226996e-07 50.282745 -0.79539073 -0.60609728 6.5991726e-06 -5.7220459e-06 5.6624417e-06 3.4570692e-06 1 0 0 0 0 1 -0.54641008 0.83751827 7.7577454e-07 50.282745 -0.83751804 -0.5464102 6.5751078e-06 1.5258789e-05 5.9306622e-06 2.9429802e-06 1.0000001 0 0 0 0 1 -0.60049629 0.7996279 7.9385245e-07 50.282745 -0.79962802 -0.60049617 6.5969962e-06 0 5.7518487e-06 3.326684e-06 1 1.9073486e-06 0 0 0 1 -0.59097832 0.80668765 8.7551894e-07 50.282745 -0.80668759 -0.59097838 6.5996337e-06 -1.5258789e-05 5.8412561e-06 3.1939705e-06 1 3.8146973e-06 0 0 0 1 -0.54640949 0.83751833 8.6069645e-07 50.282745 -0.83751822 -0.54640955 6.5552877e-06 0 5.9604654e-06 2.8610223e-06 1 7.6293945e-06 0 0 0 1 -0.43710452 0.89941096 8.7119565e-07 50.282715 -0.89941084 -0.43710455 6.6675793e-06 -7.6293945e-06 6.377697e-06 2.1308665e-06 1 -3.0517578e-05 0 0 0 1 -0.17189075 0.98511624 8.5666215e-07 50.282745 -0.98511612 -0.17189078 6.9901362e-06 -3.8146973e-06 7.0333481e-06 3.5762795e-07 1 3.0517578e-05 0 0 0 1 0.28167874 0.95950902 8.7159196e-07 50.282761 -0.95950902 0.28167874 7.3996625e-06 0 6.8545346e-06 -2.920628e-06 1 0 0 0 0 1 0.87463474 0.48478284 4.3858546e-07 50.282768 -0.48478279 0.8746348 8.0454111e-06 1.5258789e-05 3.5166743e-06 -7.2494149e-06 1.0000001 -3.0517578e-05 0 0 0 1 </float_array>
        <technique_common>
          <accessor count="33" offset="0" source="#B_L_Calf_matrix-output-array" stride="16">
            <param name="TRANSFORM" type="float4x4" />
          </accessor>
        </technique_common>
      </source>
      <source id="B_L_Calf_matrix-interpolation">
        <Name_array id="B_L_Calf_matrix-interpolation-array" count="33"> LINEAR LINEAR LINEAR LINEAR LINEAR LINEAR LINEAR LINEAR LINEAR LINEAR LINEAR LINEAR LINEAR LINEAR LINEAR LINEAR LINEAR LINEAR LINEAR LINEAR LINEAR LINEAR LINEAR LINEAR LINEAR LINEAR LINEAR LINEAR LINEAR LINEAR LINEAR LINEAR LINEAR </Name_array>
        <technique_common>
          <accessor source="#B_L_Calf_matrix-interpolation-array" count="33" stride="1">
            <param name="INTERPOLATION" type="name"></param>
          </accessor>
        </technique_common>
      </source>
      <source id="B_L_Clavicle_matrix-input" name="B_L_Clavicle_matrix-input">
        <float_array id="B_L_Clavicle_matrix-input-array" count="33"> 0 1 2 3 4 5 6 7 8 9 10 11 12 13 14 15 16 17 18 19 20 21 22 23 24 25 26 27 28 29 30 31 32 </float_array>
        <technique_common>
          <accessor count="33" offset="0" source="#B_L_Clavicle_matrix-input-array" stride="1">
            <param name="TIME" type="float" />
          </accessor>
        </technique_common>
      </source>
      <source id="B_L_Clavicle_matrix-output" name="B_L_Clavicle_matrix-output">
        <float_array id="B_L_Clavicle_matrix-output-array" count="528"> -0.017590523 -0.0007835179 0.99984497 17.736855 -0.17375694 -0.98478109 -0.0038286746 0.073139191 0.98463148 -0.17379734 0.017186701 5.0180149 0 0 0 1 -0.017590638 -0.00078399468 0.99984503 17.736855 -0.17375691 -0.98478115 -0.0038291365 0.073139191 0.98463136 -0.17379734 0.017186522 5.0180168 0 0 0 1 -0.017590879 -0.00078349549 0.99984485 17.736853 -0.17375703 -0.98478115 -0.0038286815 0.073135376 0.98463142 -0.17379744 0.017186878 5.018013 0 0 0 1 -0.017590642 -0.0007843374 0.99984497 17.736853 -0.17375693 -0.98478103 -0.0038294941 0.073143005 0.98463148 -0.17379734 0.017186642 5.0180149 0 0 0 1 -0.017590642 -0.00078433752 0.99984497 17.736862 -0.17375693 -0.98478115 -0.0038294941 0.073138237 0.98463148 -0.17379735 0.017186642 5.0180073 0 0 0 1 -0.017590644 -0.00078421825 0.99984509 17.736862 -0.17375696 -0.98478109 -0.0038293754 0.073143005 0.9846316 -0.17379734 0.017186644 5.018013 0 0 0 1 -0.017590642 -0.0007842257 0.99984497 17.736847 -0.17375696 -0.98478121 -0.0038293672 0.073139191 0.98463154 -0.17379735 0.017186521 5.0180206 0 0 0 1 -0.01759064 -0.00078433735 0.99984497 17.736839 -0.17375691 -0.98478091 -0.0038294941 0.073120117 0.98463136 -0.17379731 0.017186642 5.0180054 0 0 0 1 -0.017590642 -0.00078376371 0.99984497 17.736847 -0.17375696 -0.98478097 -0.0038289204 0.073120117 0.98463148 -0.17379734 0.017186701 5.0180206 0 0 0 1 -0.017590642 -0.00078421831 0.99984485 17.736847 -0.17375694 -0.98478115 -0.0038293744 0.073120117 0.98463148 -0.17379735 0.01718664 5.0180206 0 0 0 1 -0.017590879 -0.00078445661 0.99984485 17.736847 -0.17375703 -0.98478127 -0.0038296275 0.073135376 0.98463148 -0.17379746 0.017186638 5.0179901 0 0 0 1 -0.017590877 -0.00078397215 0.99984503 17.736877 -0.17375693 -0.98478103 -0.0038291365 0.073120117 0.98463136 -0.17379731 0.017186642 5.0180054 0 0 0 1 -0.017590642 -0.00078433752 0.99984521 17.736847 -0.17375693 -0.98478115 -0.0038294951 0.073150635 0.98463148 -0.17379735 0.017186645 5.0180054 0 0 0 1 -0.017590644 -0.00078409904 0.99984509 17.736908 -0.17375694 -0.98478109 -0.0038292636 0.073120117 0.9846316 -0.17379732 0.017186644 5.0179977 0 0 0 1 -0.029136298 -0.00078417343 0.99957508 17.736877 -0.17370114 -0.98478079 -0.0058357338 0.073143005 0.98436719 -0.17379735 0.028556643 5.0179901 0 0 0 1 -0.040678147 -0.00078444928 0.99917209 17.736847 -0.17362227 -0.98478103 -0.0078416253 0.073120117 0.98397195 -0.17379749 0.039922837 5.0179749 0 0 0 1 -0.017590642 -0.00078421831 0.99984509 17.736832 -0.17375694 -0.98478115 -0.0038293754 0.073120117 0.98463148 -0.17379735 0.017186644 5.0180054 0 0 0 1 0.051663339 -0.0007835849 0.99866432 17.736847 -0.17360529 -0.98478103 0.0082083493 0.073135376 0.98345929 -0.17379744 -0.051013112 5.0180054 0 0 0 1 0.14564355 -0.0007836445 0.98933685 17.736847 -0.17205678 -0.98478109 0.024549007 0.073135376 0.97426116 -0.17379746 -0.14356196 5.0180359 0 0 0 1 0.24906275 -0.00078444928 0.96848691 17.736877 -0.16851304 -0.98478103 0.042538319 0.073135376 0.95371419 -0.17379743 -0.24540447 5.0180054 0 0 0 1 0.34684774 -0.0007842629 0.93792111 17.736847 -0.16327626 -0.98478091 0.059556898 0.073135376 0.92360014 -0.17379741 -0.34169722 5.0179749 0 0 0 1 0.42550778 -0.00078428525 0.90495431 17.736847 -0.15760742 -0.98478109 0.073253252 0.073135376 0.89112449 -0.17379734 -0.41915578 5.0179749 0 0 0 1 0.47373903 -0.00078442693 0.88066477 17.736847 -0.15342325 -0.98478115 0.081654333 0.073135376 0.86719793 -0.17379734 -0.46664959 5.0179749 0 0 0 1 0.48127377 -0.00078421074 0.87656987 17.736862 -0.15271737 -0.98478085 0.082967252 0.073143005 0.86316437 -0.17379743 -0.47406909 5.0180359 0 0 0 1 0.18609868 -0.0007842331 0.98253095 17.736847 -0.17090516 -0.98478115 0.031584699 0.073120117 0.9675529 -0.17379744 -0.18340065 5.0179749 0 0 0 1 -0.18614529 -0.00078404683 0.98252189 17.736816 -0.17061611 -0.98478127 -0.033110164 0.073135376 0.9675951 -0.17379735 0.18317828 5.0180054 0 0 0 1 -0.25117868 -0.00078438944 0.96794033 17.736816 -0.1680316 -0.98478097 -0.044401918 0.073120117 0.95324415 -0.17379738 0.24722412 5.0179901 0 0 0 1 -0.22665916 -0.00078452367 0.97397381 17.736877 -0.16909908 -0.98478115 -0.040145274 0.073143005 0.95918256 -0.17379738 0.22307692 5.0180054 0 0 0 1 -0.18614529 -0.00078404683 0.98252189 17.736816 -0.17061611 -0.98478127 -0.033110164 0.073135376 0.9675951 -0.17379735 0.18317828 5.0180054 0 0 0 1 -0.1544299 -0.00078446418 0.98800361 17.736847 -0.17159314 -0.98478127 -0.027602751 0.073120117 0.97298878 -0.17379731 0.15194489 5.0180054 0 0 0 1 -0.11127185 -0.00078448642 0.99378967 17.736847 -0.17263235 -0.98478097 -0.02010653 0.073150635 0.97868109 -0.17379752 0.10944288 5.0180054 0 0 0 1 -0.063368812 -0.00078374892 0.99798989 17.736847 -0.1733992 -0.98478115 -0.0117836 0.073135376 0.98281109 -0.17379732 0.062268436 5.0180054 0 0 0 1 -0.01759064 -0.00078410644 0.99984503 17.736862 -0.17375688 -0.98478109 -0.0038292557 0.073120117 0.98463148 -0.17379729 0.017186522 5.0180054 0 0 0 1 </float_array>
        <technique_common>
          <accessor count="33" offset="0" source="#B_L_Clavicle_matrix-output-array" stride="16">
            <param name="TRANSFORM" type="float4x4" />
          </accessor>
        </technique_common>
      </source>
      <source id="B_L_Clavicle_matrix-interpolation">
        <Name_array id="B_L_Clavicle_matrix-interpolation-array" count="33"> LINEAR LINEAR LINEAR LINEAR LINEAR LINEAR LINEAR LINEAR LINEAR LINEAR LINEAR LINEAR LINEAR LINEAR LINEAR LINEAR LINEAR LINEAR LINEAR LINEAR LINEAR LINEAR LINEAR LINEAR LINEAR LINEAR LINEAR LINEAR LINEAR LINEAR LINEAR LINEAR LINEAR </Name_array>
        <technique_common>
          <accessor source="#B_L_Clavicle_matrix-interpolation-array" count="33" stride="1">
            <param name="INTERPOLATION" type="name"></param>
          </accessor>
        </technique_common>
      </source>
      <source id="B_L_Finger0_matrix-input" name="B_L_Finger0_matrix-input">
        <float_array id="B_L_Finger0_matrix-input-array" count="33"> 0 1 2 3 4 5 6 7 8 9 10 11 12 13 14 15 16 17 18 19 20 21 22 23 24 25 26 27 28 29 30 31 32 </float_array>
        <technique_common>
          <accessor count="33" offset="0" source="#B_L_Finger0_matrix-input-array" stride="1">
            <param name="TIME" type="float" />
          </accessor>
        </technique_common>
      </source>
      <source id="B_L_Finger0_matrix-output" name="B_L_Finger0_matrix-output">
