<?xml version="1.0" encoding="UTF-8" standalone="no" ?>
<COLLADA xmlns="http://www.collada.org/2005/11/COLLADASchema" version="1.4.1">
  <asset>
    <contributor>
      <author>Assimp</author>
      <authoring_tool>FBX SDK/FBX Plugins version 2013.1</authoring_tool>
    </contributor>
    <created>2020-08-21T13:47:39</created>
    <modified>2020-08-21T13:47:39</modified>
    <unit name="meter" meter="1" />
    <up_axis>Y_UP</up_axis>
  </asset>
  <library_geometries>
  </library_geometries>
  <library_controllers>
  </library_controllers>
  <library_visual_scenes>
    <visual_scene id="RootNode" name="RootNode">
      <node id="Motion_aAssimpFbxa_Translation"  name="Motion_$AssimpFbx$_Translation" type="NODE">
        <matrix sid="matrix">1 0 0 9.92585e-07 0 1 0 0 0 0 1 -0.17328988 0 0 0 1</matrix>
        <node id="Motion_aAssimpFbxa_PreRotation"  name="Motion_$AssimpFbx$_PreRotation" type="NODE">
          <matrix sid="matrix">1 0 0 0 0 -4.3711388e-08 1 0 0 -1 -4.3711388e-08 0 0 0 0 1</matrix>
          <node id="Motion_aAssimpFbxa_Rotation"  name="Motion_$AssimpFbx$_Rotation" type="NODE">
            <matrix sid="matrix">1.3868001e-06 1 0 0 -1 1.3868001e-06 0 0 0 0 1 0 0 0 0 1</matrix>
            <node id="Motion_aAssimpFbxa_Scaling"  name="Motion_$AssimpFbx$_Scaling" type="NODE">
              <matrix sid="matrix">1 0 0 0 0 1 0 0 0 0 1 0 0 0 0 1</matrix>
              <node id="Motion"  name="Motion" type="NODE">
                <matrix sid="matrix">1 0 0 0 0 1 0 0 0 0 1 0 0 0 0 1</matrix>
                <node id="B_Pelvis"  name="B_Pelvis" type="NODE">
                  <matrix sid="matrix">-4.3711388e-08 0.60876256 0.79335248 0.17329331 0 -0.79335248 0.60876256 2.6999989 1 2.6609857e-08 3.4678539e-08 98.622734 0 0 0 1</matrix>
                  <node id="B_Spine"  name="B_Spine" type="NODE">
                    <matrix sid="matrix">0.99823147 0.047404032 -0.03587313 7.6762924 -0.037805337 0.97190607 0.23231289 -1.6268322 0.045877885 -0.23054582 0.97197938 0.0023474693 0 0 0 1</matrix>
                    <node id="B_Spine1"  name="B_Spine1" type="NODE">
                      <matrix sid="matrix">0.99970514 -0.024198715 0.0019994096 12.747765 0.024175953 0.99965024 0.010716196 -0.014275074 -0.0022580286 -0.0106647 0.99994057 0.00015211105 0 0 0 1</matrix>
                      <node id="B_Spine2"  name="B_Spine2" type="NODE">
                        <matrix sid="matrix">0.9988209 -0.048403602 0.0037315548 17.935463 0.048312012 0.99859816 0.02162575 -0.026443243 -0.0047730878 -0.021419972 0.9997592 0.00054788589 0 0 0 1</matrix>
                        <node id="B_L_Clavicle"  name="B_L_Clavicle" type="NODE">
                          <matrix sid="matrix">-0.017590661 -0.00078421831 0.99984497 17.736847 -0.17375694 -0.98478115 -0.0038293824 0.073141098 0.98463148 -0.17379735 0.017186686 5.0180159 0 0 0 1</matrix>
                          <node id="B_L_UpperArm"  name="B_L_UpperArm" type="NODE">
                            <matrix sid="matrix">0.67658818 0.40229207 0.61675727 17.464663 -0.50647581 0.86222744 -0.0067964196 2.8610229e-06 -0.53451914 -0.30777422 0.7871241 0 0 0 0 1</matrix>
                            <node id="B_L_Forearm"  name="B_L_Forearm" type="NODE">
                              <matrix sid="matrix">-0.13640097 0.98478979 0.10762779 27.628178 -0.99065369 -0.13559355 -0.014819367 -3.8146973e-06 -3.2782563e-07 -0.10864324 0.99408078 -1.5258789e-05 0 0 0 1</matrix>
                              <node id="B_L_ForeArmTwist"  name="B_L_ForeArmTwist" type="NODE">
                                <matrix sid="matrix">1 5.0429115e-08 -3.2426604e-07 11.992634 -1.4901155e-08 0.99408078 0.10864369 -7.6293945e-06 3.2782543e-07 -0.10864369 0.99408078 1.5258789e-05 0 0 0 1</matrix>
                                <node id="B_L_Hand"  name="B_L_Hand" type="NODE">
                                  <matrix sid="matrix">0.96626526 -0.09560217 0.2391479 11.992649 -0.24727416 -0.084708586 0.96523571 0 -0.072020747 -0.99180877 -0.10549091 0 0 0 0 1</matrix>
                                  <node id="B_L_Finger0"  name="B_L_Finger0" type="NODE">
                                    <matrix sid="matrix">0.80900651 0.13246357 0.57267952 1.4603271 0.15583251 0.89108139 -0.42625123 1.9355469 -0.5667668 0.43408212 0.70024854 -2.4376602 0 0 0 1</matrix>
                                    <node id="B_L_Finger01"  name="B_L_Finger01" type="NODE">
                                      <matrix sid="matrix">0.80299318 -0.59598827 1.2058758e-08 3.7140045 0.59598827 0.80299318 2.7507136e-08 -1.5258789e-05 -2.607703e-08 -1.4901163e-08 1 -2.2888184e-05 0 0 0 1</matrix>
                                      <node id="B_L_Finger02"  name="B_L_Finger02" type="NODE">
                                        <matrix sid="matrix">0.5521847 -0.83372182 -9.2086296e-08 5.5299349 0.83372182 0.5521847 4.3116884e-08 1.5258789e-05 1.4901156e-08 -1.0058284e-07 1 2.2888184e-05 0 0 0 1</matrix>
                                      </node>
                                    </node>
                                  </node>
                                  <node id="B_L_Finger1"  name="B_L_Finger1" type="NODE">
                                    <matrix sid="matrix">0.27254894 -0.95552641 0.11263379 11.625458 0.92804092 0.23019093 -0.29283464 3.1205444 0.25388396 0.18434054 0.94950593 -3.0983582 0 0 0 1</matrix>
                                    <node id="B_L_Finger11"  name="B_L_Finger11" type="NODE">
                                      <matrix sid="matrix">-0.25881937 -0.96592575 1.3622076e-07 4.4568253 0.96592575 -0.25881937 6.735393e-08 7.6293945e-06 -2.9802322e-08 1.4901164e-07 1 1.9073486e-05 0 0 0 1</matrix>
                                      <node id="B_L_Finger12"  name="B_L_Finger12" type="NODE">
                                        <matrix sid="matrix">0.5735755 -0.81915271 1.8370893e-07 3.3311615 0.81915271 0.5735755 -1.0134766e-07 -2.2888184e-05 -2.2351738e-08 2.086162e-07 1 -2.2888184e-05 0 0 0 1</matrix>
                                      </node>
                                    </node>
                                  </node>
                                  <node id="B_L_Finger2"  name="B_L_Finger2" type="NODE">
                                    <matrix sid="matrix">0.25808468 -0.96503466 0.0458293 11.814079 0.96096504 0.25152317 -0.11524842 2.4381027 0.099691592 0.073784202 0.99227887 0.83571625 0 0 0 1</matrix>
                                    <node id="B_L_Finger21"  name="B_L_Finger21" type="NODE">
                                      <matrix sid="matrix">-0.62068582 -0.78405941 3.2177721e-07 5.1996384 0.78405941 -0.62068582 1.2169289e-07 1.5258789e-05 1.0430809e-07 3.2782549e-07 1 7.6293945e-06 0 0 0 1</matrix>
                                      <node id="B_L_Finger22"  name="B_L_Finger22" type="NODE">
                                        <matrix sid="matrix">0.44828629 -0.89389002 1.1999995e-07 5.199625 0.89389002 0.44828629 3.9840081e-08 0 -8.9406988e-08 8.9406996e-08 1 -3.8146973e-06 0 0 0 1</matrix>
                                      </node>
                                    </node>
                                  </node>
                                  <node id="B_L_Finger3"  name="B_L_Finger3" type="NODE">
                                    <matrix sid="matrix">0.13847044 -0.99036652 0.00029712808 11.814072 0.99036658 0.13847046 5.9385591e-05 1.9342499 -9.9956967e-05 0.00028604257 0.99999994 4.6002388 0 0 0 1</matrix>
                                    <node id="B_L_Finger31"  name="B_L_Finger31" type="NODE">
                                      <matrix sid="matrix">-0.058766745 -0.99827176 -9.4672669e-07 4.4567947 0.99827176 -0.058766745 -1.1603274e-06 1.5258789e-05 1.102686e-06 -1.0132792e-06 1 1.1444092e-05 0 0 0 1</matrix>
                                      <node id="B_L_Finger32"  name="B_L_Finger32" type="NODE">
                                        <matrix sid="matrix">-0.058766626 -0.99827176 -1.9109912e-06 4.4567642 0.99827176 -0.058766626 -1.515631e-06 -2.2888184e-05 1.400709e-06 -1.996757e-06 1 -3.8146973e-06 0 0 0 1</matrix>
                                      </node>
                                    </node>
                                  </node>
                                  <node id="B_L_Finger4"  name="B_L_Finger4" type="NODE">
                                    <matrix sid="matrix">0.14714384 -0.98122936 -0.12464997 11.857193 0.98368686 0.15835436 -0.085346922 4.052887 0.10348377 -0.11005827 0.9885233 6.5145264 0 0 0 1</matrix>
                                    <node id="B_L_Finger41"  name="B_L_Finger41" type="NODE">
                                      <matrix sid="matrix">-0.18123169 -0.9834404 -2.1288943e-06 3.327652 0.9834404 -0.18123169 -3.7409282e-06 7.6293945e-06 3.2931569e-06 -2.7716153e-06 1 1.1444092e-05 0 0 0 1</matrix>
                                      <node id="B_L_Finger42"  name="B_L_Finger42" type="NODE">
                                        <matrix sid="matrix">0.0019772795 -0.99999803 -2.3013736e-06 3.3276672 0.99999803 0.0019772795 -3.3333165e-06 -2.2888184e-05 3.3378606e-06 -2.2947781e-06 1 -1.5258789e-05 0 0 0 1</matrix>
                                      </node>
                                    </node>
                                  </node>
                                </node>
                              </node>
                            </node>
                          </node>
                        </node>
                        <node id="B_R_Clavicle"  name="B_R_Clavicle" type="NODE">
                          <matrix sid="matrix">-0.10452852 -0.00079657545 -0.9945215 17.736847 0.00023397958 -0.99999964 0.00077637075 0.074662209 -0.99452186 -0.00015154485 0.10452867 -5.0179629 0 0 0 1</matrix>
                          <node id="B_R_UpperArm"  name="B_R_UpperArm" type="NODE">
                            <matrix sid="matrix">0.65678829 0.184351 -0.73119342 17.464647 -0.58112288 0.74166942 -0.3349964 1.1444092e-05 0.48054689 0.64493495 0.59425038 1.5258789e-05 0 0 0 1</matrix>
                            <node id="B_R_Forearm"  name="B_R_Forearm" type="NODE">
                              <matrix sid="matrix">0.1257856 0.99193633 -0.015499667 27.628185 -0.99205744 0.12577026 -0.0019651239 -7.6293945e-06 1.1920932e-07 0.015623745 0.99987793 -1.5258789e-05 0 0 0 1</matrix>
                              <node id="B_R_ForeArmTwist"  name="B_R_ForeArmTwist" type="NODE">
                                <matrix sid="matrix">1 -1.3968749e-09 -8.9396053e-08 11.992638 0 0.99987793 -0.015623782 -1.1444092e-05 8.9406967e-08 0.015623782 0.99987793 0 0 0 0 1</matrix>
                                <node id="B_R_Hand"  name="B_R_Hand" type="NODE">
                                  <matrix sid="matrix">0.86458033 -0.066815831 -0.49803263 11.992653 -0.49769527 0.022792298 -0.86705244 -3.8146973e-06 0.069284134 0.99750501 -0.013548149 -1.5258789e-05 0 0 0 1</matrix>
                                  <node id="B_R_Finger0"  name="B_R_Finger0" type="NODE">
                                    <matrix sid="matrix">0.80900663 0.13246366 -0.57267934 1.4603119 0.15583245 0.89108133 0.42625144 1.9355545 0.56676668 -0.4340823 0.7002486 2.4376602 0 0 0 1</matrix>
                                    <node id="B_R_Finger01"  name="B_R_Finger01" type="NODE">
                                      <matrix sid="matrix">0.80299306 -0.59598833 -4.1730186e-07 3.714035 0.59598833 0.80299306 -1.2812691e-08 -1.5258789e-05 3.4272674e-07 -2.3841856e-07 1 -7.6293945e-06 0 0 0 1</matrix>
                                      <node id="B_R_Finger02"  name="B_R_Finger02" type="NODE">
                                        <matrix sid="matrix">0.55218482 -0.83372176 1.158437e-07 5.5299339 0.83372176 0.55218482 -4.0978684e-08 1.5258789e-05 -2.9802308e-08 1.1920922e-07 1 2.2888184e-05 0 0 0 1</matrix>
                                      </node>
                                    </node>
                                  </node>
                                  <node id="B_R_Finger1"  name="B_R_Finger1" type="NODE">
                                    <matrix sid="matrix">0.27254859 -0.95552653 -0.11263388 11.625458 0.92804098 0.2301905 0.29283494 3.1205673 -0.25388429 -0.1843406 0.94950587 3.0983505 0 0 0 1</matrix>
                                    <node id="B_R_Finger11"  name="B_R_Finger11" type="NODE">
                                      <matrix sid="matrix">-0.25881937 -0.96592575 -1.046965e-07 4.4568214 0.96592575 -0.25881937 -4.1069757e-08 0 1.2572853e-08 -1.1175869e-07 1 7.6293945e-06 0 0 0 1</matrix>
                                      <node id="B_R_Finger12"  name="B_R_Finger12" type="NODE">
                                        <matrix sid="matrix">0.57357579 -0.81915247 2.1610181e-07 3.3311386 0.81915247 0.57357579 8.8612801e-08 0 -1.9653817e-07 1.2619418e-07 1 -7.6293945e-06 0 0 0 1</matrix>
                                      </node>
                                    </node>
                                  </node>
                                  <node id="B_R_Finger2"  name="B_R_Finger2" type="NODE">
                                    <matrix sid="matrix">0.25808468 -0.96503472 -0.045829281 11.814056 0.9609651 0.25152323 0.11524831 2.4381256 -0.099691488 -0.073784165 0.99227899 -0.83571625 0 0 0 1</matrix>
                                    <node id="B_R_Finger21"  name="B_R_Finger21" type="NODE">
                                      <matrix sid="matrix">-0.62068546 -0.7840597 -4.9168058e-08 5.1995964 0.7840597 -0.62068546 -5.7928066e-08 -1.5258789e-05 1.4901163e-08 -7.4505799e-08 1 -3.8146973e-05 0 0 0 1</matrix>
                                      <node id="B_R_Finger22"  name="B_R_Finger22" type="NODE">
                                        <matrix sid="matrix">0.44828629 -0.89389002 1.9999987e-08 5.1996002 0.89389002 0.44828629 6.6400139e-09 0 -1.4901163e-08 1.4901163e-08 1 2.0980835e-05 0 0 0 1</matrix>
                                      </node>
                                    </node>
                                  </node>
                                  <node id="B_R_Finger3"  name="B_R_Finger3" type="NODE">
                                    <matrix sid="matrix">0.1384702 -0.99036652 -0.00029826793 11.814056 0.99036658 0.13847022 -5.9467049e-05 1.9342728 0.00010019541 -0.00028716019 0.99999994 -4.6002541 0 0 0 1</matrix>
                                    <node id="B_R_Finger31"  name="B_R_Finger31" type="NODE">
                                      <matrix sid="matrix">-0.058766626 -0.99827176 6.1298375e-09 4.4567947 0.99827176 -0.058766626 -1.0412787e-07 0 1.0430814e-07 0 1 -3.8146973e-06 0 0 0 1</matrix>
                                      <node id="B_R_Finger32"  name="B_R_Finger32" type="NODE">
                                        <matrix sid="matrix">-0.058766745 -0.99827176 6.5102648e-07 4.4568176 0.99827176 -0.058766745 -1.5572556e-07 1.5258789e-05 1.9371512e-07 6.4074982e-07 1 -1.5258789e-05 0 0 0 1</matrix>
                                      </node>
                                    </node>
                                  </node>
                                  <node id="B_R_Finger4"  name="B_R_Finger4" type="NODE">
                                    <matrix sid="matrix">0.14714384 -0.98122966 0.12464784 11.857239 0.98368686 0.15835416 0.085347131 4.0529175 -0.10348364 0.11005614 0.98852354 -6.5145607 0 0 0 1</matrix>
                                    <node id="B_R_Finger41"  name="B_R_Finger41" type="NODE">
                                      <matrix sid="matrix">-0.18123135 -0.98344052 1.7541498e-07 3.3276749 0.98344052 -0.18123135 7.7477762e-07 3.0517578e-05 -7.3015696e-07 3.1292419e-07 1 3.0517578e-05 0 0 0 1</matrix>
                                      <node id="B_R_Finger42"  name="B_R_Finger42" type="NODE">
                                        <matrix sid="matrix">0.0019766835 -0.99999803 3.7373576e-07 3.327713 0.99999803 0.0019766835 6.1021018e-07 3.0517578e-05 -6.1094772e-07 3.7252886e-07 1 -1.1444092e-05 0 0 0 1</matrix>
                                      </node>
                                    </node>
                                  </node>
                                </node>
                              </node>
                            </node>
                          </node>
                        </node>
                        <node id="B_Neck"  name="B_Neck" type="NODE">
                          <matrix sid="matrix">0.9745459 -0.20556864 -0.089452855 27.039749 0.20928556 0.97725385 0.034271013 1.128233 0.080373101 -0.052119866 0.99540126 0.00061249733 0 0 0 1</matrix>
                          <node id="B_Head"  name="B_Head" type="NODE">
                            <matrix sid="matrix">0.98408651 0.17358989 -0.037950244 10.019302 -0.16961534 0.85404325 -0.49177301 1.4083138 -0.052955676 0.49038416 0.86989599 0 0 0 0 1</matrix>
                          </node>
                        </node>
                      </node>
                    </node>
                  </node>
                  <node id="B_L_Thigh"  name="B_L_Thigh" type="NODE">
                    <matrix sid="matrix">-0.88179493 0.28008324 -0.37946165 0 0.35161811 0.92662716 -0.13314213 1.7642975e-05 0.31432855 -0.25082961 -0.91557741 11.161455 0 0 0 1</matrix>
                    <node id="B_L_Calf"  name="B_L_Calf" type="NODE">
                      <matrix sid="matrix">0.87463462 0.48478267 4.7988237e-07 50.282738 -0.48478267 0.87463462 7.9969659e-06 1.9073486e-06 3.4570689e-06 -7.2270623e-06 1 7.6293945e-06 0 0 0 1</matrix>
                      <node id="B_L_Foot"  name="B_L_Foot" type="NODE">
                        <matrix sid="matrix">0.90702921 -0.23339494 -0.35046375 39.728127 0.18250699 0.96798968 -0.17229953 -5.4836273e-06 0.37945914 0.092318617 0.92059112 -3.8146973e-06 0 0 0 1</matrix>
                        <node id="B_L_Toe0"  name="B_L_Toe0" type="NODE">
                          <matrix sid="matrix">-4.3711388e-08 -1 -1.5213513e-07 18.214443 1 -4.3711385e-08 -2.9802337e-08 14.545954 2.9802329e-08 -1.5213513e-07 1 0.020648956 0 0 0 1</matrix>
                        </node>
                      </node>
                    </node>
                  </node>
                  <node id="B_R_Thigh"  name="B_R_Thigh" type="NODE">
                    <matrix sid="matrix">-0.87342453 0.42952573 0.22942793 0 0.18169011 0.72456956 -0.66482162 -1.2397766e-05 -0.45179448 -0.53898668 -0.71089733 -11.161448 0 0 0 1</matrix>
                    <node id="B_R_Calf"  name="B_R_Calf" type="NODE">
                      <matrix sid="matrix">0.69287807 0.72105479 9.616997e-09 50.282745 -0.72105479 0.69287807 -4.8058855e-06 0 -3.4719701e-06 3.3229583e-06 1 -1.9073486e-06 0 0 0 1</matrix>
                      <node id="B_R_Foot"  name="B_R_Foot" type="NODE">
                        <matrix sid="matrix">0.91488844 -0.31722781 0.2496911 39.728134 0.33217818 0.94302458 -0.019032806 3.8146973e-06 -0.22942711 0.10035483 0.96813846 0 0 0 0 1</matrix>
                        <node id="B_R_Toe0"  name="B_R_Toe0" type="NODE">
                          <matrix sid="matrix">-4.3711388e-08 -1 5.8227153e-07 18.214441 1 -4.3711768e-08 -6.5565109e-07 14.545954 6.5565109e-07 5.8227147e-07 1 -0.020650864 0 0 0 1</matrix>
                        </node>
                      </node>
                    </node>
                  </node>
                </node>
              </node>
            </node>
          </node>
        </node>
      </node>
      <node id="Exporter_aAssimpFbxa_PreRotation"  name="Exporter_$AssimpFbx$_PreRotation" type="NODE">
        <matrix sid="matrix">1 0 0 0 0 -4.3711388e-08 1 0 0 -1 -4.3711388e-08 0 0 0 0 1</matrix>
        <node id="Exporter"  name="Exporter" type="NODE">
          <matrix sid="matrix">1 0 0 0 0 1 0 0 0 0 1 0 0 0 0 1</matrix>
        </node>
      </node>
    </visual_scene>
  </library_visual_scenes>
  <library_animations>
    <animation id="TakeW001AnimId0" name="Take 001">
      <source id="B_Head_matrix-input" name="B_Head_matrix-input">
        <float_array id="B_Head_matrix-input-array" count="25"> 0 1 2 3 4 5 6 7 8 9 10 11 12 13 14 15 16 17 18 19 20 21 22 23 24 </float_array>
        <technique_common>
          <accessor count="25" offset="0" source="#B_Head_matrix-input-array" stride="1">
            <param name="TIME" type="float" />
          </accessor>
        </technique_common>
      </source>
      <source id="B_Head_matrix-output" name="B_Head_matrix-output">
        <float_array id="B_Head_matrix-output-array" count="400"> 0.98408651 0.17358986 -0.037950244 10.019302 -0.16961533 0.85404319 -0.49177313 1.4083138 -0.052955668 0.49038419 0.86989611 0 0 0 0 1 0.99889386 -0.019895248 0.042606015 10.019318 0.032238752 0.94936371 -0.31252068 1.4083099 -0.034230933 0.31354859 0.94895482 -1.9073486e-06 0 0 0 1 0.95206153 -0.29364261 0.085748874 10.01931 0.29900116 0.95248604 -0.058042441 1.4083252 -0.064630851 0.080898985 0.99462479 0 0 0 0 1 0.89078343 -0.45247421 0.042093173 10.019318 0.44491223 0.88723785 0.12191084 1.4083099 -0.092508145 -0.089868404 0.99164808 1.9073486e-06 0 0 0 1 0.8851136 -0.4567742 0.089057215 10.019318 0.41288209 0.85905498 0.30257699 1.4083099 -0.21471442 -0.23104489 0.94895506 0 0 0 0 1 0.95377696 -0.10012987 0.28334352 10.01931 0.022721834 0.96418744 0.26424608 1.4083176 -0.29965526 -0.2455937 0.92189491 0 0 0 0 1 0.91325247 0.24124984 0.32828104 10.01931 -0.2844848 0.9544462 0.090003319 1.4083099 -0.29161331 -0.17558669 0.94028252 0 0 0 0 1 0.91518122 0.22943701 0.33136418 10.01931 -0.26193824 0.96343833 0.056350704 1.4082947 -0.30631992 -0.13836806 0.94181877 0 0 0 0 1 0.93175781 0.10532477 0.34746915 10.019325 -0.13268594 0.98958415 0.055842154 1.4083252 -0.33796838 -0.098135628 0.93602729 0 0 0 0 1 0.94178903 -0.068262845 0.3292025 10.01931 0.043348603 0.99565285 0.082444213 1.4082947 -0.33339924 -0.063374586 0.94065344 0 0 0 0 1 0.94699484 -0.22356637 0.23069318 10.019318 0.20225424 0.97284561 0.11253856 1.4083099 -0.24958871 -0.05991476 0.96649665 9.5367432e-07 0 0 0 1 0.9446457 -0.32616156 0.035545181 10.019318 0.32136622 0.94165814 0.10002199 1.4083099 -0.066094719 -0.083062343 0.99435008 0 0 0 0 1 0.90443975 -0.37530485 -0.20281824 10.019318 0.38349512 0.9235422 0.0011747925 1.4083405 0.18687035 -0.078842334 0.97921556 0 0 0 0 1 0.82327068 -0.39600429 -0.40670171 10.019318 0.35461339 0.91824865 -0.1762653 1.4083557 0.44325498 0.00089216261 0.89639515 1.5258789e-05 0 0 0 1 0.76021695 -0.40949857 -0.50436187 10.019302 0.23253915 0.89641625 -0.37731051 1.4083099 0.60662633 0.16955398 0.77669549 1.5258789e-05 0 0 0 1 0.7848345 -0.38000834 -0.48951888 10.019325 0.075541429 0.84269667 -0.53306282 1.4082794 0.61508417 0.38138703 0.69008374 -3.0517578e-05 0 0 0 1 0.88845092 -0.24917984 -0.38544044 10.019287 -0.038065314 0.79689437 -0.60291839 1.4083099 0.45739034 0.55033535 0.69851637 -3.0517578e-05 0 0 0 1 0.9714188 -0.037006322 -0.23446968 10.019318 -0.1123097 0.79856229 -0.59134138 1.4083176 0.20912203 0.60077327 0.77158237 3.0517578e-05 0 0 0 1 0.98031443 0.17580479 -0.089868173 10.019287 -0.19644707 0.82282794 -0.53325677 1.4083214 -0.019803047 0.54041362 0.84116644 -3.0517578e-05 0 0 0 1 0.97484893 0.21582855 0.055562854 10.019318 -0.15533091 0.83676726 -0.52506441 1.4083099 -0.15981707 0.50322789 0.84924674 -3.0517578e-05 0 0 0 1 0.97524726 0.16707054 0.14484434 10.019318 -0.062158674 0.83578885 -0.5455209 1.4083099 -0.21219976 0.52301455 0.82548583 -3.0517578e-05 0 0 0 1 0.97898281 0.16247073 0.12327083 10.019287 -0.072416745 0.84198427 -0.53461975 1.4083176 -0.19065213 0.51445675 0.83605379 3.0517578e-05 0 0 0 1 0.984833 0.16225179 0.06146545 10.019318 -0.10751854 0.84875089 -0.51774675 1.4083099 -0.13617414 0.50328535 0.85332328 0 0 0 0 1 0.98583102 0.16769105 -0.0041345288 10.019318 -0.14732882 0.85381413 -0.49929541 1.4083099 -0.080197245 0.49282998 0.86642212 0 0 0 0 1 0.98408645 0.17358987 -0.037950233 10.019318 -0.16961531 0.85404319 -0.49177313 1.4083099 -0.052955676 0.49038419 0.86989611 0 0 0 0 1 </float_array>
        <technique_common>
          <accessor count="25" offset="0" source="#B_Head_matrix-output-array" stride="16">
            <param name="TRANSFORM" type="float4x4" />
          </accessor>
        </technique_common>
      </source>
      <source id="B_Head_matrix-interpolation">
        <Name_array id="B_Head_matrix-interpolation-array" count="25"> LINEAR LINEAR LINEAR LINEAR LINEAR LINEAR LINEAR LINEAR LINEAR LINEAR LINEAR LINEAR LINEAR LINEAR LINEAR LINEAR LINEAR LINEAR LINEAR LINEAR LINEAR LINEAR LINEAR LINEAR LINEAR </Name_array>
        <technique_common>
          <accessor source="#B_Head_matrix-interpolation-array" count="25" stride="1">
            <param name="INTERPOLATION" type="name"></param>
          </accessor>
        </technique_common>
      </source>
      <source id="B_L_Calf_matrix-input" name="B_L_Calf_matrix-input">
        <float_array id="B_L_Calf_matrix-input-array" count="25"> 0 1 2 3 4 5 6 7 8 9 10 11 12 13 14 15 16 17 18 19 20 21 22 23 24 </float_array>
        <technique_common>
          <accessor count="25" offset="0" source="#B_L_Calf_matrix-input-array" stride="1">
            <param name="TIME" type="float" />
          </accessor>
        </technique_common>
      </source>
      <source id="B_L_Calf_matrix-output" name="B_L_Calf_matrix-output">
        <float_array id="B_L_Calf_matrix-output-array" count="400"> 0.87463474 0.48478273 4.7988232e-07 50.282738 -0.48478273 0.87463474 7.9969668e-06 1.9073486e-06 3.4570696e-06 -7.2270645e-06 0.99999994 7.6293945e-06 0 0 0 1 0.59051478 0.80702698 8.2723409e-07 50.282753 -0.80702698 0.59051478 7.7140439e-06 0 5.7369475e-06 -5.222857e-06 1 3.8146973e-06 0 0 0 1 0.39319682 0.91945457 8.491503e-07 50.282745 -0.91945446 0.39319685 7.4413324e-06 -7.6293945e-06 6.5080826e-06 -3.7066634e-06 1.0000001 2.3841858e-06 0 0 0 1 0.27138242 0.96247178 9.1532922e-07 50.282753 -0.96247178 0.27138242 7.337318e-06 -7.6293945e-06 6.813556e-06 -2.8721979e-06 1.0000001 3.8146973e-06 0 0 0 1 -0.26789141 0.96344924 9.268781e-07 50.282745 -0.96344912 -0.26789144 6.8655545e-06 -1.5258789e-05 6.8629151e-06 9.4622294e-07 1 4.7683716e-06 0 0 0 1 0.74897921 0.66259366 6.1786363e-07 50.282745 -0.66259348 0.74897939 7.7895256e-06 -7.6293945e-06 4.6985215e-06 -6.2435865e-06 1 3.8146973e-06 0 0 0 1 -0.16214818 0.98676687 9.1442257e-07 50.282753 -0.98676676 -0.16214819 6.9547586e-06 0 7.0109973e-06 2.2538018e-07 1 3.8146973e-06 0 0 0 1 -0.54830146 0.83628112 8.036809e-07 50.282761 -0.83628112 -0.54830146 6.5558716e-06 7.6293945e-06 5.9232107e-06 2.92249e-06 1 3.8146973e-06 0 0 0 1 -0.76563781 0.64327246 5.8021419e-07 50.282753 -0.64327234 -0.76563799 6.34567e-06 0 4.5262277e-06 4.48525e-06 1 0 0 0 0 1 -0.79999191 0.60001147 5.6168454e-07 50.282738 -0.60001135 -0.79999202 6.3538614e-06 -3.0517578e-05 4.2617321e-06 4.7460207e-06 0.99999994 9.5367432e-07 0 0 0 1 -0.41541278 0.90963316 8.9121909e-07 50.282776 -0.90963292 -0.41541287 6.7189521e-06 1.5258789e-05 6.4820042e-06 1.9804572e-06 1 -1.9073486e-06 0 0 0 1 0.33018079 0.94391793 8.6173031e-07 50.282745 -0.94391793 0.33018079 7.3974638e-06 -3.8146973e-06 6.6980724e-06 -3.255903e-06 1 5.2452087e-06 0 0 0 1 0.50535101 0.86291409 8.6309728e-07 50.282745 -0.86291403 0.50535107 7.5918506e-06 3.0517578e-05 6.1149472e-06 -4.5813285e-06 1 1.9073486e-06 0 0 0 1 0.85828429 0.51317483 5.0658878e-07 50.282745 -0.51317471 0.85828447 7.8597541e-06 0 3.5986302e-06 -7.0058741e-06 1 4.7683716e-06 0 0 0 1 0.96036428 0.27874929 1.9470053e-07 50.282761 -0.27874929 0.96036428 7.9944321e-06 3.0517578e-05 2.0414591e-06 -7.73184e-06 1 0 0 0 0 1 0.92721283 0.37453547 2.964747e-07 50.282776 -0.37453547 0.92721283 7.9749625e-06 3.0517578e-05 2.7120116e-06 -7.5055282e-06 1 -1.5258789e-05 0 0 0 1 0.86210167 0.50673586 5.1564825e-07 50.282745 -0.5067358 0.86210179 7.9935598e-06 0 3.6060812e-06 -7.1525596e-06 1 0 0 0 0 1 0.84215093 0.53924215 6.6546545e-07 50.282745 -0.53924215 0.84215093 7.9476586e-06 0 3.7252903e-06 -7.051975e-06 1 0 0 0 0 1 0.87463552 0.48478159 4.0968035e-07 50.282768 -0.48478159 0.87463552 7.9932815e-06 0 3.5166743e-06 -7.1898125e-06 1.0000001 -3.0517578e-05 0 0 0 1 0.84513116 0.53455925 5.8350247e-07 50.282761 -0.53455925 0.84513116 7.8914118e-06 0 3.7252905e-06 -6.9811945e-06 1 -3.0517578e-05 0 0 0 1 0.83731794 0.54671633 4.9021406e-07 50.282745 -0.54671627 0.83731806 7.9462998e-06 0 3.9339066e-06 -6.9215889e-06 0.99999988 0 0 0 0 1 0.84288299 0.53809708 4.8909737e-07 50.28273 -0.53809708 0.84288299 7.8553658e-06 0 3.8146973e-06 -6.884336e-06 1 -3.0517578e-05 0 0 0 1 0.85545975 0.51786959 5.3200461e-07 50.282776 -0.51786959 0.85545975 7.8996572e-06 1.5258789e-05 3.6358836e-06 -7.0333476e-06 1 0 0 0 0 1 0.86852735 0.49564174 4.0204714e-07 50.282745 -0.49564174 0.86852735 7.9800993e-06 1.5258789e-05 3.606081e-06 -7.1302056e-06 1 3.0517578e-05 0 0 0 1 0.8746351 0.4847821 4.5820485e-07 50.282761 -0.4847821 0.8746351 7.9578667e-06 0 3.4570689e-06 -7.1823579e-06 1.0000001 0 0 0 0 1 </float_array>
        <technique_common>
          <accessor count="25" offset="0" source="#B_L_Calf_matrix-output-array" stride="16">
            <param name="TRANSFORM" type="float4x4" />
          </accessor>
        </technique_common>
      </source>
      <source id="B_L_Calf_matrix-interpolation">
        <Name_array id="B_L_Calf_matrix-interpolation-array" count="25"> LINEAR LINEAR LINEAR LINEAR LINEAR LINEAR LINEAR LINEAR LINEAR LINEAR LINEAR LINEAR LINEAR LINEAR LINEAR LINEAR LINEAR LINEAR LINEAR LINEAR LINEAR LINEAR LINEAR LINEAR LINEAR </Name_array>
        <technique_common>
          <accessor source="#B_L_Calf_matrix-interpolation-array" count="25" stride="1">
            <param name="INTERPOLATION" type="name"></param>
          </accessor>
        </technique_common>
      </source>
      <source id="B_L_Clavicle_matrix-input" name="B_L_Clavicle_matrix-input">
        <float_array id="B_L_Clavicle_matrix-input-array" count="25"> 0 1 2 3 4 5 6 7 8 9 10 11 12 13 14 15 16 17 18 19 20 21 22 23 24 </float_array>
        <technique_common>
          <accessor count="25" offset="0" source="#B_L_Clavicle_matrix-input-array" stride="1">
            <param name="TIME" type="float" />
          </accessor>
        </technique_common>
      </source>
      <source id="B_L_Clavicle_matrix-output" name="B_L_Clavicle_matrix-output">
        <float_array id="B_L_Clavicle_matrix-output-array" count="400"> -0.01759064 -0.00078422565 0.99984503 17.736847 -0.17375694 -0.98478109 -0.0038293749 0.073141098 0.98463148 -0.17379734 0.017186522 5.0180159 0 0 0 1 0.34565702 -0.00079562888 0.93836051 17.736847 0.032398738 -0.99939334 -0.012781862 0.073139191 0.9378016 0.034819838 -0.34542152 5.0180187 0 0 0 1 0.66533029 -0.00076075655 0.74654877 17.736855 0.21955031 -0.95557892 -0.19663869 0.073135376 0.7135359 0.29473469 -0.63560838 5.0180149 0 0 0 1 0.50698817 -0.00074891734 0.86195272 17.736847 0.29279828 -0.94038659 -0.17303678 0.073150635 0.81069857 0.3401058 -0.47654569 5.0180149 0 0 0 1 0.22859949 -0.00076091278 0.97352028 17.736847 0.28676426 -0.95557868 -0.068084113 0.073135376 0.93032718 0.29473478 -0.21822655 5.0180187 0 0 0 1 0.15093558 -0.00078596157 0.98854315 17.736858 0.15861608 -0.98702359 -0.025003035 0.073150635 0.97573531 0.16057269 -0.14885244 5.0180159 0 0 0 1 0.13731529 -0.00079616829 0.99052733 17.736855 0.0072354693 -0.99997258 -0.0018068023 0.073143005 0.99050111 0.0074150302 -0.13730577 5.0180159 0 0 0 1 0.13353042 -0.00079194078 0.99104422 17.736832 -0.10492444 -0.99439043 0.013342591 0.073143005 0.98547453 -0.10576644 -0.13286434 5.0180149 0 0 0 1 0.14322253 -0.00077706593 0.98969012 17.736847 -0.21434772 -0.97628903 0.03025268 0.073139191 0.96620005 -0.21647072 -0.13999307 5.0180159 0 0 0 1 0.14796424 -0.00076010841 0.98899245 17.736847 -0.29420862 -0.95476103 0.04328309 0.073150635 0.94421816 -0.29737449 -0.14149415 5.0180159 0 0 0 1 0.12934147 -0.00075335801 0.99159974 17.736862 -0.32127383 -0.94609034 0.041187283 0.073120117 0.93811184 -0.32390234 -0.1226108 5.0180149 0 0 0 1 0.052705824 -0.00077594811 0.99860978 17.736847 -0.22391996 -0.97454494 0.011061079 0.073150635 0.97318143 -0.22419162 -0.051538106 5.018013 0 0 0 1 -0.055139899 -0.00079598278 0.99847835 17.736847 -0.039205685 -0.99922681 -0.0029616707 0.073150635 0.99770868 -0.03930933 0.055065986 5.0180206 0 0 0 1 -0.11959063 -0.00079398602 0.99282277 17.736855 0.070791058 -0.99746132 0.0077294465 0.073150635 0.9902963 0.071207367 0.11934307 5.0180206 0 0 0 1 -0.12220488 -0.00079446286 0.99250466 17.736862 0.061275356 -0.99809837 0.0067457459 0.073135376 0.99061149 0.061640441 0.12202083 5.0180054 0 0 0 1 -0.10141801 -0.00079648383 0.99484354 17.736847 0.0094221914 -0.99995577 0.0001599551 0.073150635 0.99479926 0.0093898308 0.1014208 5.0180359 0 0 0 1 -0.069074042 -0.00079453731 0.99761146 17.736832 -0.06245514 -0.99803454 -0.0051192357 0.073143005 0.99565476 -0.062659539 0.068888679 5.0180054 0 0 0 1 -0.037118196 -0.0007892251 0.99931061 17.736862 -0.13119245 -0.99134088 -0.0056558996 0.073143005 0.99066186 -0.13131194 0.036693096 5.0180359 0 0 0 1 -0.017590642 -0.0007843374 0.99984497 17.736847 -0.1737569 -0.98478103 -0.0038294941 0.073127747 0.98463148 -0.17379731 0.017186642 5.0180359 0 0 0 1 -0.01113391 -0.00078164804 0.99993771 17.736862 -0.18904647 -0.98196435 -0.0028725341 0.073135376 0.98190516 -0.18906669 0.010785222 5.0179749 0 0 0 1 -0.0093257418 -0.00078121573 0.99995625 17.736862 -0.19331868 -0.98113275 -0.0025694147 0.073120117 0.98109168 -0.19333419 0.0089986324 5.0179749 0 0 0 1 -0.010617136 -0.00078174466 0.99994326 17.736847 -0.19026753 -0.98172837 -0.0027876792 0.073150635 0.98167479 -0.19028637 0.010274231 5.0180359 0 0 0 1 -0.013458371 -0.00078296661 0.99990922 17.736847 -0.183548 -0.98300552 -0.0032401979 0.073135376 0.98291868 -0.18357493 0.013085783 5.0180054 0 0 0 1 -0.016299367 -0.00078335404 0.9998669 17.736847 -0.17681873 -0.98423672 -0.0036535189 0.073135376 0.98410851 -0.17685473 0.015903831 5.0179749 0 0 0 1 -0.01759064 -0.00078435231 0.99984503 17.736847 -0.1737569 -0.98478109 -0.0038294941 0.073135376 0.98463148 -0.17379731 0.017186522 5.0180054 0 0 0 1 </float_array>
        <technique_common>
          <accessor count="25" offset="0" source="#B_L_Clavicle_matrix-output-array" stride="16">
            <param name="TRANSFORM" type="float4x4" />
          </accessor>
        </technique_common>
      </source>
      <source id="B_L_Clavicle_matrix-interpolation">
        <Name_array id="B_L_Clavicle_matrix-interpolation-array" count="25"> LINEAR LINEAR LINEAR LINEAR LINEAR LINEAR LINEAR LINEAR LINEAR LINEAR LINEAR LINEAR LINEAR LINEAR LINEAR LINEAR LINEAR LINEAR LINEAR LINEAR LINEAR LINEAR LINEAR LINEAR LINEAR </Name_array>
        <technique_common>
          <accessor source="#B_L_Clavicle_matrix-interpolation-array" count="25" stride="1">
            <param name="INTERPOLATION" type="name"></param>
          </accessor>
        </technique_common>
      </source>
      <source id="B_L_Finger0_matrix-input" name="B_L_Finger0_matrix-input">
        <float_array id="B_L_Finger0_matrix-input-array" count="25"> 0 1 2 3 4 5 6 7 8 9 10 11 12 13 14 15 16 17 18 19 20 21 22 23 24 </float_array>
        <technique_common>
          <accessor count="25" offset="0" source="#B_L_Finger0_matrix-input-array" stride="1">
            <param name="TIME" type="float" />
          </accessor>
        </technique_common>
      </source>
      <source id="B_L_Finger0_matrix-output" name="B_L_Finger0_matrix-output">
        <float_array id="B_L_Finger0_matrix-output-array" count="400"> 0.80900669 0.13246357 0.57267964 1.4603271 0.15583248 0.89108169 -0.42625138 1.9355469 -0.56676686 0.43408218 0.70024884 -2.4376602 0 0 0 1 0.43264386 -0.0088640731 0.90152162 1.4603252 0.69945222 0.63422358 -0.32943431 1.9355469 -0.56884605 0.77309871 0.28059313 -2.4376678 0 0 0 1 -0.20411275 0.14711188 0.96783113 1.4603271 0.97413975 0.12838255 0.18592906 1.9355545 -0.096900247 0.98075277 -0.16951211 -2.4376602 0 0 0 1 -0.26593006 0.18498166 0.94607818 1.4603271 0.96370018 0.075175159 0.256185 1.9355545 -0.023732036 0.97986245 -0.19825825 -2.4376602 0 0 0 1 -0.20411301 0.14711179 0.96783108 1.4603271 0.97413981 0.12838261 0.1859293 1.9355526 -0.096900284 0.98075271 -0.16951211 -2.4376602 0 0 0 1 -0.20411298 0.14711176 0.96783119 1.4603195 0.97413969 0.12838258 0.18592931 1.9355507 -0.096900269 0.98075253 -0.16951214 -2.4376574 0 0 0 1 -0.20411316 0.14711176 0.96783113 1.4603348 0.97413981 0.12838261 0.18592943 1.9355545 -0.09690024 0.98075271 -0.16951214 -2.4376593 0 0 0 1 -0.20411313 0.14711191 0.96783108 1.4603119 0.97413981 0.12838261 0.18592942 1.9355545 -0.096900284 0.98075271 -0.16951223 -2.4376593 0 0 0 1 -0.2041131 0.14711195 0.96783113 1.4603424 0.97413963 0.12838253 0.18592936 1.9355621 -0.09690021 0.98075259 -0.16951235 -2.4376554 0 0 0 1 -0.20411283 0.14711201 0.96783108 1.4603271 0.97413951 0.12838253 0.18592918 1.9355316 -0.096900135 0.98075259 -0.16951235 -2.4376602 0 0 0 1 -0.20411301 0.14711177 0.96783084 1.4603271 0.97413981 0.12838259 0.18592925 1.9355621 -0.096900284 0.98075259 -0.16951208 -2.4376678 0 0 0 1 -0.23207051 0.16354646 0.95885158 1.4602966 0.97054839 0.10444392 0.21708719 1.9355621 -0.064642414 0.98099095 -0.18296842 -2.4376526 0 0 0 1 -0.25925907 0.18061794 0.94876921 1.4603271 0.96527886 0.080966748 0.24835691 1.9355545 -0.031961109 0.98021483 -0.19533834 -2.4376602 0 0 0 1 -0.20411289 0.14711201 0.96783108 1.4602661 0.97413981 0.12838253 0.18592918 1.9355469 -0.096900165 0.98075259 -0.16951235 -2.4376678 0 0 0 1 -0.020214796 0.062428273 0.99784553 1.4602966 0.9595238 0.28162232 0.0018191646 1.9355469 -0.28090194 0.95749259 -0.065594472 -2.4376678 0 0 0 1 0.24637577 -0.0021396275 0.96917242 1.4603119 0.84332103 0.49326983 -0.21329404 1.9355469 -0.47760701 0.86987352 0.12333421 -2.4376526 0 0 0 1 0.51753509 0.00018703938 0.85566229 1.4603271 0.61410344 0.6962775 -0.37158409 1.9355469 -0.59584761 0.71777272 0.36023331 -2.4377136 0 0 0 1 0.71361852 0.06305138 0.69769144 1.4603329 0.34845829 0.8320415 -0.43160599 1.9355164 -0.60772151 0.5511182 0.57178962 -2.4376831 0 0 0 1 0.80900669 0.13246357 0.57267964 1.4603424 0.15583248 0.89108169 -0.42625138 1.9355469 -0.56676686 0.43408218 0.70024884 -2.4376526 0 0 0 1 0.84099066 0.16936696 0.5138576 1.4603271 0.068992347 0.90841925 -0.41232851 1.9355469 -0.53663284 0.38221666 0.75228709 -2.4376831 0 0 0 1 0.84872824 0.18029547 0.49714571 1.4603271 0.044717159 0.91225278 -0.40718001 1.9355469 -0.52693504 0.36781612 0.76619244 -2.4376678 0 0 0 1 0.84325659 0.17246386 0.50909197 1.4603271 0.062052373 0.90956044 -0.41091293 1.9355774 -0.53391743 0.3780953 0.75629121 -2.4376678 0 0 0 1 0.83025169 0.15568972 0.53520375 1.4603348 0.10025048 0.90283018 -0.41814837 1.9355164 -0.54829919 0.40082279 0.73396838 -2.4376526 0 0 0 1 0.81593782 0.13956758 0.56104028 1.4603348 0.13847178 0.89499998 -0.42402905 1.9355469 -0.5613116 0.42366964 0.71093822 -2.4376678 0 0 0 1 0.80900669 0.13246357 0.57267964 1.4603271 0.15583248 0.89108169 -0.42625138 1.9355469 -0.56676686 0.43408218 0.70024884 -2.4376831 0 0 0 1 </float_array>
        <technique_common>
          <accessor count="25" offset="0" source="#B_L_Finger0_matrix-output-array" stride="16">
            <param name="TRANSFORM" type="float4x4" />
          </accessor>
        </technique_common>
      </source>
      <source id="B_L_Finger0_matrix-interpolation">
        <Name_array id="B_L_Finger0_matrix-interpolation-array" count="25"> LINEAR LINEAR LINEAR LINEAR LINEAR LINEAR LINEAR LINEAR LINEAR LINEAR LINEAR LINEAR LINEAR LINEAR LINEAR LINEAR LINEAR LINEAR LINEAR LINEAR LINEAR LINEAR LINEAR LINEAR LINEAR </Name_array>
        <technique_common>
          <accessor source="#B_L_Finger0_matrix-interpolation-array" count="25" stride="1">
            <param name="INTERPOLATION" type="name"></param>
