<?xml version="1.0" encoding="UTF-8" standalone="no" ?>
<COLLADA xmlns="http://www.collada.org/2005/11/COLLADASchema" version="1.4.1">
  <asset>
    <contributor>
      <author>Assimp</author>
      <authoring_tool>FBX SDK/FBX Plugins version 2013.1</authoring_tool>
    </contributor>
    <created>2020-08-21T13:47:42</created>
    <modified>2020-08-21T13:47:42</modified>
    <unit name="meter" meter="1" />
    <up_axis>Y_UP</up_axis>
  </asset>
  <library_geometries>
  </library_geometries>
  <library_controllers>
  </library_controllers>
  <library_visual_scenes>
    <visual_scene id="RootNode" name="RootNode">
      <node id="Motion_aAssimpFbxa_Translation"  name="Motion_$AssimpFbx$_Translation" type="NODE">
        <matrix sid="matrix">1 0 0 9.92585e-07 0 1 0 0 0 0 1 -0.17328988 0 0 0 1</matrix>
        <node id="Motion_aAssimpFbxa_PreRotation"  name="Motion_$AssimpFbx$_PreRotation" type="NODE">
          <matrix sid="matrix">1 0 0 0 0 -4.3711388e-08 1 0 0 -1 -4.3711388e-08 0 0 0 0 1</matrix>
          <node id="Motion_aAssimpFbxa_Rotation"  name="Motion_$AssimpFbx$_Rotation" type="NODE">
            <matrix sid="matrix">1.3868001e-06 1 0 0 -1 1.3868001e-06 0 0 0 0 1 0 0 0 0 1</matrix>
            <node id="Motion_aAssimpFbxa_Scaling"  name="Motion_$AssimpFbx$_Scaling" type="NODE">
              <matrix sid="matrix">1 0 0 0 0 1 0 0 0 0 1 0 0 0 0 1</matrix>
              <node id="Motion"  name="Motion" type="NODE">
                <matrix sid="matrix">1 0 0 0 0 1 0 0 0 0 1 0 0 0 0 1</matrix>
                <node id="B_Pelvis"  name="B_Pelvis" type="NODE">
                  <matrix sid="matrix">-4.3711388e-08 0.60876256 0.79335248 0.17329331 0 -0.79335248 0.60876256 2.6999989 1 2.6609857e-08 3.4678539e-08 98.622734 0 0 0 1</matrix>
                  <node id="B_Spine"  name="B_Spine" type="NODE">
                    <matrix sid="matrix">0.99823147 0.047404032 -0.03587313 7.6762924 -0.037805337 0.97190607 0.23231289 -1.6268322 0.045877885 -0.23054582 0.97197938 0.0023474693 0 0 0 1</matrix>
                    <node id="B_Spine1"  name="B_Spine1" type="NODE">
                      <matrix sid="matrix">0.99970514 -0.024198718 0.0019994096 12.747765 0.024175957 0.99965024 0.010716196 -0.014275074 -0.0022580286 -0.0106647 0.99994057 0.00015211105 0 0 0 1</matrix>
                      <node id="B_Spine2"  name="B_Spine2" type="NODE">
                        <matrix sid="matrix">0.9988209 -0.04840361 0.003731553 17.935463 0.04831202 0.99859816 0.021625748 -0.026443481 -0.0047730859 -0.02141997 0.9997592 0.00054788589 0 0 0 1</matrix>
                        <node id="B_L_Clavicle"  name="B_L_Clavicle" type="NODE">
                          <matrix sid="matrix">-0.017590661 -0.00078421831 0.99984497 17.736847 -0.17375694 -0.98478115 -0.0038293824 0.073142052 0.98463148 -0.17379735 0.017186686 5.0180159 0 0 0 1</matrix>
                          <node id="B_L_UpperArm"  name="B_L_UpperArm" type="NODE">
                            <matrix sid="matrix">0.67658818 0.40229213 0.61675727 17.464663 -0.50647587 0.86222732 -0.0067964196 3.8146973e-06 -0.53451914 -0.30777428 0.78712404 0 0 0 0 1</matrix>
                            <node id="B_L_Forearm"  name="B_L_Forearm" type="NODE">
                              <matrix sid="matrix">-0.13640085 0.98478985 0.10762785 27.628185 -0.99065375 -0.13559341 -0.014819423 0 -3.8743019e-07 -0.10864332 0.99408078 -1.5258789e-05 0 0 0 1</matrix>
                              <node id="B_L_ForeArmTwist"  name="B_L_ForeArmTwist" type="NODE">
                                <matrix sid="matrix">1 6.200424e-08 -2.9302123e-07 11.99263 -2.980231e-08 0.99408078 0.10864372 -7.6293945e-06 2.9802311e-07 -0.10864372 0.99408078 7.6293945e-06 0 0 0 1</matrix>
                                <node id="B_L_Hand"  name="B_L_Hand" type="NODE">
                                  <matrix sid="matrix">0.96626526 -0.09560214 0.2391479 11.992649 -0.24727415 -0.084708594 0.96523571 0 -0.072020724 -0.99180877 -0.10549091 0 0 0 0 1</matrix>
                                  <node id="B_L_Finger0"  name="B_L_Finger0" type="NODE">
                                    <matrix sid="matrix">0.80900645 0.13246359 0.57267964 1.4603271 0.15583254 0.89108139 -0.4262512 1.9355392 -0.56676692 0.43408209 0.70024848 -2.4376678 0 0 0 1</matrix>
                                    <node id="B_L_Finger01"  name="B_L_Finger01" type="NODE">
                                      <matrix sid="matrix">0.80299318 -0.59598827 -7.6234649e-08 3.7140198 0.59598827 0.80299318 2.692461e-08 -7.6293945e-06 4.5169148e-08 -6.7055232e-08 1 -2.2888184e-05 0 0 0 1</matrix>
                                      <node id="B_L_Finger02"  name="B_L_Finger02" type="NODE">
                                        <matrix sid="matrix">0.55218464 -0.83372188 -6.4214738e-08 5.529932 0.83372188 0.55218464 5.1466767e-08 1.5258789e-05 -7.4505788e-09 -8.1956387e-08 1 2.6702881e-05 0 0 0 1</matrix>
                                      </node>
                                    </node>
                                  </node>
                                  <node id="B_L_Finger1"  name="B_L_Finger1" type="NODE">
                                    <matrix sid="matrix">0.27254894 -0.95552641 0.11263388 11.625465 0.92804092 0.23019092 -0.29283464 3.1205368 0.25388393 0.18434064 0.94950593 -3.0983582 0 0 0 1</matrix>
                                    <node id="B_L_Finger11"  name="B_L_Finger11" type="NODE">
                                      <matrix sid="matrix">-0.25881925 -0.96592575 5.371696e-08 4.4568329 0.96592575 -0.25881925 2.9820249e-08 0 -1.4901163e-08 5.9604652e-08 1 1.5258789e-05 0 0 0 1</matrix>
                                      <node id="B_L_Finger12"  name="B_L_Finger12" type="NODE">
                                        <matrix sid="matrix">0.57357556 -0.81915265 2.4535458e-07 3.3311615 0.81915265 0.57357556 -1.1722592e-07 -2.2888184e-05 -4.4703476e-08 2.6822079e-07 1 -1.9073486e-05 0 0 0 1</matrix>
                                      </node>
                                    </node>
                                  </node>
                                  <node id="B_L_Finger2"  name="B_L_Finger2" type="NODE">
                                    <matrix sid="matrix">0.25808468 -0.96503472 0.045829199 11.814079 0.96096504 0.2515232 -0.11524855 2.4381027 0.099691741 0.073784143 0.99227893 0.83571625 0 0 0 1</matrix>
                                    <node id="B_L_Finger21"  name="B_L_Finger21" type="NODE">
                                      <matrix sid="matrix">-0.62068564 -0.78405952 4.7998697e-07 5.1996384 0.78405952 -0.62068564 1.1390054e-07 1.5258789e-05 2.0861619e-07 4.4703475e-07 1 7.6293945e-06 0 0 0 1</matrix>
                                      <node id="B_L_Finger22"  name="B_L_Finger22" type="NODE">
                                        <matrix sid="matrix">0.44828629 -0.89389002 -6.6400155e-08 5.1996269 0.89389002 0.44828629 1.9999987e-07 0 -1.4901161e-07 -1.4901164e-07 1 7.6293945e-06 0 0 0 1</matrix>
                                      </node>
                                    </node>
                                  </node>
                                  <node id="B_L_Finger3"  name="B_L_Finger3" type="NODE">
                                    <matrix sid="matrix">0.1384702 -0.99036652 0.00029717889 11.814064 0.99036658 0.13847022 5.9318354e-05 1.9342499 -9.9897348e-05 0.00028610221 0.99999994 4.600235 0 0 0 1</matrix>
                                    <node id="B_L_Finger31"  name="B_L_Finger31" type="NODE">
                                      <matrix sid="matrix">-0.058766864 -0.99827176 -9.7472594e-07 4.45681 0.99827176 -0.058766864 -1.1918295e-06 1.5258789e-05 1.1324881e-06 -1.0430814e-06 1 3.8146973e-06 0 0 0 1</matrix>
                                      <node id="B_L_Finger32"  name="B_L_Finger32" type="NODE">
                                        <matrix sid="matrix">-0.058766745 -0.99827176 -1.9162449e-06 4.4567719 0.99827176 -0.058766745 -1.4263784e-06 -1.5258789e-05 1.3113017e-06 -1.9967567e-06 1 0 0 0 0 1</matrix>
                                      </node>
                                    </node>
                                  </node>
                                  <node id="B_L_Finger4"  name="B_L_Finger4" type="NODE">
                                    <matrix sid="matrix">0.14714384 -0.98122936 -0.12464994 11.857193 0.9836868 0.15835436 -0.085346952 4.0528946 0.1034838 -0.11005823 0.98852324 6.5145187 0 0 0 1</matrix>
                                    <node id="B_L_Finger41"  name="B_L_Finger41" type="NODE">
                                      <matrix sid="matrix">-0.18123157 -0.98344046 -2.1022865e-06 3.327652 0.98344046 -0.18123157 -3.7208724e-06 0 3.2782557e-06 -2.7418132e-06 1 1.1444092e-05 0 0 0 1</matrix>
                                      <node id="B_L_Finger42"  name="B_L_Finger42" type="NODE">
                                        <matrix sid="matrix">0.0019773988 -0.99999803 -2.3759389e-06 3.3276596 0.99999803 0.0019773988 -3.3629713e-06 -3.0517578e-05 3.3676629e-06 -2.3692842e-06 1 -1.9073486e-05 0 0 0 1</matrix>
                                      </node>
                                    </node>
                                  </node>
                                </node>
                              </node>
                            </node>
                          </node>
                        </node>
                        <node id="B_R_Clavicle"  name="B_R_Clavicle" type="NODE">
                          <matrix sid="matrix">-0.10452852 -0.00079657196 -0.9945215 17.736847 0.00023397958 -0.99999964 0.00077636726 0.074662209 -0.99452186 -0.00015154522 0.10452867 -5.0179634 0 0 0 1</matrix>
                          <node id="B_R_UpperArm"  name="B_R_UpperArm" type="NODE">
                            <matrix sid="matrix">0.65678829 0.184351 -0.73119342 17.464647 -0.58112288 0.74166942 -0.33499646 1.1444092e-05 0.48054689 0.64493501 0.59425038 1.5258789e-05 0 0 0 1</matrix>
                            <node id="B_R_Forearm"  name="B_R_Forearm" type="NODE">
                              <matrix sid="matrix">0.1257856 0.99193633 -0.015499667 27.628185 -0.99205744 0.12577026 -0.0019651239 -7.6293945e-06 1.1920932e-07 0.015623745 0.99987793 -1.5258789e-05 0 0 0 1</matrix>
                              <node id="B_R_ForeArmTwist"  name="B_R_ForeArmTwist" type="NODE">
                                <matrix sid="matrix">1 -1.3968749e-09 -8.9396053e-08 11.992638 0 0.99987793 -0.015623782 -1.1444092e-05 8.9406967e-08 0.015623782 0.99987793 0 0 0 0 1</matrix>
                                <node id="B_R_Hand"  name="B_R_Hand" type="NODE">
                                  <matrix sid="matrix">0.86458033 -0.066815831 -0.49803263 11.992653 -0.49769527 0.022792298 -0.86705244 -3.8146973e-06 0.069284134 0.99750501 -0.013548149 -1.5258789e-05 0 0 0 1</matrix>
                                  <node id="B_R_Finger0"  name="B_R_Finger0" type="NODE">
                                    <matrix sid="matrix">0.80900657 0.13246369 -0.57267946 1.4603195 0.15583244 0.89108133 0.42625135 1.9355469 0.5667668 -0.43408221 0.7002486 2.4376602 0 0 0 1</matrix>
                                    <node id="B_R_Finger01"  name="B_R_Finger01" type="NODE">
                                      <matrix sid="matrix">0.802993 -0.59598845 -2.5669956e-07 3.714035 0.59598845 0.802993 -7.918252e-08 -2.2888184e-05 2.5331983e-07 -8.9406974e-08 1 0 0 0 0 1</matrix>
                                      <node id="B_R_Finger02"  name="B_R_Finger02" type="NODE">
                                        <matrix sid="matrix">0.55218488 -0.8337217 6.6474541e-08 5.5299377 0.8337217 0.55218488 -1.1551919e-07 2.2888184e-05 5.9604623e-08 1.1920922e-07 1 2.2888184e-05 0 0 0 1</matrix>
                                      </node>
                                    </node>
                                  </node>
                                  <node id="B_R_Finger1"  name="B_R_Finger1" type="NODE">
                                    <matrix sid="matrix">0.27254859 -0.95552653 -0.11263388 11.625465 0.92804098 0.2301905 0.29283494 3.1205597 -0.25388429 -0.1843406 0.94950587 3.0983505 0 0 0 1</matrix>
                                    <node id="B_R_Finger11"  name="B_R_Finger11" type="NODE">
                                      <matrix sid="matrix">-0.25881937 -0.96592575 -1.0552919e-07 4.4568176 0.96592575 -0.25881937 -7.214652e-08 0 4.2375177e-08 -1.2060627e-07 1 3.8146973e-06 0 0 0 1</matrix>
                                      <node id="B_R_Finger12"  name="B_R_Finger12" type="NODE">
                                        <matrix sid="matrix">0.57357585 -0.81915247 2.2728315e-07 3.3311386 0.81915247 0.57357585 8.1849421e-08 -7.6293945e-06 -1.9741127e-07 1.392327e-07 1 -7.6293945e-06 0 0 0 1</matrix>
                                      </node>
                                    </node>
                                  </node>
                                  <node id="B_R_Finger2"  name="B_R_Finger2" type="NODE">
                                    <matrix sid="matrix">0.25808468 -0.96503466 -0.045829348 11.814064 0.96096504 0.25152317 0.11524836 2.438118 -0.099691525 -0.073784232 0.99227887 -0.83572006 0 0 0 1</matrix>
                                    <node id="B_R_Finger21"  name="B_R_Finger21" type="NODE">
                                      <matrix sid="matrix">-0.62068546 -0.7840597 -1.5163972e-07 5.1995964 0.7840597 -0.62068546 -7.2529758e-08 -1.5258789e-05 -3.7252914e-08 -1.6391276e-07 1 -3.6239624e-05 0 0 0 1</matrix>
                                      <node id="B_R_Finger22"  name="B_R_Finger22" type="NODE">
                                        <matrix sid="matrix">0.44828618 -0.89389008 3.3399923e-09 5.1996002 0.89389008 0.44828618 6.6600001e-09 1.5258789e-05 -7.4505806e-09 0 1 2.6702881e-05 0 0 0 1</matrix>
                                      </node>
                                    </node>
                                  </node>
                                  <node id="B_R_Finger3"  name="B_R_Finger3" type="NODE">
                                    <matrix sid="matrix">0.1384702 -0.99036652 -0.00029824051 11.814064 0.99036658 0.13847022 -5.9485919e-05 1.9342728 0.0001002103 -0.00028713042 0.99999994 -4.6002541 0 0 0 1</matrix>
                                    <node id="B_R_Finger31"  name="B_R_Finger31" type="NODE">
                                      <matrix sid="matrix">-0.058766745 -0.99827176 9.63262e-09 4.4567947 0.99827176 -0.058766745 -1.6362949e-07 -1.5258789e-05 1.6391277e-07 0 1 -3.8146973e-06 0 0 0 1</matrix>
                                      <node id="B_R_Finger32"  name="B_R_Finger32" type="NODE">
                                        <matrix sid="matrix">-0.058766864 -0.99827176 6.7902596e-07 4.4568176 0.99827176 -0.058766864 -1.2422328e-07 7.6293945e-06 1.639128e-07 6.705522e-07 1 -1.1444092e-05 0 0 0 1</matrix>
                                      </node>
                                    </node>
                                  </node>
                                  <node id="B_R_Finger4"  name="B_R_Finger4" type="NODE">
                                    <matrix sid="matrix">0.14714384 -0.98122966 0.12464786 11.857231 0.98368686 0.15835416 0.085347071 4.0529175 -0.10348359 0.11005617 0.98852354 -6.5145607 0 0 0 1</matrix>
                                    <node id="B_R_Finger41"  name="B_R_Finger41" type="NODE">
                                      <matrix sid="matrix">-0.18123135 -0.98344052 2.340326e-07 3.3276749 0.98344052 -0.18123135 7.8557986e-07 3.0517578e-05 -7.3015696e-07 3.725288e-07 1 3.0517578e-05 0 0 0 1</matrix>
                                      <node id="B_R_Finger42"  name="B_R_Finger42" type="NODE">
                                        <matrix sid="matrix">0.0019766835 -0.99999803 3.1413128e-07 3.3277206 0.99999803 0.0019766835 6.1032796e-07 3.0517578e-05 -6.1094772e-07 3.1292427e-07 1 -1.9073486e-05 0 0 0 1</matrix>
                                      </node>
                                    </node>
                                  </node>
                                </node>
                              </node>
                            </node>
                          </node>
                        </node>
                        <node id="B_Neck"  name="B_Neck" type="NODE">
                          <matrix sid="matrix">0.9745459 -0.20556867 -0.089452863 27.039749 0.20928559 0.97725385 0.034271039 1.128233 0.080373101 -0.052119896 0.99540126 0.00061249733 0 0 0 1</matrix>
                          <node id="B_Head"  name="B_Head" type="NODE">
                            <matrix sid="matrix">0.98408651 0.17358993 -0.037950255 10.019318 -0.1696154 0.85404325 -0.49177301 1.4083138 -0.052955691 0.49038413 0.86989599 0 0 0 0 1</matrix>
                          </node>
                        </node>
                      </node>
                    </node>
                  </node>
                  <node id="B_L_Thigh"  name="B_L_Thigh" type="NODE">
                    <matrix sid="matrix">-0.88179457 0.28008431 -0.37946165 0 0.35161921 0.9266268 -0.13314196 1.7642975e-05 0.31432834 -0.25082988 -0.91557747 11.161455 0 0 0 1</matrix>
                    <node id="B_L_Calf"  name="B_L_Calf" type="NODE">
                      <matrix sid="matrix">0.87463343 0.4847849 3.8003259e-07 50.282745 -0.4847849 0.87463343 8.0012096e-06 3.8146973e-06 3.5464759e-06 -7.1823588e-06 1 3.8146973e-06 0 0 0 1</matrix>
                      <node id="B_L_Foot"  name="B_L_Foot" type="NODE">
                        <matrix sid="matrix">0.90702879 -0.23339655 -0.35046375 39.728127 0.18250839 0.96798927 -0.17230028 -7.1525574e-07 0.37945944 0.092318743 0.920591 0 0 0 0 1</matrix>
                        <node id="B_L_Toe0"  name="B_L_Toe0" type="NODE">
                          <matrix sid="matrix">-4.3711388e-08 -1 2.1536839e-07 18.214443 1 -4.3711356e-08 1.490116e-07 14.545956 -1.4901158e-07 2.1536839e-07 1 0.012397766 0 0 0 1</matrix>
                        </node>
                      </node>
                    </node>
                  </node>
                  <node id="B_R_Thigh"  name="B_R_Thigh" type="NODE">
                    <matrix sid="matrix">-0.87342465 0.42952538 0.22942802 0 0.18168993 0.7245698 -0.66482133 -1.2397766e-05 -0.45179424 -0.53898662 -0.71089762 -11.161448 0 0 0 1</matrix>
                    <node id="B_R_Calf"  name="B_R_Calf" type="NODE">
                      <matrix sid="matrix">0.69287801 0.72105485 -8.5405418e-08 50.282742 -0.72105485 0.69287801 -4.8145303e-06 0 -3.4123648e-06 3.3974641e-06 1 -1.9073486e-06 0 0 0 1</matrix>
                      <node id="B_R_Foot"  name="B_R_Foot" type="NODE">
                        <matrix sid="matrix">0.91488838 -0.31722811 0.24969119 39.728123 0.33217847 0.94302452 -0.019032985 -1.9073486e-06 -0.2294271 0.10035509 0.96813846 3.8146973e-06 0 0 0 1</matrix>
                        <node id="B_R_Toe0"  name="B_R_Toe0" type="NODE">
                          <matrix sid="matrix">-1.6292068e-07 -1 6.3008395e-07 18.214439 1 -1.6292103e-07 -5.3644175e-07 14.545954 5.3644186e-07 6.3008383e-07 1 -0.012393951 0 0 0 1</matrix>
                        </node>
                      </node>
                    </node>
                  </node>
                </node>
              </node>
            </node>
          </node>
        </node>
      </node>
      <node id="Exporter_aAssimpFbxa_PreRotation"  name="Exporter_$AssimpFbx$_PreRotation" type="NODE">
        <matrix sid="matrix">1 0 0 0 0 -4.3711388e-08 1 0 0 -1 -4.3711388e-08 0 0 0 0 1</matrix>
        <node id="Exporter"  name="Exporter" type="NODE">
          <matrix sid="matrix">1 0 0 0 0 1 0 0 0 0 1 0 0 0 0 1</matrix>
        </node>
      </node>
    </visual_scene>
  </library_visual_scenes>
  <library_animations>
    <animation id="TakeW001AnimId0" name="Take 001">
      <source id="B_Head_matrix-input" name="B_Head_matrix-input">
        <float_array id="B_Head_matrix-input-array" count="33"> 0 1 2 3 4 5 6 7 8 9 10 11 12 13 14 15 16 17 18 19 20 21 22 23 24 25 26 27 28 29 30 31 32 </float_array>
        <technique_common>
          <accessor count="33" offset="0" source="#B_Head_matrix-input-array" stride="1">
            <param name="TIME" type="float" />
          </accessor>
        </technique_common>
      </source>
      <source id="B_Head_matrix-output" name="B_Head_matrix-output">
        <float_array id="B_Head_matrix-output-array" count="528"> 0.98408639 0.17358992 -0.037950251 10.019318 -0.16961539 0.85404319 -0.49177307 1.4083138 -0.05295568 0.49038413 0.86989611 0 0 0 0 1 0.99733865 0.071847573 0.012398669 10.019318 -0.061347667 0.9188537 -0.38980067 1.4083138 -0.039398786 0.38800263 0.92081594 0 0 0 0 1 0.99082351 -0.11452237 0.07178656 10.019318 0.1279953 0.96565652 -0.22610815 1.4083099 -0.043426711 0.23322167 0.97145343 0 0 0 0 1 0.95206153 -0.29364258 0.085748889 10.01931 0.29900116 0.95248592 -0.05804247 1.4083176 -0.064630881 0.080899023 0.99462461 -1.9073486e-06 0 0 0 1 0.9068107 -0.41870722 0.048773602 10.019312 0.40960363 0.90255606 0.1327316 1.4083176 -0.099596582 -0.10038459 0.98995137 -4.7683716e-07 0 0 0 1 0.88511354 -0.45677423 0.089057237 10.019314 0.41288206 0.85905504 0.30257705 1.4083176 -0.21471442 -0.23104489 0.9489553 -4.7683716e-07 0 0 0 1 0.89047742 -0.44188994 0.10855046 10.019314 0.40484843 0.87830603 0.2543157 1.4083128 -0.20772001 -0.18251593 0.96101016 1.9073486e-06 0 0 0 1 0.92348886 -0.37994927 0.052979905 10.019314 0.37199217 0.92065591 0.11838297 1.4083128 -0.093755789 -0.089617252 0.99155354 1.7881393e-07 0 0 0 1 0.97784215 -0.20934422 1.9445713e-07 10.019312 0.20934422 0.97784215 -1.0858176e-06 1.4083152 3.7161268e-08 1.1024667e-06 1 1.9179424e-07 0 0 0 1 0.97082561 -0.23835847 -0.026110547 10.019313 0.23825952 0.9711768 -0.0068799164 1.4083143 0.026997833 0.00045811301 0.99963552 2.9802322e-07 0 0 0 1 0.96861273 -0.24537313 -0.039769907 10.019314 0.24500763 0.96942174 -0.013892928 1.4083138 0.041962754 0.0037129358 0.99911237 4.61936e-07 0 0 0 1 0.97093248 -0.2353597 -0.043541651 10.019314 0.23464288 0.97185564 -0.020970892 1.4083138 0.047251884 0.010144583 0.99883163 2.3841858e-07 0 0 0 1 0.97625303 -0.21288672 -0.040119007 10.01931 0.21185857 0.97688806 -0.028388694 1.4083099 0.045235354 0.01921499 0.99879152 0 0 0 0 1 0.98269379 -0.18241192 -0.032234084 10.019312 0.18123047 0.98276591 -0.036426194 1.4083099 0.038323138 0.029954001 0.99881625 1.4901161e-07 0 0 0 1 0.98865598 -0.14849037 -0.022592487 10.019316 0.14736775 0.98805094 -0.045150097 1.4083176 0.029026881 0.041308511 0.99872482 2.3841858e-07 0 0 0 1 0.9931708 -0.11585068 -0.013815961 10.019314 0.11494529 0.99188584 -0.054314468 1.4083176 0.019996231 0.052355453 0.99842823 1.7881393e-07 0 0 0 1 0.99596369 -0.089362316 -0.0084090475 10.019314 0.088654995 0.99404454 -0.06337399 1.4083166 0.01402221 0.062372699 0.99795455 1.7881393e-07 0 0 0 1 0.99197936 -0.12640032 0.00042451179 10.019314 0.12630689 0.99110478 -0.041924231 1.4083152 0.0048785019 0.041641578 0.99912083 2.0861626e-07 0 0 0 1 0.97784215 -0.20934422 1.9445713e-07 10.019313 0.20934422 0.97784215 -1.0858176e-06 1.4083138 3.7161268e-08 1.1024667e-06 1 1.9177969e-07 0 0 0 1 0.87754852 -0.4752686 -0.063468769 10.01931 0.47706214 0.87872398 0.015997512 1.4083147 0.048168417 -0.044317149 0.99785554 0 0 0 0 1 0.85967612 -0.4497906 -0.24216758 10.019314 0.45061895 0.89100516 -0.055247761 1.4083176 0.2406224 -0.061630122 0.9686603 1.4305115e-06 0 0 0 1 0.8216418 -0.41075966 -0.39519805 10.019302 0.35656887 0.91130668 -0.20586158 1.4083099 0.44470629 0.028229158 0.89523149 -1.9073486e-06 0 0 0 1 0.80047816 -0.37378749 -0.46852735 10.01931 0.19431806 0.901335 -0.38708618 1.4083176 0.56698805 0.21881065 0.79413265 0 0 0 0 1 0.83404887 -0.31121418 -0.45553052 10.019318 0.022602854 0.84428233 -0.53542161 1.4083099 0.55122709 0.43627149 0.71120733 7.6293945e-06 0 0 0 1 0.91311204 -0.18160251 -0.36502999 10.019302 -0.083948791 0.79239064 -0.6042099 1.4083023 0.39897242 0.5823552 0.70829606 1.9073486e-06 0 0 0 1 0.97339278 0.0011339484 -0.22914074 10.019302 -0.14018546 0.7939651 -0.59158027 1.4083138 0.18125899 0.60796213 0.77299881 0 0 0 0 1 0.97944629 0.17988452 -0.091251068 10.019302 -0.20062561 0.82205379 -0.53289515 1.4083176 -0.020846305 0.54024941 0.84124684 9.5367432e-07 0 0 0 1 0.97028244 0.24043486 0.027263209 10.019302 -0.19420719 0.8409909 -0.50499308 1.4083157 -0.14434603 0.48469108 0.86269289 0 0 0 0 1 0.97372961 0.19814047 0.11220981 10.019318 -0.11066902 0.84246284 -0.52726513 1.4083157 -0.19900519 0.50099546 0.84225905 3.8146973e-06 0 0 0 1 0.9753772 0.16823773 0.14260389 10.019318 -0.06397973 0.83464098 -0.54706603 1.4083138 -0.21106021 0.52447182 0.82485342 0 0 0 0 1 0.98006338 0.17150187 0.10031323 10.019302 -0.090070687 0.83353627 -0.54507303 1.4083157 -0.17709573 0.52517086 0.83236587 0 0 0 0 1 0.98469543 0.17226829 0.026427111 10.019302 -0.13316284 0.8414911 -0.52360338 1.4083138 -0.11243843 0.51207095 0.85155207 0 0 0 0 1 0.98408639 0.17358994 -0.037950244 10.019318 -0.16961537 0.85404325 -0.4917731 1.4083138 -0.052955702 0.49038419 0.86989611 0 0 0 0 1 </float_array>
        <technique_common>
          <accessor count="33" offset="0" source="#B_Head_matrix-output-array" stride="16">
            <param name="TRANSFORM" type="float4x4" />
          </accessor>
        </technique_common>
      </source>
      <source id="B_Head_matrix-interpolation">
        <Name_array id="B_Head_matrix-interpolation-array" count="33"> LINEAR LINEAR LINEAR LINEAR LINEAR LINEAR LINEAR LINEAR LINEAR LINEAR LINEAR LINEAR LINEAR LINEAR LINEAR LINEAR LINEAR LINEAR LINEAR LINEAR LINEAR LINEAR LINEAR LINEAR LINEAR LINEAR LINEAR LINEAR LINEAR LINEAR LINEAR LINEAR LINEAR </Name_array>
        <technique_common>
          <accessor source="#B_Head_matrix-interpolation-array" count="33" stride="1">
            <param name="INTERPOLATION" type="name"></param>
          </accessor>
        </technique_common>
      </source>
      <source id="B_L_Calf_matrix-input" name="B_L_Calf_matrix-input">
        <float_array id="B_L_Calf_matrix-input-array" count="33"> 0 1 2 3 4 5 6 7 8 9 10 11 12 13 14 15 16 17 18 19 20 21 22 23 24 25 26 27 28 29 30 31 32 </float_array>
        <technique_common>
          <accessor count="33" offset="0" source="#B_L_Calf_matrix-input-array" stride="1">
            <param name="TIME" type="float" />
          </accessor>
        </technique_common>
      </source>
      <source id="B_L_Calf_matrix-output" name="B_L_Calf_matrix-output">
        <float_array id="B_L_Calf_matrix-output-array" count="528"> 0.87463355 0.48478493 3.8003236e-07 50.282745 -0.48478493 0.87463355 8.0012087e-06 3.8146973e-06 3.5464764e-06 -7.1823597e-06 1 3.8146973e-06 0 0 0 1 0.77115262 0.63665062 6.9294595e-07 50.282745 -0.6366505 0.77115268 7.8141975e-06 -1.9073486e-06 4.440546e-06 -6.467104e-06 1 3.8146973e-06 0 0 0 1 0.50818592 0.86124754 8.0487064e-07 50.282749 -0.86124754 0.50818592 7.6378801e-06 0 6.1690812e-06 -4.5746556e-06 1.0000001 0 0 0 0 1 -0.063674465 0.99797112 9.9616989e-07 50.282749 -0.997971 -0.063674472 6.9542275e-06 0 7.0035476e-06 -5.51342e-07 1.0000001 3.8146973e-06 0 0 0 1 -0.38927963 0.92111993 8.8502509e-07 50.282753 -0.92111993 -0.38927963 6.7641731e-06 -3.8146973e-06 6.5751369e-06 1.8179405e-06 1.0000001 3.3378601e-06 0 0 0 1 -0.043464188 0.9990555 9.0628066e-07 50.282768 -0.99905515 -0.043464206 7.1180325e-06 1.9073486e-06 7.1506965e-06 -5.9604537e-07 1.0000001 5.2452087e-06 0 0 0 1 0.25037262 0.96814966 9.1525771e-07 50.282742 -0.96814948 0.25037268 7.3225028e-06 -3.8146973e-06 6.8601221e-06 -2.719461e-06 1 3.8146973e-06 0 0 0 1 0.70518023 0.70902836 6.6158213e-07 50.282749 -0.70902824 0.70518035 7.7713566e-06 0 5.0435769e-06 -5.9492882e-06 1 1.9073486e-06 0 0 0 1 -0.86593896 0.50015074 4.7985333e-07 50.282764 -0.50015068 -0.86593908 6.2935378e-06 9.5367432e-07 3.5632399e-06 5.2098185e-06 1.0000001 2.8610229e-06 0 0 0 1 -0.89578116 0.44449544 4.2315696e-07 50.282753 -0.44449544 -0.89578116 6.2374984e-06 -1.9073486e-06 3.1515958e-06 5.3993422e-06 1 3.8146973e-06 0 0 0 1 -0.92205167 0.38706747 3.6806955e-07 50.282753 -0.38706747 -0.92205167 6.2067588e-06 -7.6293945e-06 2.7418137e-06 5.5804849e-06 1 2.3841858e-06 0 0 0 1 -0.94464457 0.32809588 3.0767092e-07 50.282749 -0.32809582 -0.94464469 6.187875e-06 3.8146973e-06 2.3208556e-06 5.7443976e-06 1 4.2915344e-06 0 0 0 1 -0.96347046 0.26781553 2.5394934e-07 50.282749 -0.26781556 -0.96347034 6.1526471e-06 -1.9073486e-06 1.8924472e-06 5.8598816e-06 1 3.8146973e-06 0 0 0 1 -0.97845364 0.20646739 1.9503079e-07 50.282753 -0.20646739 -0.97845364 6.1576211e-06 -7.1525574e-07 1.4621764e-06 5.9846789e-06 1 5.7220459e-06 0 0 0 1 -0.98953474 0.14429608 1.4552235e-07 50.282757 -0.14429608 -0.98953474 6.1275459e-06 -1.9073486e-06 1.0281802e-06 6.0424204e-06 1.0000001 2.8610229e-06 0 0 0 1 -0.99666929 0.08154878 6.8281196e-08 50.282753 -0.081548788 -0.99666923 6.1205287e-06 3.8146973e-06 5.6717556e-07 6.0945749e-06 1 3.8146973e-06 0 0 0 1 -0.99982953 0.018476782 2.3827482e-08 50.282745 -0.018476782 -0.99982953 6.1705723e-06 7.6293945e-06 1.3783574e-07 6.1690803e-06 1 1.9073486e-06 0 0 0 1 -0.96970809 0.24426809 2.3292048e-07 50.282753 -0.24426815 -0.96970785 6.1745995e-06 -3.8146973e-06 1.7341225e-06 5.9306622e-06 1.0000001 3.8146973e-06 0 0 0 1 -0.86593896 0.50015074 4.8490398e-07 50.282757 -0.50015068 -0.86593908 6.2754825e-06 0 3.5585831e-06 5.1916577e-06 1.0000001 3.8146973e-06 0 0 0 1 -0.62556475 0.78017265 7.3591036e-07 50.282742 -0.78017265 -0.62556475 6.476861e-06 0 5.5134292e-06 3.4775585e-06 1 2.8610229e-06 0 0 0 1 -0.27160302 0.96240956 9.40257e-07 50.282745 -0.96240956 -0.27160302 6.8704594e-06 1.9073486e-06 6.8675722e-06 9.6112501e-07 1 2.8610229e-06 0 0 0 1 0.13614134 0.99068981 9.4073789e-07 50.282757 -0.99068981 0.13614134 7.2738453e-06 7.6293945e-06 7.0780516e-06 -1.92225e-06 1 9.5367432e-07 0 0 0 1 0.51431996 0.85759836 7.9632071e-07 50.282749 -0.85759854 0.51431984 7.5667558e-06 7.6293945e-06 6.0796747e-06 -4.5746551e-06 1.0000001 0 0 0 0 1 0.79383403 0.60813469 6.30057e-07 50.282745 -0.60813469 0.79383403 7.7813202e-06 3.8146973e-06 4.2319298e-06 -6.5602362e-06 1 3.8146973e-06 0 0 0 1 0.94847417 0.31685486 3.7031606e-07 50.282745 -0.3168548 0.94847429 7.974646e-06 1.9073486e-06 2.1755698e-06 -7.6810829e-06 1 0 0 0 0 1 0.87656045 0.48129243 4.5337998e-07 50.282745 -0.48129255 0.87656027 8.008612e-06 1.9073486e-06 3.4570696e-06 -7.2382386e-06 1.0000001 7.6293945e-06 0 0 0 1 0.87463474 0.48478296 4.0246658e-07 50.282745 -0.48478284 0.87463492 7.9802421e-06 3.8146973e-06 3.5166734e-06 -7.1749082e-06 0.99999988 0 0 0 0 1 0.82699633 0.56220758 6.5479827e-07 50.282749 -0.56220758 0.82699633 7.9604461e-06 1.9073486e-06 3.933907e-06 -6.9513917e-06 1.0000001 0 0 0 0 1 0.81398916 0.58088017 5.7677835e-07 50.282742 -0.58088011 0.81398928 7.991006e-06 3.8146973e-06 4.1723247e-06 -6.8396321e-06 1 0 0 0 0 1 0.82327789 0.56763887 5.8198293e-07 50.282757 -0.56763875 0.82327807 7.8793864e-06 0 3.9935112e-06 -6.8172817e-06 1 3.8146973e-06 0 0 0 1 0.84394437 0.53643125 3.48996e-07 50.282753 -0.53643137 0.84394419 7.8825378e-06 0 3.933907e-06 -6.839633e-06 1.0000001 7.6293945e-06 0 0 0 1 0.86495835 0.50184411 3.9636834e-07 50.282753 -0.50184411 0.86495835 7.9875945e-06 1.9073486e-06 3.6656857e-06 -7.107853e-06 0.99999994 3.8146973e-06 0 0 0 1 0.87464041 0.48477265 4.0881378e-07 50.282745 -0.48477259 0.87464046 8.0533464e-06 0 3.5464768e-06 -7.2419643e-06 1 3.8146973e-06 0 0 0 1 </float_array>
        <technique_common>
          <accessor count="33" offset="0" source="#B_L_Calf_matrix-output-array" stride="16">
            <param name="TRANSFORM" type="float4x4" />
          </accessor>
        </technique_common>
      </source>
      <source id="B_L_Calf_matrix-interpolation">
        <Name_array id="B_L_Calf_matrix-interpolation-array" count="33"> LINEAR LINEAR LINEAR LINEAR LINEAR LINEAR LINEAR LINEAR LINEAR LINEAR LINEAR LINEAR LINEAR LINEAR LINEAR LINEAR LINEAR LINEAR LINEAR LINEAR LINEAR LINEAR LINEAR LINEAR LINEAR LINEAR LINEAR LINEAR LINEAR LINEAR LINEAR LINEAR LINEAR </Name_array>
        <technique_common>
          <accessor source="#B_L_Calf_matrix-interpolation-array" count="33" stride="1">
            <param name="INTERPOLATION" type="name"></param>
          </accessor>
        </technique_common>
      </source>
      <source id="B_L_Clavicle_matrix-input" name="B_L_Clavicle_matrix-input">
        <float_array id="B_L_Clavicle_matrix-input-array" count="33"> 0 1 2 3 4 5 6 7 8 9 10 11 12 13 14 15 16 17 18 19 20 21 22 23 24 25 26 27 28 29 30 31 32 </float_array>
        <technique_common>
          <accessor count="33" offset="0" source="#B_L_Clavicle_matrix-input-array" stride="1">
            <param name="TIME" type="float" />
          </accessor>
        </technique_common>
      </source>
      <source id="B_L_Clavicle_matrix-output" name="B_L_Clavicle_matrix-output">
        <float_array id="B_L_Clavicle_matrix-output-array" count="528"> -0.01759064 -0.00078422565 0.99984503 17.736847 -0.17375694 -0.98478109 -0.0038293749 0.073142052 0.98463148 -0.17379734 0.017186522 5.0180159 0 0 0 1 0.18550259 -0.00079403812 0.98264349 17.736855 -0.068156101 -0.99760193 0.01206033 0.073143005 0.98027736 -0.069210365 -0.18511198 5.0180187 0 0 0 1 0.49995676 -0.00078913179 0.86604989 17.736855 0.11704362 -0.99076343 -0.068470173 0.073135376 0.85810488 0.13559774 -0.49524659 5.0180168 0 0 0 1 0.66533029 -0.0007610395 0.74654883 17.736851 0.21955022 -0.95557874 -0.19663905 0.073135376 0.71353585 0.29473484 -0.63560843 5.0180168 0 0 0 1 0.50971621 -0.00075635302 0.86034226 17.736849 0.26842126 -0.9499442 -0.15986335 0.073143005 0.81739789 0.31241906 -0.4839991 5.0180159 0 0 0 1 0.22859947 -0.00076094252 0.97352016 17.736845 0.28676414 -0.95557857 -0.068084121 0.073135376 0.93032712 0.29473469 -0.21822652 5.0180159 0 0 0 1 0.1098472 -0.00075151038 0.99394816 17.736853 0.32762614 -0.94408607 -0.036921751 0.073143005 0.93840027 0.32969913 -0.10345911 5.0180159 0 0 0 1 0.037418187 -0.00073900819 0.99929953 17.736856 0.37183893 -0.92818224 -0.014609711 0.073141098 0.92754281 0.37212509 -0.034456018 5.0180159 0 0 0 1 0.00031876567 -0.00072984415 0.99999988 17.736856 0.40026104 -0.91640115 -0.00079640764 0.073140144 0.91640127 0.40026119 5.9604659e-08 5.0180159 0 0 0 1 -0.0010046959 -0.00072789192 0.99999928 17.736853 0.40524703 -0.91420722 -0.00025828183 0.073139191 0.91420674 0.40524644 0.0012134314 5.0180159 0 0 0 1 -0.0023286343 -0.00072644657 0.99999726 17.736851 0.41022021 -0.91198671 0.00029267374 0.073141098 0.91198361 0.41021973 0.0024215581 5.0180163 0 0 0 1 -0.0036526916 -0.00072434539 0.99999332 17.736855 0.41518071 -0.90973866 0.00085751724 0.073140144 0.90973169 0.41518092 0.003623486 5.0180159 0 0 0 1 -0.0049766297 -0.00072243786 0.99998724 17.736851 0.42012793 -0.90746373 0.0014351753 0.073139191 0.90745127 0.42012966 0.0048193922 5.0180163 0 0 0 1 -0.0063003302 -0.00072078407 0.99997985 17.736851 0.42506176 -0.90516222 0.0020255891 0.073143005 0.90514249 0.42506599 0.0060090418 5.0180159 0 0 0 1 -0.007624032 -0.00071874267 0.99997079 17.736855 0.42998242 -0.90283358 0.0026293995 0.073131561 0.90280533 0.42998984 0.0071923146 5.0180163 0 0 0 1 -0.0089478493 -0.00071686512 0.99995971 17.736855 0.43488926 -0.90047824 0.0032459348 0.073143005 0.9004395 0.43490082 0.0083690882 5.0180154 0 0 0 1 -0.010271787 -0.0007150172 0.99994695 17.736851 0.43978238 -0.89809614 0.0038753294 0.073143005 0.89804566 0.4397988 0.0095393043 5.0180159 0 0 0 1 0.0018265842 -0.00071763992 0.99999809 17.736855 0.43257332 -0.90159774 -0.001437202 0.073139191 0.9015969 0.43257517 -0.0013365744 5.0180163 0 0 0 1 0.00031876567 -0.00072984415 0.99999988 17.736855 0.40026104 -0.91640115 -0.00079640764 0.073141575 0.91640127 0.40026119 5.9604659e-08 5.0180154 0 0 0 1 -0.040075541 -0.00075902056 0.99919641 17.736851 0.30071354 -0.95364726 0.011336535 0.073139191 0.95287216 0.30092621 0.038446128 5.0180163 0 0 0 1 -0.092457891 -0.00078350294 0.99571633 17.736847 0.17349799 -0.98471457 0.015335433 0.073143005 0.9804846 0.17417264 0.091180623 5.0180159 0 0 0 1 -0.11959064 -0.00079425052 0.99282306 17.736855 0.07079114 -0.99746132 0.0077291876 0.073135376 0.9902963 0.071207412 0.1193431 5.0180149 0 0 0 1 -0.11192619 -0.00079680939 0.993716 17.736862 0.0024216573 -0.99999714 -0.00052908453 0.073137283 0.9937135 0.0023472223 0.11192773 5.018013 0 0 0 1 -0.08982788 -0.00079472346 0.99595708 17.736855 -0.057024408 -0.99835515 -0.0059398091 0.073139191 0.99432343 -0.057327412 0.08963459 5.018013 0 0 0 1 -0.061328292 -0.00079196703 0.99811739 17.736847 -0.10674497 -0.99425948 -0.0073477291 0.073141098 0.99239331 -0.10699464 0.060891569 5.0180168 0 0 0 1 -0.034532432 -0.00078865886 0.9994033 17.736832 -0.14588757 -0.98928404 -0.0058215261 0.073141098 0.98869842 -0.14600153 0.034047306 5.0180159 0 0 0 1 -0.017590642 -0.00078397989 0.99984497 17.736862 -0.17375694 -0.98478115 -0.003829129 0.073141098 0.98463148 -0.17379737 0.017186642 5.0180159 0 0 0 1 -0.01113391 -0.00078164059 0.99993771 17.736847 -0.1890465 -0.98196435 -0.0028725266 0.073141098 0.98190516 -0.18906672 0.010785162 5.0180187 0 0 0 1 -0.009325861 -0.00078109646 0.99995625 17.736847 -0.19331871 -0.98113269 -0.0025693253 0.073140144 0.98109168 -0.19333421 0.0089987516 5.0180159 0 0 0 1 -0.010617136 -0.00078184146 0.99994302 17.736847 -0.19026765 -0.9817282 -0.0027877979 0.073140621 0.98167467 -0.19028647 0.010274407 5.018014 0 0 0 1 -0.013458252 -0.0007828474 0.99990922 17.736862 -0.18354802 -0.98300552 -0.0032400787 0.073140144 0.98291868 -0.18357494 0.013085783 5.0180159 0 0 0 1 -0.016299367 -0.00078383088 0.9998669 17.736847 -0.17681876 -0.98423672 -0.0036539882 0.073141098 0.98410851 -0.17685477 0.015903771 5.0180163 0 0 0 1 -0.01759064 -0.00078400213 0.99984503 17.736847 -0.17375694 -0.98478109 -0.0038291365 0.073140621 0.98463148 -0.17379735 0.017186522 5.0180159 0 0 0 1 </float_array>
        <technique_common>
          <accessor count="33" offset="0" source="#B_L_Clavicle_matrix-output-array" stride="16">
            <param name="TRANSFORM" type="float4x4" />
          </accessor>
        </technique_common>
      </source>
      <source id="B_L_Clavicle_matrix-interpolation">
        <Name_array id="B_L_Clavicle_matrix-interpolation-array" count="33"> LINEAR LINEAR LINEAR LINEAR LINEAR LINEAR LINEAR LINEAR LINEAR LINEAR LINEAR LINEAR LINEAR LINEAR LINEAR LINEAR LINEAR LINEAR LINEAR LINEAR LINEAR LINEAR LINEAR LINEAR LINEAR LINEAR LINEAR LINEAR LINEAR LINEAR LINEAR LINEAR LINEAR </Name_array>
        <technique_common>
          <accessor source="#B_L_Clavicle_matrix-interpolation-array" count="33" stride="1">
            <param name="INTERPOLATION" type="name"></param>
          </accessor>
        </technique_common>
      </source>
      <source id="B_L_Finger0_matrix-input" name="B_L_Finger0_matrix-input">
        <float_array id="B_L_Finger0_matrix-input-array" count="33"> 0 1 2 3 4 5 6 7 8 9 10 11 12 13 14 15 16 17 18 19 20 21 22 23 24 25 26 27 28 29 30 31 32 </float_array>
        <technique_common>
          <accessor count="33" offset="0" source="#B_L_Finger0_matrix-input-array" stride="1">
            <param name="TIME" type="float" />
          </accessor>
        </technique_common>
      </source>
      <source id="B_L_Finger0_matrix-output" name="B_L_Finger0_matrix-output">
