<?xml version="1.0" encoding="UTF-8" standalone="no" ?>
<COLLADA xmlns="http://www.collada.org/2005/11/COLLADASchema" version="1.4.1">
  <asset>
    <contributor>
      <author>Assimp</author>
      <authoring_tool>FBX SDK/FBX Plugins version 2013.1</authoring_tool>
    </contributor>
    <created>2020-08-21T10:31:22</created>
    <modified>2020-08-21T10:31:22</modified>
    <unit name="meter" meter="1" />
    <up_axis>Y_UP</up_axis>
  </asset>
  <library_geometries>
  </library_geometries>
  <library_controllers>
  </library_controllers>
  <library_visual_scenes>
    <visual_scene id="RootNode" name="RootNode">
      <node id="Motion_aAssimpFbxa_Translation"  name="Motion_$AssimpFbx$_Translation" type="NODE">
        <matrix sid="matrix">1 0 0 9.92585e-07 0 1 0 0 0 0 1 -0.17328988 0 0 0 1</matrix>
        <node id="Motion_aAssimpFbxa_PreRotation"  name="Motion_$AssimpFbx$_PreRotation" type="NODE">
          <matrix sid="matrix">1 0 0 0 0 -4.3711388e-08 1 0 0 -1 -4.3711388e-08 0 0 0 0 1</matrix>
          <node id="Motion_aAssimpFbxa_Rotation"  name="Motion_$AssimpFbx$_Rotation" type="NODE">
            <matrix sid="matrix">1.3868001e-06 1 0 0 -1 1.3868001e-06 0 0 0 0 1 0 0 0 0 1</matrix>
            <node id="Motion_aAssimpFbxa_Scaling"  name="Motion_$AssimpFbx$_Scaling" type="NODE">
              <matrix sid="matrix">1 0 0 0 0 1 0 0 0 0 1 0 0 0 0 1</matrix>
              <node id="Motion"  name="Motion" type="NODE">
                <matrix sid="matrix">1 0 0 0 0 1 0 0 0 0 1 0 0 0 0 1</matrix>
                <node id="B_Pelvis"  name="B_Pelvis" type="NODE">
                  <matrix sid="matrix">-4.3711388e-08 1 -1.5060094e-06 3.118432 0 1.5060094e-06 1 -4.9454811e-06 1 4.3711388e-08 -6.5829761e-14 106.7574 0 0 0 1</matrix>
                  <node id="B_Spine"  name="B_Spine" type="NODE">
                    <matrix sid="matrix">0.9999997 -0.00079488748 4.2266784e-08 7.6767883 0.00079488748 0.9999997 3.2067278e-06 -1.6271154 -4.4815756e-08 -3.206693e-06 1 4.1376024e-06 0 0 0 1</matrix>
                    <node id="B_Spine1"  name="B_Spine1" type="NODE">
                      <matrix sid="matrix">1 0 0 12.747406 0 1 0 -0.014280558 0 0 1 -2.5989522e-08 0 0 0 1</matrix>
                      <node id="B_Spine2"  name="B_Spine2" type="NODE">
                        <matrix sid="matrix">1 0 0 17.934166 0 1 0.00014972687 -0.02647984 0 -0.00014972687 1 -1.5306983e-05 0 0 0 1</matrix>
                        <node id="B_L_Clavicle"  name="B_L_Clavicle" type="NODE">
                          <matrix sid="matrix">-4.3711388e-08 -0.00079623057 0.9999997 17.736862 0 -0.9999997 -0.00079623057 0.073140621 1 -3.4804343e-11 4.3711374e-08 5.0180163 0 0 0 1</matrix>
                          <node id="B_L_UpperArm"  name="B_L_UpperArm" type="NODE">
                            <matrix sid="matrix">0.18779871 0.13832065 0.97241914 17.464663 -0.11470185 0.98634875 -0.11815026 2.2649765e-06 -0.97548711 -0.089349814 0.20110068 0 0 0 0 1</matrix>
                            <node id="B_L_Forearm"  name="B_L_Forearm" type="NODE">
                              <matrix sid="matrix">0.99526519 0.096818268 0.0085681956 27.628166 -0.097196661 0.99139082 0.087732747 1.1444092e-05 -2.9802328e-07 -0.088150151 0.99610722 -7.6293945e-06 0 0 0 1</matrix>
                              <node id="B_L_ForeArmTwist"  name="B_L_ForeArmTwist" type="NODE">
                                <matrix sid="matrix">1 3.0211453e-08 -3.4139242e-07 11.992645 0 0.99610716 0.088150308 -1.1444092e-05 3.4272659e-07 -0.088150308 0.99610716 1.9073486e-05 0 0 0 1</matrix>
                                <node id="B_L_Hand"  name="B_L_Hand" type="NODE">
                                  <matrix sid="matrix">0.97016549 -0.13608506 -0.2006481 11.992645 0.18568438 -0.115059 0.97584969 -3.8146973e-06 -0.15588495 -0.98399299 -0.086357407 0 0 0 0 1</matrix>
                                  <node id="B_L_Finger0"  name="B_L_Finger0" type="NODE">
                                    <matrix sid="matrix">0.80900657 0.13246378 0.57267934 1.4603195 0.15583254 0.89108121 -0.42625165 1.9355488 -0.56676674 0.43408245 0.70024842 -2.4376545 0 0 0 1</matrix>
                                    <node id="B_L_Finger01"  name="B_L_Finger01" type="NODE">
                                      <matrix sid="matrix">0.80299318 -0.59598821 -1.3395959e-07 3.7140121 0.59598821 0.80299318 3.0473231e-08 0 8.9406953e-08 -1.0430814e-07 1 -2.2888184e-05 0 0 0 1</matrix>
                                      <node id="B_L_Finger02"  name="B_L_Finger02" type="NODE">
                                        <matrix sid="matrix">0.5521847 -0.83372182 7.454053e-08 5.5299377 0.83372182 0.5521847 -4.9369156e-08 7.6293945e-06 0 8.940696e-08 1 1.5258789e-05 0 0 0 1</matrix>
                                      </node>
                                    </node>
                                  </node>
                                  <node id="B_L_Finger1"  name="B_L_Finger1" type="NODE">
                                    <matrix sid="matrix">0.27254894 -0.95552641 0.11263385 11.625458 0.92804092 0.23019093 -0.29283458 3.1205444 0.2538839 0.18434058 0.94950593 -3.0983524 0 0 0 1</matrix>
                                    <node id="B_L_Finger11"  name="B_L_Finger11" type="NODE">
                                      <matrix sid="matrix">-0.25881937 -0.96592575 1.278661e-07 4.4568253 0.96592575 -0.25881937 8.0542137e-08 0 -4.4703494e-08 1.4435503e-07 1 1.5258789e-05 0 0 0 1</matrix>
                                      <node id="B_L_Finger12"  name="B_L_Finger12" type="NODE">
                                        <matrix sid="matrix">0.57357562 -0.81915259 3.3264118e-07 3.3311462 0.81915259 0.57357562 -9.6485273e-08 -9.5367432e-06 -1.117587e-07 3.2782549e-07 1 -2.6702881e-05 0 0 0 1</matrix>
                                      </node>
                                    </node>
                                  </node>
                                  <node id="B_L_Finger2"  name="B_L_Finger2" type="NODE">
                                    <matrix sid="matrix">0.25808468 -0.96503472 0.045829162 11.814079 0.96096504 0.25152323 -0.11524849 2.4381065 0.099691689 0.073784091 0.99227893 0.83572388 0 0 0 1</matrix>
                                    <node id="B_L_Finger21"  name="B_L_Finger21" type="NODE">
                                      <matrix sid="matrix">-0.62068564 -0.78405952 4.8363734e-07 5.1996269 0.78405952 -0.62068564 8.8282633e-08 7.6293945e-06 2.309679e-07 4.3399623e-07 1 1.1444092e-05 0 0 0 1</matrix>
                                      <node id="B_L_Finger22"  name="B_L_Finger22" type="NODE">
                                        <matrix sid="matrix">0.44828618 -0.89389008 6.3777435e-08 5.1996231 0.89389008 0.44828618 4.4072536e-08 9.5367432e-06 -6.7986548e-08 3.725291e-08 1 -5.7220459e-06 0 0 0 1</matrix>
                                      </node>
                                    </node>
                                  </node>
                                  <node id="B_L_Finger3"  name="B_L_Finger3" type="NODE">
                                    <matrix sid="matrix">0.13847044 -0.99036652 0.00029716172 11.814056 0.99036658 0.13847046 5.9302383e-05 1.9342422 -9.9879217e-05 0.00028608739 0.99999994 4.6002407 0 0 0 1</matrix>
                                    <node id="B_L_Finger31"  name="B_L_Finger31" type="NODE">
                                      <matrix sid="matrix">-0.058766983 -0.9982717 -8.993112e-07 4.4568062 0.9982717 -0.058766983 -1.1575363e-06 0 1.1026859e-06 -9.6578185e-07 1 1.9073486e-06 0 0 0 1</matrix>
                                      <node id="B_L_Finger32"  name="B_L_Finger32" type="NODE">
                                        <matrix sid="matrix">-0.058766745 -0.99827176 -1.879704e-06 4.4567871 0.99827176 -0.058766745 -1.5399696e-06 -1.9073486e-05 1.4268439e-06 -1.9669544e-06 1 2.8610229e-06 0 0 0 1</matrix>
                                      </node>
                                    </node>
                                  </node>
                                  <node id="B_L_Finger4"  name="B_L_Finger4" type="NODE">
                                    <matrix sid="matrix">0.14714374 -0.98122936 -0.12465004 11.857193 0.98368686 0.15835425 -0.085346878 4.0528889 0.10348374 -0.11005835 0.9885233 6.5145302 0 0 0 1</matrix>
                                    <node id="B_L_Finger41"  name="B_L_Finger41" type="NODE">
                                      <matrix sid="matrix">-0.18123157 -0.98344046 -2.1470848e-06 3.3276634 0.98344046 -0.18123157 -3.8503449e-06 1.5258789e-05 3.3974652e-06 -2.8093341e-06 1 1.2874603e-05 0 0 0 1</matrix>
                                      <node id="B_L_Finger42"  name="B_L_Finger42" type="NODE">
                                        <matrix sid="matrix">0.001977518 -0.99999803 -2.3010687e-06 3.3276596 0.99999803 0.001977518 -3.1784846e-06 -2.0980835e-05 3.1830289e-06 -2.2947788e-06 1 -1.8596649e-05 0 0 0 1</matrix>
                                      </node>
                                    </node>
                                  </node>
                                </node>
                              </node>
                            </node>
                          </node>
                        </node>
                        <node id="B_R_Clavicle"  name="B_R_Clavicle" type="NODE">
                          <matrix sid="matrix">-4.3711388e-08 -0.00079599215 -0.9999997 17.736862 0 -0.9999997 0.00079599215 0.074661493 -1 3.4793921e-11 4.3711374e-08 -5.0179629 0 0 0 1</matrix>
                          <node id="B_R_UpperArm"  name="B_R_UpperArm" type="NODE">
                            <matrix sid="matrix">0.1877988 0.13832271 -0.97241884 17.464647 -0.11470239 0.98634851 0.11815217 1.6450882e-05 0.97548705 0.089349926 0.20110101 0 0 0 0 1</matrix>
                            <node id="B_R_Forearm"  name="B_R_Forearm" type="NODE">
                              <matrix sid="matrix">0.99526531 0.097190499 0.0010133266 27.628166 -0.097195782 0.99521118 0.010377795 4.7683716e-06 1.4901161e-07 -0.010427149 0.99994564 -3.8146973e-06 0 0 0 1</matrix>
                              <node id="B_R_ForeArmTwist"  name="B_R_ForeArmTwist" type="NODE">
                                <matrix sid="matrix">1 -4.4545672e-08 -1.5366471e-08 11.992645 4.4703476e-08 0.99994564 0.010426973 -9.5367432e-06 1.4901159e-08 -0.010426973 0.99994564 3.8146973e-06 0 0 0 1</matrix>
                                <node id="B_R_Hand"  name="B_R_Hand" type="NODE">
                                  <matrix sid="matrix">0.99046016 -0.1125525 -0.079501681 11.992645 -0.077811666 0.019336417 -0.99678057 0 0.11372743 0.99345762 0.010394053 -1.1444092e-05 0 0 0 1</matrix>
                                  <node id="B_R_Finger0"  name="B_R_Finger0" type="NODE">
                                    <matrix sid="matrix">0.80900657 0.13246386 -0.5726794 1.4603271 0.15583231 0.89108139 0.42625147 1.9355431 0.56676686 -0.43408218 0.70024854 2.4376602 0 0 0 1</matrix>
                                    <node id="B_R_Finger01"  name="B_R_Finger01" type="NODE">
                                      <matrix sid="matrix">0.802993 -0.59598845 -4.4062293e-07 3.7140274 0.59598845 0.802993 -2.0641355e-07 -1.5258789e-05 4.7683722e-07 -9.6857548e-08 1 0 0 0 0 1</matrix>
                                      <node id="B_R_Finger02"  name="B_R_Finger02" type="NODE">
                                        <matrix sid="matrix">0.55218482 -0.83372176 2.8121883e-07 5.5299301 0.83372176 0.55218482 -6.1143503e-08 1.0490417e-05 -1.043081e-07 2.6822076e-07 1 2.2888184e-05 0 0 0 1</matrix>
                                      </node>
                                    </node>
                                  </node>
                                  <node id="B_R_Finger1"  name="B_R_Finger1" type="NODE">
                                    <matrix sid="matrix">0.27254859 -0.95552647 -0.11263397 11.625458 0.92804098 0.23019046 0.292835 3.1205482 -0.25388435 -0.1843407 0.94950581 3.0983467 0 0 0 1</matrix>
                                    <node id="B_R_Finger11"  name="B_R_Finger11" type="NODE">
                                      <matrix sid="matrix">-0.25881949 -0.96592569 -1.0331883e-07 4.4568176 0.96592569 -0.25881949 -8.939152e-08 0 5.9604645e-08 -1.2293458e-07 1 9.5367432e-06 0 0 0 1</matrix>
                                      <node id="B_R_Finger12"  name="B_R_Finger12" type="NODE">
                                        <matrix sid="matrix">0.57357574 -0.81915253 2.0998903e-07 3.3311462 0.81915253 0.57357574 1.4401949e-07 -3.8146973e-06 -2.3841854e-07 8.940696e-08 1 -1.1444092e-05 0 0 0 1</matrix>
                                      </node>
                                    </node>
                                  </node>
                                  <node id="B_R_Finger2"  name="B_R_Finger2" type="NODE">
                                    <matrix sid="matrix">0.25808457 -0.96503472 -0.045829386 11.814049 0.96096516 0.25152308 0.11524829 2.438118 -0.099691451 -0.073784247 0.99227893 -0.83572006 0 0 0 1</matrix>
                                    <node id="B_R_Finger21"  name="B_R_Finger21" type="NODE">
                                      <matrix sid="matrix">-0.62068564 -0.78405952 -4.2837446e-08 5.1996002 0.78405952 -0.62068564 4.2109122e-08 -1.5258789e-05 -5.9604645e-08 -7.4505788e-09 1 -3.4332275e-05 0 0 0 1</matrix>
                                      <node id="B_R_Finger22"  name="B_R_Finger22" type="NODE">
                                        <matrix sid="matrix">0.44828629 -0.89389002 -1.3487002e-07 5.1996155 0.89389002 0.44828629 6.3469876e-08 5.7220459e-06 3.7252912e-09 -1.4901164e-07 1 2.6702881e-05 0 0 0 1</matrix>
                                      </node>
                                    </node>
                                  </node>
                                  <node id="B_R_Finger3"  name="B_R_Finger3" type="NODE">
                                    <matrix sid="matrix">0.13847044 -0.99036652 -0.00029827314 11.814056 0.99036658 0.13847046 -5.9503829e-05 1.934269 0.00010023262 -0.00028716022 0.99999994 -4.6002541 0 0 0 1</matrix>
                                    <node id="B_R_Finger31"  name="B_R_Finger31" type="NODE">
                                      <matrix sid="matrix">-0.058766983 -0.9982717 1.1600118e-08 4.4567871 0.9982717 -0.058766983 -1.3365977e-07 -7.6293945e-06 1.3411046e-07 3.725289e-09 1 -1.9073486e-06 0 0 0 1</matrix>
                                      <node id="B_R_Finger32"  name="B_R_Finger32" type="NODE">
                                        <matrix sid="matrix">-0.058766983 -0.9982717 5.7500756e-07 4.4568253 0.9982717 -0.058766983 -1.3221251e-07 3.8146973e-06 1.6577548e-07 5.6624407e-07 1 -1.7166138e-05 0 0 0 1</matrix>
                                      </node>
                                    </node>
                                  </node>
                                  <node id="B_R_Finger4"  name="B_R_Finger4" type="NODE">
                                    <matrix sid="matrix">0.14714384 -0.98122966 0.12464774 11.857231 0.98368686 0.15835413 0.085346982 4.0529099 -0.10348348 0.11005605 0.98852354 -6.5145645 0 0 0 1</matrix>
                                    <node id="B_R_Finger41"  name="B_R_Finger41" type="NODE">
                                      <matrix sid="matrix">-0.18123135 -0.98344052 3.4823711e-07 3.3276787 0.98344052 -0.18123135 7.1571327e-07 3.0517578e-05 -6.4074993e-07 4.7218015e-07 1 3.0517578e-05 0 0 0 1</matrix>
                                      <node id="B_R_Finger42"  name="B_R_Finger42" type="NODE">
                                        <matrix sid="matrix">0.0019770411 -0.99999803 3.1431196e-07 3.3277054 0.99999803 0.0019770411 7.0159734e-07 4.196167e-05 -7.0221739e-07 3.1292427e-07 1 -9.5367432e-06 0 0 0 1</matrix>
                                      </node>
                                    </node>
                                  </node>
                                </node>
                              </node>
                            </node>
                          </node>
                        </node>
                        <node id="B_Neck"  name="B_Neck" type="NODE">
                          <matrix sid="matrix">1 -1.6426202e-07 2.4437796e-11 27.038071 1.6426202e-07 1 -0.00014877325 1.128046 0 0.00014877325 1 0.00018270867 0 0 0 1</matrix>
                          <node id="B_Head"  name="B_Head" type="NODE">
                            <matrix sid="matrix">0.9999997 0.00079774985 2.1609972e-09 10.019302 -0.00079774985 0.9999997 -5.9563071e-08 1.4083142 -2.2085129e-09 5.9561327e-08 1 1.9178583e-07 0 0 0 1</matrix>
                          </node>
                        </node>
                      </node>
                    </node>
                  </node>
                  <node id="B_L_Thigh"  name="B_L_Thigh" type="NODE">
                    <matrix sid="matrix">-0.99238116 0.12308218 0.0055171656 0 0.12320139 0.9909727 0.052864272 2.0265579e-05 0.0010392901 0.053141229 -0.99858648 11.16145 0 0 0 1</matrix>
                    <node id="B_L_Calf"  name="B_L_Calf" type="NODE">
                      <matrix sid="matrix">0.93409592 0.35702211 3.4521281e-07 50.282753 -0.35702211 0.93409592 7.9855054e-06 1.9073486e-06 2.5285403e-06 -7.5824773e-06 1 3.8146973e-06 0 0 0 1</matrix>
                      <node id="B_L_Foot"  name="B_L_Foot" type="NODE">
                        <matrix sid="matrix">0.97104162 -0.23889917 -0.0023209967 39.728123 0.23890947 0.97101951 0.0065965187 -9.5367432e-07 0.00067783031 -0.0069600018 0.99997556 -3.8146973e-06 0 0 0 1</matrix>
                        <node id="B_L_Toe0"  name="B_L_Toe0" type="NODE">
                          <matrix sid="matrix">-4.3711388e-08 -1 -5.6810677e-08 18.214443 1 -4.3711388e-08 -2.2034805e-09 14.545955 2.2034781e-09 -5.6810677e-08 1 0.020650864 0 0 0 1</matrix>
                        </node>
                      </node>
                    </node>
                  </node>
                  <node id="B_R_Thigh"  name="B_R_Thigh" type="NODE">
                    <matrix sid="matrix">-0.99309742 0.11664087 -0.012341563 -7.6293945e-06 0.11713458 0.99170864 -0.052852966 -1.0728836e-05 0.0060744183 -0.053933769 -0.99852598 -11.161452 0 0 0 1</matrix>
                    <node id="B_R_Calf"  name="B_R_Calf" type="NODE">
                      <matrix sid="matrix">0.93523729 0.35402152 -1.0563372e-07 50.282742 -0.35402152 0.93523729 -4.7722838e-06 1.9073486e-06 -1.5906987e-06 4.5006145e-06 1 9.5367432e-07 0 0 0 1</matrix>
                      <node id="B_R_Foot"  name="B_R_Foot" type="NODE">
                        <matrix sid="matrix">0.97020388 -0.2422855 0.0014738212 39.728138 0.24221542 0.96973646 -0.030707102 0 0.0060106679 0.030149132 0.99952734 3.8146973e-06 0 0 0 1</matrix>
                        <node id="B_R_Toe0"  name="B_R_Toe0" type="NODE">
                          <matrix sid="matrix">4.3312576e-07 -1 4.4470676e-07 18.214439 1 4.3312599e-07 4.8702856e-07 14.545953 -4.8702873e-07 4.4470656e-07 1 -0.020652771 0 0 0 1</matrix>
                        </node>
                      </node>
                    </node>
                  </node>
                </node>
              </node>
            </node>
          </node>
        </node>
      </node>
      <node id="Exporter_aAssimpFbxa_PreRotation"  name="Exporter_$AssimpFbx$_PreRotation" type="NODE">
        <matrix sid="matrix">1 0 0 0 0 -4.3711388e-08 1 0 0 -1 -4.3711388e-08 0 0 0 0 1</matrix>
        <node id="Exporter"  name="Exporter" type="NODE">
          <matrix sid="matrix">1 0 0 0 0 1 0 0 0 0 1 0 0 0 0 1</matrix>
        </node>
      </node>
    </visual_scene>
  </library_visual_scenes>
  <library_animations>
    <animation id="TakeW001AnimId0" name="Take 001">
      <source id="B_Head_matrix-input" name="B_Head_matrix-input">
        <float_array id="B_Head_matrix-input-array" count="61"> 0 1 2 3 4 5 6 7 8 9 10 11 12 13 14 15 16 17 18 19 20 21 22 23 24 25 26 27 28 29 30 31 32 33 34 35 36 37 38 39 40 41 42 43 44 45 46 47 48 49 50 51 52 53 54 55 56 57 58 59 60 </float_array>
        <technique_common>
          <accessor count="61" offset="0" source="#B_Head_matrix-input-array" stride="1">
            <param name="TIME" type="float" />
          </accessor>
        </technique_common>
      </source>
      <source id="B_Head_matrix-output" name="B_Head_matrix-output">
        <float_array id="B_Head_matrix-output-array" count="976"> 0.9999997 0.00079774985 2.1609972e-09 10.019302 -0.00079774985 0.9999997 -5.9563067e-08 1.4083142 -2.2085129e-09 5.9561327e-08 1 1.9178583e-07 0 0 0 1 0.99998254 -0.0059257653 2.3851621e-06 10.019302 0.0059257653 0.99998254 -1.8246197e-05 1.4083147 -2.276998e-06 1.8260012e-05 1 1.9185245e-07 0 0 0 1 0.99994707 -0.010284352 9.2588625e-06 10.019302 0.010284352 0.99994707 -6.7666653e-05 1.4083142 -8.5624633e-06 6.7758294e-05 1 1.9185245e-07 0 0 0 1 0.99992049 -0.012618826 1.9746729e-05 10.019302 0.012618828 0.99992049 -0.00014055378 1.4083142 -1.7971535e-05 0.00014079177 1 1.9278377e-07 0 0 0 1 0.9999122 -0.013269763 3.2645989e-05 10.019318 0.013269773 0.9999119 -0.00022908636 1.4083152 -2.9603198e-05 0.0002294994 1 1.9185245e-07 0 0 0 1 0.99992085 -0.012577768 4.6601279e-05 10.019318 0.012577782 0.99992085 -0.00032541872 1.4083152 -4.2504547e-05 0.00032597914 0.99999994 1.9185245e-07 0 0 0 1 0.99994063 -0.010883357 6.0241466e-05 10.019302 0.010883382 0.99994063 -0.00042170263 1.4083147 -5.5648346e-05 0.00042233331 0.99999982 1.9185245e-07 0 0 0 1 0.99996364 -0.0085270852 7.2279661e-05 10.019302 0.0085271206 0.99996352 -0.00051010243 1.4083142 -6.7927351e-05 0.00051070028 0.99999982 1.9185245e-07 0 0 0 1 0.99998301 -0.0058494876 8.1576407e-05 10.019318 0.0058495346 0.99998271 -0.00058280554 1.4083147 -7.8165896e-05 0.00058327272 0.99999982 1.8998981e-07 0 0 0 1 0.99999487 -0.0031911803 8.7165157e-05 10.019318 0.0031912348 0.99999464 -0.00063202617 1.4083142 -8.5147767e-05 0.00063230103 0.99999994 1.8998981e-07 0 0 0 1 0.99999952 -0.00089278142 8.8241359e-05 10.019318 0.0008928384 0.99999952 -0.00065000576 1.4083138 -8.7660985e-05 0.00065008446 0.9999997 1.8998981e-07 0 0 0 1 0.99999958 0.00070509786 8.411429e-05 10.019302 -0.00070504472 0.99999946 -0.00062900607 1.4083142 -8.4557738e-05 0.00062894647 0.99999994 1.937151e-07 0 0 0 1 0.99999911 0.0012618554 7.4121999e-05 10.019318 -0.0012618134 0.99999899 -0.00056129193 1.4083142 -7.4830197e-05 0.00056119799 0.9999997 1.8998981e-07 0 0 0 1 1 0.00043688828 5.7510875e-05 10.019302 -0.00043686296 0.99999994 -0.00043911149 1.4083147 -5.7702706e-05 0.00043908635 1 1.9185245e-07 0 0 0 1 0.99999779 -0.0021103658 3.3276985e-05 10.019318 0.0021103742 0.99999774 -0.00025466329 1.4083142 -3.2739477e-05 0.00025473299 0.99999988 1.9278377e-07 0 0 0 1 0.99997741 -0.0067204433 -2.8488405e-08 10.019318 0.0067204433 0.99997741 -6.1291487e-08 1.4083142 2.8899667e-08 6.1098646e-08 1 1.9178606e-07 0 0 0 1 0.99964577 -0.026619198 -8.7999986e-05 10.019318 0.026619254 0.99964553 0.0006889542 1.4083147 6.9629372e-05 -0.00069105258 0.99999988 1.937151e-07 0 0 0 1 0.99783409 -0.065780208 -0.00027868734 10.019302 0.065780625 0.99783218 0.001957136 1.4083145 0.00014934239 -0.0019712292 0.99999803 1.937151e-07 0 0 0 1 0.99386221 -0.11062469 -0.00056424772 10.019333 0.11062597 0.99385625 0.0034778009 1.4083145 0.00017605047 -0.0035188755 0.99999392 2.0861626e-07 0 0 0 1 0.98903668 -0.14766732 -0.00089014496 10.019302 0.14766991 0.98902452 0.0049129981 1.4083142 0.00015488599 -0.0049905833 0.99998748 1.7881393e-07 0 0 0 1 0.98651314 -0.16367757 -0.0011504779 10.019318 0.16368151 0.98649561 0.0059178392 1.4083147 0.00016632395 -0.0060263383 0.99998194 1.7881393e-07 0 0 0 1 0.98820466 -0.1531325 -0.0013584179 10.019318 0.15313825 0.98818088 0.0068640122 1.4083142 0.00029125935 -0.0069910754 0.99997544 1.7881393e-07 0 0 0 1 0.99215186 -0.12502848 -0.0016083908 10.019302 0.12503761 0.99211699 0.0083258385 1.4083149 0.00055474509 -0.0084616039 0.99996406 1.7881393e-07 0 0 0 1 0.99611288 -0.088064559 -0.0019026303 10.019318 0.088079527 0.99606061 0.010262229 1.4083147 0.00099139602 -0.010389922 0.99994564 1.7881393e-07 0 0 0 1 0.99869174 -0.051085729 -0.0022455752 10.019318 0.051110111 0.99861306 0.012632012 1.4083145 0.0015971453 -0.012730257 0.99991769 1.7881393e-07 0 0 0 1 0.99973094 -0.023045501 -0.0026388008 10.019302 0.023083463 0.99961489 0.015393297 1.4083142 0.0022830388 -0.015450067 0.99987805 2.0861626e-07 0 0 0 1 0.9999119 -0.012900433 -0.0030826246 10.019287 0.012955321 0.99974465 0.018503945 1.4083145 0.002843129 -0.018542251 0.99982399 2.3841858e-07 0 0 0 1 0.99944651 -0.033080477 -0.0035436372 10.019333 0.033150051 0.99921256 0.021807112 1.4083147 0.0028194573 -0.021912513 0.99975592 2.9802322e-07 0 0 0 1 0.99694121 -0.078053914 -0.0040016952 10.019318 0.078130111 0.99662697 0.02510659 1.4083145 0.0020285305 -0.02534245 0.99967664 1.7881393e-07 0 0 0 1 0.99153751 -0.12974274 -0.0044742967 10.019318 0.12981763 0.99113393 0.028298749 1.4083142 0.0007630699 -0.028640116 0.99958944 2.9802322e-07 0 0 0 1 0.98538834 -0.17024992 -0.0049683359 10.019287 0.17032187 0.98489195 0.031274516 1.4083138 -0.00043121024 -0.031663764 0.99949843 1.1920929e-07 0 0 0 1 0.98326445 -0.18210177 -0.0054735667 10.019287 0.18218227 0.98267949 0.03392126 1.4083142 -0.00079835928 -0.03435076 0.99940944 1.7881393e-07 0 0 0 1 0.98966426 -0.14327477 -0.0061027715 10.019318 0.14340253 0.98898768 0.036591724 1.4083147 0.00079289509 -0.03708867 0.99931163 1.7881393e-07 0 0 0 1 0.99779481 -0.066033818 -0.0066993725 10.019302 0.066245794 0.99704051 0.039004408 1.4083138 0.0041039358 -0.039362203 0.9992165 2.3841858e-07 0 0 0 1 0.99986947 0.01458249 -0.0069447467 10.019302 -0.014292631 0.99909335 0.040102415 1.4083147 0.0075232428 -0.039997928 0.99917144 3.5762787e-07 0 0 0 1 0.99800199 0.062825911 -0.0067025688 10.019318 -0.062519893 0.99728698 0.038861278 1.4083147 0.0091258772 -0.038364593 0.99922228 3.5762787e-07 0 0 0 1 0.99762547 0.068570063 -0.0064508962 10.019318 -0.068283655 0.99696809 0.037307158 1.4083142 0.0089894915 -0.036778074 0.99928302 1.1920929e-07 0 0 0 1 0.99856132 0.053247679 -0.0063020336 10.019302 -0.052988086 0.99794787 0.035947908 1.4083147 0.008203242 -0.035562262 0.99933392 0 0 0 0 1 0.99956918 0.028807119 -0.0056202067 10.019318 -0.028616328 0.99909407 0.031497486 1.4083142 0.0065224678 -0.031323094 0.999488 2.3841858e-07 0 0 0 1 0.99996674 0.0072706551 -0.003695305 10.019302 -0.007192912 0.99976122 0.020633321 1.4083138 0.0038444395 -0.02060605 0.99978054 2.3841858e-07 0 0 0 1 0.9999997 0.00079774985 2.1609972e-09 10.019302 -0.00079774985 0.9999997 -5.9563067e-08 1.4083142 -2.2085129e-09 5.9561327e-08 1 1.9178583e-07 0 0 0 1 0.99994737 0.0088718832 0.0051537119 10.019333 -0.0086927526 0.9993909 -0.033797853 1.4083145 -0.0054504215 0.033751264 0.99941564 1.1920929e-07 0 0 0 1 0.99969822 0.022286277 0.010321433 10.019302 -0.021392314 0.99657732 -0.079847895 1.4083142 -0.012065618 0.079603001 0.99675351 2.3841858e-07 0 0 0 1 0.99909753 0.04014162 0.013894998 10.019302 -0.037905481 0.99013472 -0.13489403 1.4083157 -0.019172786 0.13424556 0.99076259 7.1525574e-07 0 0 0 1 0.99801582 0.061253503 0.014571723 10.019318 -0.057234269 0.97903466 -0.1954876 1.4083147 -0.026240516 0.19426571 0.98059803 0 0 0 0 1 0.99638385 0.084172979 0.011583529 10.019318 -0.078347467 0.96294087 -0.25808156 1.4083138 -0.032877754 0.25624067 0.96605372 0 0 0 0 1 0.99421436 0.10730291 0.0048456076 10.019302 -0.10015272 0.94237888 -0.31920379 1.4083118 -0.038817897 0.3168717 0.94767356 -1.9073486e-06 0 0 0 1 0.99162334 0.12906592 -0.0049998197 10.019287 -0.12147671 0.91876215 -0.3756583 1.4083176 -0.043891042 0.37311888 0.9267447 1.9073486e-06 0 0 0 1 0.98883706 0.14806657 -0.016651398 10.019318 -0.14105994 0.89428544 -0.42468303 1.4083138 -0.047990236 0.42229116 0.9051891 -1.9073486e-06 0 0 0 1 0.98618847 0.16318862 -0.028316274 10.019318 -0.1575675 0.8717044 -0.46400845 1.4083138 -0.051037483 0.46206149 0.88537812 0 0 0 0 1 0.98408645 0.17358987 -0.037950233 10.019318 -0.16961531 0.85404319 -0.49177313 1.4083176 -0.052955676 0.49038419 0.86989611 1.9073486e-06 0 0 0 1 0.98268777 0.17983103 -0.044559047 10.019318 -0.17722717 0.84234774 -0.50896084 1.4083138 -0.053992715 0.50804675 0.85963559 0 0 0 0 1 0.98184299 0.18337359 -0.048562571 10.019287 -0.18167862 0.83537978 -0.51878077 1.4083176 -0.054562505 0.51818413 0.85352689 1.9073486e-06 0 0 0 1 0.98149449 0.18478855 -0.050215807 10.019318 -0.1834854 0.83252585 -0.52271777 1.4083138 -0.05478628 0.52225846 0.85102558 0 0 0 0 1 0.9815498 0.18456584 -0.049953479 10.019333 -0.1831999 0.83297783 -0.52209735 1.4083099 -0.054751191 0.52161616 0.85142165 0 0 0 0 1 0.98189783 0.18314928 -0.048303381 10.019318 -0.18139377 0.83582854 -0.51815736 1.4083176 -0.054526806 0.51753956 0.85392022 1.9073486e-06 0 0 0 1 0.9824208 0.18096809 -0.045823392 10.019302 -0.17864512 0.84013808 -0.51210707 1.4083138 -0.054177079 0.51129091 0.85769814 -1.9073486e-06 0 0 0 1 0.98300475 0.17845866 -0.043058489 10.019318 -0.17552915 0.84498113 -0.50516993 1.4083138 -0.053768329 0.50414252 0.86194509 0 0 0 0 1 0.98354262 0.17607546 -0.040516913 10.019318 -0.17261355 0.84947044 -0.49860263 1.4083138 -0.053373769 0.49739063 0.86588323 0 0 0 0 1 0.98393476 0.17429152 -0.038666178 10.019333 -0.17045736 0.85276365 -0.49369904 1.4083099 -0.053074442 0.49235854 0.86877298 0 0 0 0 1 0.98408645 0.17358987 -0.037950233 10.019318 -0.16961531 0.85404319 -0.49177313 1.4083176 -0.052955676 0.49038419 0.86989611 1.9073486e-06 0 0 0 1 </float_array>
        <technique_common>
          <accessor count="61" offset="0" source="#B_Head_matrix-output-array" stride="16">
            <param name="TRANSFORM" type="float4x4" />
          </accessor>
        </technique_common>
      </source>
      <source id="B_Head_matrix-interpolation">
        <Name_array id="B_Head_matrix-interpolation-array" count="61"> LINEAR LINEAR LINEAR LINEAR LINEAR LINEAR LINEAR LINEAR LINEAR LINEAR LINEAR LINEAR LINEAR LINEAR LINEAR LINEAR LINEAR LINEAR LINEAR LINEAR LINEAR LINEAR LINEAR LINEAR LINEAR LINEAR LINEAR LINEAR LINEAR LINEAR LINEAR LINEAR LINEAR LINEAR LINEAR LINEAR LINEAR LINEAR LINEAR LINEAR LINEAR LINEAR LINEAR LINEAR LINEAR LINEAR LINEAR LINEAR LINEAR LINEAR LINEAR LINEAR LINEAR LINEAR LINEAR LINEAR LINEAR LINEAR LINEAR LINEAR LINEAR </Name_array>
        <technique_common>
          <accessor source="#B_Head_matrix-interpolation-array" count="61" stride="1">
            <param name="INTERPOLATION" type="name"></param>
          </accessor>
        </technique_common>
      </source>
      <source id="B_L_Calf_matrix-input" name="B_L_Calf_matrix-input">
        <float_array id="B_L_Calf_matrix-input-array" count="61"> 0 1 2 3 4 5 6 7 8 9 10 11 12 13 14 15 16 17 18 19 20 21 22 23 24 25 26 27 28 29 30 31 32 33 34 35 36 37 38 39 40 41 42 43 44 45 46 47 48 49 50 51 52 53 54 55 56 57 58 59 60 </float_array>
        <technique_common>
          <accessor count="61" offset="0" source="#B_L_Calf_matrix-input-array" stride="1">
            <param name="TIME" type="float" />
          </accessor>
        </technique_common>
      </source>
      <source id="B_L_Calf_matrix-output" name="B_L_Calf_matrix-output">
