<?xml version="1.0" encoding="UTF-8" standalone="no" ?>
<COLLADA xmlns="http://www.collada.org/2005/11/COLLADASchema" version="1.4.1">
  <asset>
    <contributor>
      <author>Assimp</author>
      <authoring_tool>FBX SDK/FBX Plugins version 2013.1</authoring_tool>
    </contributor>
    <created>2020-08-21T10:31:27</created>
    <modified>2020-08-21T10:31:27</modified>
    <unit name="meter" meter="1" />
    <up_axis>Y_UP</up_axis>
  </asset>
  <library_geometries>
  </library_geometries>
  <library_controllers>
  </library_controllers>
  <library_visual_scenes>
    <visual_scene id="RootNode" name="RootNode">
      <node id="Motion_aAssimpFbxa_Translation"  name="Motion_$AssimpFbx$_Translation" type="NODE">
        <matrix sid="matrix">1 0 0 9.92585e-07 0 1 0 0 0 0 1 -0.17328988 0 0 0 1</matrix>
        <node id="Motion_aAssimpFbxa_PreRotation"  name="Motion_$AssimpFbx$_PreRotation" type="NODE">
          <matrix sid="matrix">1 0 0 0 0 -4.3711388e-08 1 0 0 -1 -4.3711388e-08 0 0 0 0 1</matrix>
          <node id="Motion_aAssimpFbxa_Rotation"  name="Motion_$AssimpFbx$_Rotation" type="NODE">
            <matrix sid="matrix">1.3868001e-06 1 0 0 -1 1.3868001e-06 0 0 0 0 1 0 0 0 0 1</matrix>
            <node id="Motion_aAssimpFbxa_Scaling"  name="Motion_$AssimpFbx$_Scaling" type="NODE">
              <matrix sid="matrix">1 0 0 0 0 1 0 0 0 0 1 0 0 0 0 1</matrix>
              <node id="Motion"  name="Motion" type="NODE">
                <matrix sid="matrix">1 0 0 0 0 1 0 0 0 0 1 0 0 0 0 1</matrix>
                <node id="B_Pelvis"  name="B_Pelvis" type="NODE">
                  <matrix sid="matrix">-4.3711388e-08 0.47715977 0.87881655 0.17328988 0 -0.87881655 0.47715977 -1.2122457e-06 1 2.0857316e-08 3.8414292e-08 27.564949 0 0 0 1</matrix>
                  <node id="B_Spine"  name="B_Spine" type="NODE">
                    <matrix sid="matrix">0.90887952 -0.41392827 -0.051004607 7.6809883 0.41435879 0.91011065 -0.0023194775 -1.6262094 0.047379933 -0.019026082 0.99869567 0.00019904179 0 0 0 1</matrix>
                    <node id="B_Spine1"  name="B_Spine1" type="NODE">
                      <matrix sid="matrix">0.88321298 -0.46896467 0.0026209876 12.754114 0.45751083 0.86038679 -0.22454028 -0.01228714 0.10304639 0.19951603 0.97446126 -0.0028499365 0 0 0 1</matrix>
                      <node id="B_Spine2"  name="B_Spine2" type="NODE">
                        <matrix sid="matrix">0.87208748 -0.48924929 0.0099289343 17.947113 0.4798077 0.85091835 -0.21382836 -0.022537231 0.096166655 0.19124101 0.97682083 -0.0050804615 0 0 0 1</matrix>
                        <node id="B_L_Clavicle"  name="B_L_Clavicle" type="NODE">
                          <matrix sid="matrix">-0.017590661 -0.00078362972 0.99984497 17.736855 -0.17375694 -0.98478115 -0.0038287938 0.073139191 0.98463148 -0.17379735 0.017186789 5.0180187 0 0 0 1</matrix>
                          <node id="B_L_UpperArm"  name="B_L_UpperArm" type="NODE">
                            <matrix sid="matrix">0.85696322 0.51537699 -0.00075945258 17.464664 -0.39300513 0.65443647 0.64595652 3.8146973e-06 0.33340812 -0.55326253 0.76337379 -7.6293945e-06 0 0 0 1</matrix>
                            <node id="B_L_Forearm"  name="B_L_Forearm" type="NODE">
                              <matrix sid="matrix">0.55757779 0.82652193 0.077255882 27.628185 -0.83012468 0.5551579 0.05189091 3.8146973e-06 -2.3841861e-07 -0.093065232 0.99566001 -1.5258789e-05 0 0 0 1</matrix>
                              <node id="B_L_ForeArmTwist"  name="B_L_ForeArmTwist" type="NODE">
                                <matrix sid="matrix">1 1.3159099e-07 -2.870222e-07 11.99263 -1.0430807e-07 0.99566001 0.093065314 -1.5258789e-05 2.9802308e-07 -0.093065314 0.99566001 1.5258789e-05 0 0 0 1</matrix>
                                <node id="B_L_Hand"  name="B_L_Hand" type="NODE">
                                  <matrix sid="matrix">0.96226168 -0.26206893 0.073295921 11.992649 -0.094868459 -0.070617914 0.99298191 3.8146973e-06 -0.2550537 -0.96246189 -0.092814989 7.6293945e-06 0 0 0 1</matrix>
                                  <node id="B_L_Finger0"  name="B_L_Finger0" type="NODE">
                                    <matrix sid="matrix">0.80900657 0.13246366 0.57267946 1.460331 0.15583254 0.89108133 -0.42625141 1.9355392 -0.5667668 0.4340823 0.70024854 -2.4376564 0 0 0 1</matrix>
                                    <node id="B_L_Finger01"  name="B_L_Finger01" type="NODE">
                                      <matrix sid="matrix">0.80299318 -0.59598821 -5.1718656e-09 3.7140026 0.59598821 0.80299318 3.1970654e-08 0 -1.490116e-08 -2.8754588e-08 1 -2.2888184e-05 0 0 0 1</matrix>
                                      <node id="B_L_Finger02"  name="B_L_Finger02" type="NODE">
                                        <matrix sid="matrix">0.55218476 -0.83372176 -9.0996913e-08 5.5299339 0.83372176 0.55218476 2.4522324e-08 9.5367432e-06 2.9802312e-08 -8.940696e-08 1 2.2888184e-05 0 0 0 1</matrix>
                                      </node>
                                    </node>
                                  </node>
                                  <node id="B_L_Finger1"  name="B_L_Finger1" type="NODE">
                                    <matrix sid="matrix">0.27254871 -0.95552647 0.11263388 11.625465 0.92804098 0.23019071 -0.29283455 3.1205368 0.2538839 0.18434055 0.94950593 -3.0983505 0 0 0 1</matrix>
                                    <node id="B_L_Finger11"  name="B_L_Finger11" type="NODE">
                                      <matrix sid="matrix">-0.25881925 -0.96592575 3.9323542e-08 4.4568253 0.96592575 -0.25881925 2.5963541e-08 0 -1.4901163e-08 4.4703487e-08 1 1.5258789e-05 0 0 0 1</matrix>
                                      <node id="B_L_Finger12"  name="B_L_Finger12" type="NODE">
                                        <matrix sid="matrix">0.57357568 -0.81915259 3.5765527e-07 3.3311539 0.81915259 0.57357568 -1.7766862e-07 -1.5258789e-05 -5.9604638e-08 3.9488063e-07 1 -3.0517578e-05 0 0 0 1</matrix>
                                      </node>
                                    </node>
                                  </node>
                                  <node id="B_L_Finger2"  name="B_L_Finger2" type="NODE">
                                    <matrix sid="matrix">0.25808457 -0.96503478 0.045829143 11.814083 0.9609651 0.25152308 -0.11524853 2.4381027 0.099691741 0.073784068 0.99227893 0.83572388 0 0 0 1</matrix>
                                    <node id="B_L_Finger21"  name="B_L_Finger21" type="NODE">
                                      <matrix sid="matrix">-0.62068564 -0.78405952 4.7901165e-07 5.1996307 0.78405952 -0.62068564 3.7107938e-08 1.5258789e-05 2.6822082e-07 3.9860601e-07 1 1.1444092e-05 0 0 0 1</matrix>
                                      <node id="B_L_Finger22"  name="B_L_Finger22" type="NODE">
                                        <matrix sid="matrix">0.44828629 -0.89389002 1.992005e-08 5.1996307 0.89389002 0.44828629 -5.9999962e-08 2.2888184e-05 4.470348e-08 4.4703494e-08 1 0 0 0 0 1</matrix>
                                      </node>
                                    </node>
                                  </node>
                                  <node id="B_L_Finger3"  name="B_L_Finger3" type="NODE">
                                    <matrix sid="matrix">0.13847044 -0.99036652 0.00029704184 11.814068 0.99036658 0.13847046 5.9360053e-05 1.9342346 -9.9919729e-05 0.0002859607 0.99999994 4.6002426 0 0 0 1</matrix>
                                    <node id="B_L_Finger31"  name="B_L_Finger31" type="NODE">
                                      <matrix sid="matrix">-0.058766745 -0.99827176 -8.9028447e-07 4.4568176 0.99827176 -0.058766745 -1.2316394e-06 1.5258789e-05 1.1771916e-06 -9.6112524e-07 1 0 0 0 0 1</matrix>
                                      <node id="B_L_Finger32"  name="B_L_Finger32" type="NODE">
                                        <matrix sid="matrix">-0.058766626 -0.99827176 -1.8335485e-06 4.4567757 0.99827176 -0.058766626 -1.5633158e-06 -2.2888184e-05 1.4528625e-06 -1.9222505e-06 1 0 0 0 0 1</matrix>
                                      </node>
                                    </node>
                                  </node>
                                  <node id="B_L_Finger4"  name="B_L_Finger4" type="NODE">
                                    <matrix sid="matrix">0.14714384 -0.98122936 -0.12465 11.857193 0.98368686 0.15835437 -0.085346915 4.0528946 0.10348377 -0.1100583 0.9885233 6.5145302 0 0 0 1</matrix>
                                    <node id="B_L_Finger41"  name="B_L_Finger41" type="NODE">
                                      <matrix sid="matrix">-0.18123157 -0.98344046 -2.1620558e-06 3.3276596 0.98344046 -0.18123157 -3.8076471e-06 1.1444092e-05 3.3527613e-06 -2.8163188e-06 1 1.5258789e-05 0 0 0 1</matrix>
                                      <node id="B_L_Finger42"  name="B_L_Finger42" type="NODE">
                                        <matrix sid="matrix">0.0019773988 -0.99999803 -2.3309997e-06 3.3276596 0.99999803 0.0019773988 -3.2438504e-06 -2.2888184e-05 3.2484534e-06 -2.3245807e-06 1 -1.5258789e-05 0 0 0 1</matrix>
                                      </node>
                                    </node>
                                  </node>
                                </node>
                              </node>
                            </node>
                          </node>
                        </node>
                        <node id="B_R_Clavicle"  name="B_R_Clavicle" type="NODE">
                          <matrix sid="matrix">-0.1045284 -0.00079619186 -0.9945215 17.736851 0.00023395439 -0.99999964 0.00077598775 0.07466507 -0.99452186 -0.00015155993 0.10452855 -5.0179615 0 0 0 1</matrix>
                          <node id="B_R_UpperArm"  name="B_R_UpperArm" type="NODE">
                            <matrix sid="matrix">0.82476163 -0.2609733 -0.50165856 17.464643 0.2589255 0.96296078 -0.075260878 7.6293945e-06 0.50271857 -0.067819901 0.86178571 7.6293945e-06 0 0 0 1</matrix>
                            <node id="B_R_Forearm"  name="B_R_Forearm" type="NODE">
                              <matrix sid="matrix">0.80765754 0.58838749 -0.038594127 27.62818 -0.58965188 0.80592573 -0.052862994 3.8146973e-06 7.4505841e-08 0.065452293 0.99785572 3.8146973e-06 0 0 0 1</matrix>
                              <node id="B_R_ForeArmTwist"  name="B_R_ForeArmTwist" type="NODE">
                                <matrix sid="matrix">1 -1.5161804e-07 -3.4854448e-08 11.992638 1.4901161e-07 0.99785566 -0.065452449 -3.8146973e-06 4.4703484e-08 0.065452449 0.99785566 -3.8146973e-06 0 0 0 1</matrix>
                                <node id="B_R_Hand"  name="B_R_Hand" type="NODE">
                                  <matrix sid="matrix">0.99811697 -0.032143176 0.052242853 11.992651 0.049997091 -0.067096442 -0.99649298 0 0.03553576 0.99722862 -0.065363042 -1.5258789e-05 0 0 0 1</matrix>
                                  <node id="B_R_Finger0"  name="B_R_Finger0" type="NODE">
                                    <matrix sid="matrix">0.80900663 0.13246384 -0.57267934 1.4603195 0.15583237 0.89108133 0.42625159 1.9355507 0.5667668 -0.4340823 0.70024854 2.4376602 0 0 0 1</matrix>
                                    <node id="B_R_Finger01"  name="B_R_Finger01" type="NODE">
                                      <matrix sid="matrix">0.80299306 -0.59598833 -1.4050171e-07 3.714016 0.59598833 0.80299306 -8.5724558e-08 -1.5258789e-05 1.6391274e-07 -1.490116e-08 1 7.6293945e-06 0 0 0 1</matrix>
                                      <node id="B_R_Finger02"  name="B_R_Finger02" type="NODE">
                                        <matrix sid="matrix">0.55218482 -0.83372176 1.4464239e-07 5.5299339 0.83372176 0.55218482 2.5032705e-09 7.6293945e-06 -8.1956365e-08 1.1920923e-07 1 1.9073486e-05 0 0 0 1</matrix>
                                      </node>
                                    </node>
                                  </node>
                                  <node id="B_R_Finger1"  name="B_R_Finger1" type="NODE">
                                    <matrix sid="matrix">0.27254859 -0.95552653 -0.11263385 11.625471 0.92804098 0.2301905 0.29283497 3.1205521 -0.25388432 -0.18434058 0.94950587 3.0983505 0 0 0 1</matrix>
                                    <node id="B_R_Finger11"  name="B_R_Finger11" type="NODE">
                                      <matrix sid="matrix">-0.25881925 -0.96592575 -1.3262238e-07 4.4568119 0.96592575 -0.25881925 -6.6389724e-08 5.7220459e-06 2.9802321e-08 -1.4528631e-07 1 1.1444092e-05 0 0 0 1</matrix>
                                      <node id="B_R_Finger12"  name="B_R_Finger12" type="NODE">
                                        <matrix sid="matrix">0.57357585 -0.81915247 1.5138866e-07 3.3311424 0.81915247 0.57357585 1.1228809e-07 -7.6293945e-06 -1.7881393e-07 5.9604652e-08 1 -1.1444092e-05 0 0 0 1</matrix>
                                      </node>
                                    </node>
                                  </node>
                                  <node id="B_R_Finger2"  name="B_R_Finger2" type="NODE">
                                    <matrix sid="matrix">0.25808468 -0.96503472 -0.045829192 11.814051 0.96096504 0.25152323 0.11524843 2.4381218 -0.099691622 -0.073784105 0.99227893 -0.83572006 0 0 0 1</matrix>
                                    <node id="B_R_Finger21"  name="B_R_Finger21" type="NODE">
                                      <matrix sid="matrix">-0.62068564 -0.78405952 -1.3435903e-07 5.1996002 0.78405952 -0.62068564 -1.0636273e-07 -3.8146973e-06 0 -1.713633e-07 1 -3.4332275e-05 0 0 0 1</matrix>
                                      <node id="B_R_Finger22"  name="B_R_Finger22" type="NODE">
                                        <matrix sid="matrix">0.44828629 -0.89389002 -8.9939981e-08 5.199604 0.89389002 0.44828629 2.0099916e-08 7.6293945e-06 2.2351749e-08 -8.9406974e-08 1 3.0517578e-05 0 0 0 1</matrix>
                                      </node>
                                    </node>
                                  </node>
                                  <node id="B_R_Finger3"  name="B_R_Finger3" type="NODE">
                                    <matrix sid="matrix">0.13847044 -0.99036652 -0.00029819005 11.814058 0.99036658 0.13847046 -5.944775e-05 1.9342728 0.00010016558 -0.00028708568 0.99999994 -4.6002579 0 0 0 1</matrix>
                                    <node id="B_R_Finger31"  name="B_R_Finger31" type="NODE">
                                      <matrix sid="matrix">-0.058766864 -0.99827176 -4.3670729e-09 4.4567871 0.99827176 -0.058766864 -1.7938061e-07 -7.6293945e-06 1.7881393e-07 -1.4901159e-08 1 0 0 0 0 1</matrix>
                                      <node id="B_R_Finger32"  name="B_R_Finger32" type="NODE">
                                        <matrix sid="matrix">-0.058766864 -0.99827176 6.0640014e-07 4.4568272 0.99827176 -0.058766864 -1.5835258e-07 7.6293945e-06 1.9371512e-07 5.9604622e-07 1 -1.5258789e-05 0 0 0 1</matrix>
                                      </node>
                                    </node>
                                  </node>
                                  <node id="B_R_Finger4"  name="B_R_Finger4" type="NODE">
                                    <matrix sid="matrix">0.14714408 -0.9812296 0.12464784 11.857227 0.9836868 0.15835439 0.085347086 4.0529137 -0.10348362 0.11005612 0.98852354 -6.5145645 0 0 0 1</matrix>
                                    <node id="B_R_Finger41"  name="B_R_Finger41" type="NODE">
                                      <matrix sid="matrix">-0.18123123 -0.98344052 2.4598637e-07 3.3276711 0.98344052 -0.18123123 8.0293478e-07 2.2888184e-05 -7.4505812e-07 3.8742982e-07 1 3.0517578e-05 0 0 0 1</matrix>
                                      <node id="B_R_Finger42"  name="B_R_Finger42" type="NODE">
                                        <matrix sid="matrix">0.0019769219 -0.99999803 2.3975835e-07 3.3277016 0.99999803 0.0019769219 6.7753035e-07 3.0517578e-05 -6.78003e-07 2.3841845e-07 1 -3.8146973e-06 0 0 0 1</matrix>
                                      </node>
                                    </node>
                                  </node>
                                </node>
                              </node>
                            </node>
                          </node>
                        </node>
                        <node id="B_Neck"  name="B_Neck" type="NODE">
                          <matrix sid="matrix">0.90034938 -0.42587438 -0.089453615 27.041573 0.43011782 0.90212202 0.034270901 1.1288528 0.066102982 -0.069331378 0.9954012 0.00075817108 0 0 0 1</matrix>
                          <node id="B_Head"  name="B_Head" type="NODE">
                            <matrix sid="matrix">0.27865177 0.9272548 0.25010356 10.019314 -0.95835739 0.25152376 0.13522947 1.4083176 0.062485173 -0.27737054 0.95872897 1.9073486e-06 0 0 0 1</matrix>
                          </node>
                        </node>
                      </node>
                    </node>
                  </node>
                  <node id="B_L_Thigh"  name="B_L_Thigh" type="NODE">
                    <matrix sid="matrix">-0.81717741 0.33981815 -0.46555844 0 0.45930111 0.87190485 -0.1697776 1.6212463e-05 0.34822917 -0.35256997 -0.86857986 11.161452 0 0 0 1</matrix>
                    <node id="B_L_Calf"  name="B_L_Calf" type="NODE">
                      <matrix sid="matrix">-0.92216277 0.38680202 4.6671335e-07 50.282753 -0.38680202 -0.92216277 6.2068816e-06 2.3841858e-06 2.8312202e-06 5.5432297e-06 1 -1.9073486e-06 0 0 0 1</matrix>
                      <node id="B_L_Foot"  name="B_L_Foot" type="NODE">
                        <matrix sid="matrix">-0.62212807 -0.74180734 0.2503567 39.72813 0.62945539 -0.66407353 -0.40347517 -3.3378601e-06 0.46555611 -0.093424827 0.88007343 0 0 0 0 1</matrix>
                        <node id="B_L_Toe0"  name="B_L_Toe0" type="NODE">
                          <matrix sid="matrix">-4.3711388e-08 -1 -5.6529217e-08 18.214443 1 -4.3711388e-08 -2.9802393e-08 14.545952 2.980239e-08 -5.6529217e-08 1 0.020654678 0 0 0 1</matrix>
                        </node>
                      </node>
                    </node>
                  </node>
                  <node id="B_R_Thigh"  name="B_R_Thigh" type="NODE">
                    <matrix sid="matrix">-0.033235468 0.90338534 0.42753991 0 0.50782174 0.38370618 -0.77128899 -1.4781952e-05 -0.86082083 0.19147991 -0.47151136 -11.161449 0 0 0 1</matrix>
                    <node id="B_R_Calf"  name="B_R_Calf" type="NODE">
                      <matrix sid="matrix">-0.89815873 0.4396714 -1.4688294e-07 50.282749 -0.4396714 -0.89815873 -4.7836857e-06 0 -2.2351737e-06 -4.2319284e-06 1 3.8146973e-06 0 0 0 1</matrix>
                      <node id="B_R_Foot"  name="B_R_Foot" type="NODE">
                        <matrix sid="matrix">0.36734247 -0.9214896 -0.12616032 39.72813 0.82599741 0.26086506 0.4996776 9.5367432e-07 -0.4275369 -0.28776088 0.85697484 -1.9073486e-06 0 0 0 1</matrix>
                        <node id="B_R_Toe0"  name="B_R_Toe0" type="NODE">
                          <matrix sid="matrix">-2.8212997e-07 -1 5.093865e-07 18.214439 1 -2.8213046e-07 -9.2387182e-07 14.545954 9.2387199e-07 5.0938621e-07 1 -0.020648956 0 0 0 1</matrix>
                        </node>
                      </node>
                    </node>
                  </node>
                </node>
              </node>
            </node>
          </node>
        </node>
      </node>
      <node id="Exporter_aAssimpFbxa_PreRotation"  name="Exporter_$AssimpFbx$_PreRotation" type="NODE">
        <matrix sid="matrix">1 0 0 0 0 -4.3711388e-08 1 0 0 -1 -4.3711388e-08 0 0 0 0 1</matrix>
        <node id="Exporter"  name="Exporter" type="NODE">
          <matrix sid="matrix">1 0 0 0 0 1 0 0 0 0 1 0 0 0 0 1</matrix>
        </node>
      </node>
    </visual_scene>
  </library_visual_scenes>
  <library_animations>
    <animation id="TakeW001AnimId0" name="Take 001">
      <source id="B_Head_matrix-input" name="B_Head_matrix-input">
        <float_array id="B_Head_matrix-input-array" count="33"> 0 1 2 3 4 5 6 7 8 9 10 11 12 13 14 15 16 17 18 19 20 21 22 23 24 25 26 27 28 29 30 31 32 </float_array>
        <technique_common>
          <accessor count="33" offset="0" source="#B_Head_matrix-input-array" stride="1">
            <param name="TIME" type="float" />
          </accessor>
        </technique_common>
      </source>
      <source id="B_Head_matrix-output" name="B_Head_matrix-output">
        <float_array id="B_Head_matrix-output-array" count="528"> 0.27865154 0.92725486 0.25010359 10.019314 -0.95835745 0.25152346 0.13522942 1.4083176 0.062485203 -0.27737048 0.95872897 1.9073486e-06 0 0 0 1 0.10364961 0.94059587 0.32332042 10.019308 -0.9893465 0.064090364 0.13071327 1.4083176 0.10222663 -0.3334243 0.93721813 -1.9073486e-06 0 0 0 1 -0.10518371 0.9212206 0.37455201 10.019314 -0.98159021 -0.15655912 0.10940572 1.4083138 0.15942632 -0.35614896 0.92072862 1.9073486e-06 0 0 0 1 -0.037010785 0.95684105 0.28824541 10.019316 -0.98843485 -0.077499732 0.13034789 1.4083176 0.14706108 -0.28008744 0.94864339 -3.8146973e-06 0 0 0 1 0.99304134 0.051005833 0.10614724 10.019302 0.0072619743 0.8731032 -0.48748136 1.4083147 -0.11754189 0.48486 0.8666572 0 0 0 0 1 0.99455404 0.034187268 0.098455623 10.019302 0.026508013 0.83062851 -0.55619538 1.4083118 -0.10079488 0.5557763 0.82519871 0 0 0 0 1 0.97410887 0.18916324 -0.12381119 10.019318 -0.22530025 0.85766846 -0.46221715 1.4083099 0.018754456 0.47814447 0.87808108 0 0 0 0 1 0.95942724 0.027471777 -0.28061464 10.019316 -0.03536595 0.99910724 -0.023105741 1.4083099 0.27972937 0.032092478 0.95954239 7.6293945e-06 0 0 0 1 0.96613711 0.0087854387 -0.2578797 10.019306 0.0020227721 0.99913162 0.041616641 1.4083176 0.25802135 -0.040729012 0.96528047 7.6293945e-06 0 0 0 1 0.96850818 0.0056593195 -0.24891716 10.019302 0.0095377853 0.99816447 0.059804458 1.4083176 0.24879873 -0.060295228 0.96667653 0 0 0 0 1 0.96572208 0.014489164 -0.25917253 10.019314 -0.0047590095 0.99926132 0.038131259 1.4083176 0.25953361 -0.035590809 0.96507776 0 0 0 0 1 0.95942742 0.027471704 -0.2806147 10.01931 -0.035365906 0.99910742 -0.02310583 1.4083138 0.27972946 0.032092556 0.95954245 0 0 0 0 1 0.96208316 0.057540104 -0.26661846 10.019314 -0.13300329 0.95237255 -0.27440178 1.4083157 0.23813103 0.29945835 0.92391479 1.9073486e-06 0 0 0 1 0.9859069 0.13624494 -0.097083375 10.019318 -0.16636829 0.85948765 -0.4833248 1.4083195 0.017591385 0.49266478 0.87004149 3.8146973e-06 0 0 0 1 0.98340452 0.16812731 -0.068183251 10.019318 -0.17943619 0.84579331 -0.5024302 1.4083138 -0.026803311 0.50632662 0.86192513 0 0 0 0 1 0.97885132 0.17527625 -0.10549223 10.01931 -0.20449747 0.85243046 -0.48118922 1.4083099 0.0055837487 0.49258542 0.87024629 0 0 0 0 1 0.97410899 0.18916318 -0.12381113 10.01931 -0.22530019 0.85766864 -0.46221694 1.4083176 0.018754488 0.47814438 0.87808102 0 0 0 0 1 0.97022671 0.22184035 -0.097194836 10.019318 -0.24134189 0.85181588 -0.46493384 1.4083138 -0.020348975 0.47454834 0.87999415 7.6293945e-06 0 0 0 1 0.96319407 0.26292205 -0.055938642 10.019318 -0.2576803 0.84385902 -0.47064081 1.4083176 -0.07653752 0.46773279 0.88054979 -3.8146973e-06 0 0 0 1 0.95189744 0.30629593 -0.008592926 10.019318 -0.27302918 0.83511502 -0.47753289 1.4083138 -0.13909031 0.4569084 0.87857187 -1.9073486e-06 0 0 0 1 0.93748206 0.34617808 0.035893802 10.019318 -0.28660682 0.82641077 -0.48466691 1.4083138 -0.19744408 0.44407907 0.87396216 -9.5367432e-07 0 0 0 1 0.92349386 0.37746999 0.068373971 10.019318 -0.29791418 0.81799102 -0.49207479 1.4083176 -0.24167272 0.43405855 0.86786366 0 0 0 0 1 0.91494977 0.395603 0.079780087 10.019302 -0.3066566 0.8100304 -0.49981228 1.4083176 -0.26235154 0.43283811 0.86245155 1.9073486e-06 0 0 0 1 0.91636312 0.39564028 0.061217956 10.019302 -0.31320858 0.80371773 -0.50590348 1.4083176 -0.24935775 0.44441718 0.86041522 -1.9073486e-06 0 0 0 1 0.95377469 0.2539719 -0.16066113 10.019318 -0.29971465 0.84303916 -0.44660527 1.4083099 0.022018453 0.4741134 0.88018847 -3.8146973e-06 0 0 0 1 0.92625397 0.12229732 -0.35650635 10.019318 -0.2305526 0.93213004 -0.27924672 1.4083099 0.29815918 0.34084684 0.89158523 0 0 0 0 1 0.91627145 0.10891676 -0.38546556 10.019314 -0.21056111 0.94960487 -0.23219535 1.4083176 0.34074995 0.29391801 0.89302963 -9.5367432e-07 0 0 0 1 0.91758746 0.1167507 -0.38000315 10.019306 -0.21959016 0.9456895 -0.23969108 1.4083176 0.33138075 0.30338252 0.89339018 -1.9073486e-06 0 0 0 1 0.92625409 0.12229729 -0.35650629 10.01931 -0.23055254 0.9321301 -0.27924675 1.4083099 0.29815915 0.34084684 0.89158553 -1.9073486e-06 0 0 0 1 0.94195902 0.12158383 -0.3129389 10.019302 -0.23026642 0.9122963 -0.33866364 1.4083176 0.24431701 0.39106664 0.88734215 -1.9073486e-06 0 0 0 1 0.9623121 0.12947483 -0.23914796 10.019302 -0.22038478 0.88651049 -0.40685335 1.4083176 0.15932992 0.44422436 0.88163424 0 0 0 0 1 0.97869414 0.14866936 -0.14161725 10.019318 -0.19816934 0.86444116 -0.46202886 1.4083099 0.053730246 0.48024905 0.87548512 0 0 0 0 1 0.98408639 0.17358993 -0.037950244 10.019318 -0.16961536 0.85404325 -0.4917731 1.4083138 -0.052955694 0.49038419 0.86989611 1.9073486e-06 0 0 0 1 </float_array>
        <technique_common>
          <accessor count="33" offset="0" source="#B_Head_matrix-output-array" stride="16">
            <param name="TRANSFORM" type="float4x4" />
          </accessor>
        </technique_common>
      </source>
      <source id="B_Head_matrix-interpolation">
        <Name_array id="B_Head_matrix-interpolation-array" count="33"> LINEAR LINEAR LINEAR LINEAR LINEAR LINEAR LINEAR LINEAR LINEAR LINEAR LINEAR LINEAR LINEAR LINEAR LINEAR LINEAR LINEAR LINEAR LINEAR LINEAR LINEAR LINEAR LINEAR LINEAR LINEAR LINEAR LINEAR LINEAR LINEAR LINEAR LINEAR LINEAR LINEAR </Name_array>
        <technique_common>
          <accessor source="#B_Head_matrix-interpolation-array" count="33" stride="1">
            <param name="INTERPOLATION" type="name"></param>
          </accessor>
        </technique_common>
      </source>
      <source id="B_L_Calf_matrix-input" name="B_L_Calf_matrix-input">
        <float_array id="B_L_Calf_matrix-input-array" count="33"> 0 1 2 3 4 5 6 7 8 9 10 11 12 13 14 15 16 17 18 19 20 21 22 23 24 25 26 27 28 29 30 31 32 </float_array>
        <technique_common>
          <accessor count="33" offset="0" source="#B_L_Calf_matrix-input-array" stride="1">
            <param name="TIME" type="float" />
          </accessor>
        </technique_common>
      </source>
      <source id="B_L_Calf_matrix-output" name="B_L_Calf_matrix-output">
        <float_array id="B_L_Calf_matrix-output-array" count="528"> -0.92216289 0.38680217 4.6671357e-07 50.282753 -0.38680208 -0.92216313 6.2068816e-06 2.3841858e-06 2.8312204e-06 5.5432315e-06 1 -1.9073486e-06 0 0 0 1 -0.96802855 0.25084248 2.2006446e-07 50.282753 -0.25084248 -0.96802855 6.1604733e-06 -2.3841858e-07 1.7583368e-06 5.9083109e-06 1 1.9073486e-06 0 0 0 1 -0.98246789 0.18643437 2.1896699e-07 50.282745 -0.18643445 -0.98246753 6.1993846e-06 2.6226044e-06 1.3709069e-06 6.049871e-06 1 2.8610229e-06 0 0 0 1 -0.97382081 0.22731683 2.446908e-07 50.282745 -0.22731677 -0.97382104 6.1625133e-06 2.1457672e-06 1.6391276e-06 5.9455629e-06 1 7.6293945e-06 0 0 0 1 0.97954851 0.20120777 1.9433531e-07 50.282745 -0.20120771 0.97954881 8.0372029e-06 0 1.4267861e-06 -7.9119345e-06 1 1.9073486e-06 0 0 0 1 0.77671635 0.62985092 5.7421238e-07 50.282761 -0.62985075 0.77671653 7.8174053e-06 3.8146973e-06 4.4777985e-06 -6.4335768e-06 0.99999994 4.7683716e-06 0 0 0 1 -0.13474885 0.99087983 9.5762789e-07 50.282738 -0.99088007 -0.13474882 6.9866537e-06 -3.8146973e-06 7.0519754e-06 -7.4503532e-09 1 1.9073486e-06 0 0 0 1 -0.64454401 0.76456738 6.9754878e-07 50.282753 -0.7645672 -0.64454418 6.4915757e-06 0 5.4128468e-06 3.6507845e-06 1 3.8146973e-06 0 0 0 1 -0.71080041 0.70339382 6.4489353e-07 50.282753 -0.70339382 -0.71080041 6.4451774e-06 0 4.991889e-06 4.1276212e-06 0.99999988 -1.9073486e-06 0 0 0 1 -0.69922853 0.71489823 7.0798637e-07 50.282749 -0.71489823 -0.69922853 6.4777823e-06 0 5.1259995e-06 4.0233126e-06 1 0 0 0 0 1 -0.69676059 0.71730405 7.4856143e-07 50.282753 -0.71730417 -0.69676048 6.5021741e-06 -1.9073486e-06 5.1856046e-06 3.9935117e-06 1 1.5258789e-05 0 0 0 1 -0.69024175 0.72357911 7.5240632e-07 50.282761 -0.72357899 -0.69024187 6.5312379e-06 -7.6293945e-06 5.2452087e-06 3.963708e-06 1 -7.6293945e-06 0 0 0 1 -0.68098974 0.73229295 6.7545346e-07 50.282753 -0.73229295 -0.68098974 6.3717976e-06 0 5.1259999e-06 3.8444996e-06 0.99999994 3.8146973e-06 0 0 0 1 -0.67034978 0.74204558 7.7347318e-07 50.282753 -0.74204558 -0.67034978 6.5468057e-06 -7.6293945e-06 5.3765257e-06 3.8146973e-06 1 5.7220459e-06 0 0 0 1 -0.65973181 0.75150174 7.24296e-07 50.282761 -0.7515018 -0.65973175 6.3983157e-06 0 5.286186e-06 3.6768615e-06 1.0000001 4.7683716e-06 0 0 0 1 -0.65061754 0.75940561 7.0644433e-07 50.282745 -0.75940543 -0.65061766 6.4587284e-06 -3.3378601e-06 5.3644185e-06 3.6656854e-06 1 7.6293945e-06 0 0 0 1 -0.64454406 0.76456732 6.926964e-07 50.282761 -0.76456732 -0.64454406 6.3933448e-06 0 5.3346153e-06 3.5911801e-06 1 0 0 0 0 1 -0.64285046 0.76599199 7.3602234e-07 50.282753 -0.76599181 -0.64285064 6.4633468e-06 7.6293945e-06 5.4240222e-06 3.5911794e-06 1.0000001 0 0 0 0 1 -0.64466858 0.76446223 6.7945865e-07 50.282749 -0.76446211 -0.64466864 6.5612135e-06 7.6293945e-06 5.453825e-06 3.7103887e-06 0.99999994 0 0 0 0 1 -0.64822036 0.76145327 8.8263607e-07 50.282761 -0.76145315 -0.64822042 6.6458415e-06 0 5.6326389e-06 3.6358838e-06 1.0000001 -1.5258789e-05 0 0 0 1 -0.65173274 0.75844896 6.029141e-07 50.282745 -0.7584489 -0.65173286 6.5547983e-06 0 5.3644176e-06 3.814697e-06 1.0000001 0 0 0 0 1 -0.65345913 0.75696218 7.7576124e-07 50.282745 -0.756962 -0.65345931 6.4170845e-06 0 5.3644171e-06 3.6060815e-06 1 0 0 0 0 1 -0.65165806 0.75851291 7.2182308e-07 50.282738 -0.75851291 -0.65165806 6.5110817e-06 0 5.409122e-06 3.6954871e-06 0.99999988 7.6293945e-06 0 0 0 1 -0.64454406 0.76456755 7.7612083e-07 50.282745 -0.76456755 -0.64454406 6.4691876e-06 7.6293945e-06 5.446374e-06 3.5762787e-06 1.0000001 -7.6293945e-06 0 0 0 1 -0.60609764 0.79539037 7.7709024e-07 50.282745 -0.79539037 -0.60609764 6.5269187e-06 7.6293945e-06 5.6624408e-06 3.3378603e-06 1 3.8146973e-06 0 0 0 1 -0.54641014 0.83751798 8.0454015e-07 50.282749 -0.83751792 -0.5464102 6.5919253e-06 -5.7220459e-06 5.9604645e-06 2.9280784e-06 1 5.7220459e-06 0 0 0 1 -0.58882958 0.80825734 7.8601965e-07 50.282757 -0.80825734 -0.58882958 6.691218e-06 -2.8610229e-06 5.8710575e-06 3.3046813e-06 1 5.7220459e-06 0 0 0 1 -0.58230281 0.81297243 7.6292827e-07 50.282753 -0.81297231 -0.58230287 6.5286267e-06 -1.9073486e-06 5.7518482e-06 3.1813981e-06 1 3.8146973e-06 0 0 0 1 -0.54641068 0.83751768 8.3711143e-07 50.282761 -0.83751768 -0.54641068 6.6418443e-06 -7.6293945e-06 6.0200687e-06 2.9280789e-06 1 3.8146973e-06 0 0 0 1 -0.43710563 0.89941037 9.3859126e-07 50.282753 -0.89941037 -0.43710563 6.6016914e-06 -3.8146973e-06 6.3478933e-06 2.0414582e-06 1 0 0 0 0 1 -0.17189147 0.98511624 9.689802e-07 50.282753 -0.985116 -0.17189151 6.9402872e-06 -7.6293945e-06 7.0035458e-06 2.3841866e-07 1.0000002 0 0 0 0 1 0.28167844 0.95950884 7.6311466e-07 50.282745 -0.95950913 0.28167835 7.3988776e-06 0 6.8843378e-06 -2.8163197e-06 0.99999994 7.6293945e-06 0 0 0 1 0.8746348 0.48478267 4.6543431e-07 50.282745 -0.48478267 0.8746348 7.9708998e-06 -1.9073486e-06 3.4570694e-06 -7.1972618e-06 0.99999988 7.6293945e-06 0 0 0 1 </float_array>
        <technique_common>
          <accessor count="33" offset="0" source="#B_L_Calf_matrix-output-array" stride="16">
            <param name="TRANSFORM" type="float4x4" />
          </accessor>
        </technique_common>
      </source>
      <source id="B_L_Calf_matrix-interpolation">
        <Name_array id="B_L_Calf_matrix-interpolation-array" count="33"> LINEAR LINEAR LINEAR LINEAR LINEAR LINEAR LINEAR LINEAR LINEAR LINEAR LINEAR LINEAR LINEAR LINEAR LINEAR LINEAR LINEAR LINEAR LINEAR LINEAR LINEAR LINEAR LINEAR LINEAR LINEAR LINEAR LINEAR LINEAR LINEAR LINEAR LINEAR LINEAR LINEAR </Name_array>
        <technique_common>
          <accessor source="#B_L_Calf_matrix-interpolation-array" count="33" stride="1">
            <param name="INTERPOLATION" type="name"></param>
          </accessor>
        </technique_common>
      </source>
      <source id="B_L_Clavicle_matrix-input" name="B_L_Clavicle_matrix-input">
        <float_array id="B_L_Clavicle_matrix-input-array" count="33"> 0 1 2 3 4 5 6 7 8 9 10 11 12 13 14 15 16 17 18 19 20 21 22 23 24 25 26 27 28 29 30 31 32 </float_array>
        <technique_common>
          <accessor count="33" offset="0" source="#B_L_Clavicle_matrix-input-array" stride="1">
            <param name="TIME" type="float" />
          </accessor>
        </technique_common>
      </source>
      <source id="B_L_Clavicle_matrix-output" name="B_L_Clavicle_matrix-output">
        <float_array id="B_L_Clavicle_matrix-output-array" count="528"> -0.017590642 -0.00078363717 0.99984497 17.736855 -0.17375694 -0.98478115 -0.0038287938 0.073139191 0.98463148 -0.17379735 0.017186701 5.0180187 0 0 0 1 -0.017590877 -0.00078362954 0.99984485 17.736855 -0.17375691 -0.98478103 -0.0038288157 0.073135376 0.98463124 -0.17379732 0.017186878 5.0180197 0 0 0 1 -0.017590879 -0.0007843225 0.99984473 17.736851 -0.17375702 -0.98478091 -0.0038295235 0.073139191 0.98463124 -0.17379744 0.017186997 5.0180149 0 0 0 1 -0.01759064 -0.0007842257 0.99984497 17.736856 -0.17375694 -0.98478121 -0.0038293672 0.073143005 0.98463148 -0.17379735 0.017186521 5.018013 0 0 0 1 -0.017590642 -0.00078433752 0.99984497 17.736862 -0.17375693 -0.98478115 -0.0038294941 0.073139191 0.98463148 -0.17379735 0.017186642 5.0180149 0 0 0 1 -0.017590644 -0.00078458339 0.99984509 17.736862 -0.17375694 -0.98478115 -0.0038297405 0.073141098 0.9846316 -0.17379734 0.017186644 5.0180168 0 0 0 1 -0.017590642 -0.00078399474 0.99984497 17.736832 -0.17375693 -0.98478109 -0.0038291514 0.073143005 0.98463148 -0.17379732 0.017186642 5.0180359 0 0 0 1 -0.01759064 -0.00078422565 0.99984503 17.736851 -0.17375694 -0.98478109 -0.0038293749 0.073150635 0.98463148 -0.17379734 0.017186522 5.0180206 0 0 0 1 -0.017590642 -0.00078375626 0.99984509 17.736855 -0.17375694 -0.98478103 -0.0038289134 0.073135376 0.98463148 -0.17379734 0.017186703 5.0180283 0 0 0 1 -0.017590642 -0.00078386825 0.99984497 17.736851 -0.17375693 -0.98478127 -0.0038290173 0.073135376 0.98463148 -0.17379737 0.017186701 5.018013 0 0 0 1 -0.017590763 -0.00078493357 0.99984497 17.736847 -0.17375694 -0.98478127 -0.0038300825 0.073139191 0.98463166 -0.17379737 0.017186461 5.0180206 0 0 0 1 -0.01759088 -0.00078421074 0.99984497 17.736855 -0.17375693 -0.98478115 -0.0038293898 0.073141098 0.98463148 -0.17379734 0.017186821 5.018013 0 0 0 1 -0.017590642 -0.0007840991 0.99984509 17.736847 -0.17375693 -0.98478115 -0.0038292636 0.073143005 0.98463148 -0.17379734 0.017186644 5.0180178 0 0 0 1 -0.017590879 -0.00078421069 0.99984485 17.736855 -0.17375703 -0.98478103 -0.0038294042 0.073139191 0.98463142 -0.17379743 0.017186819 5.0180168 0 0 0 1 -0.0291363 -0.00078428519 0.99957502 17.736851 -0.17370114 -0.98478079 -0.0058358456 0.073135376 0.98436725 -0.17379734 0.028556641 5.0180054 0 0 0 1 -0.040678021 -0.00078425545 0.99917197 17.736855 -0.17362227 -0.98478091 -0.0078414381 0.073143005 0.98397171 -0.17379749 0.039922833 5.018013 0 0 0 1 -0.017590879 -0.00078409154 0.99984497 17.736855 -0.17375703 -0.98478109 -0.0038292855 0.073135376 0.98463142 -0.17379744 0.017186821 5.0180054 0 0 0 1 0.051663511 -0.00078400224 0.99866432 17.736862 -0.17360519 -0.98478127 0.0082079545 0.073143005 0.98345917 -0.17379737 -0.05101347 5.0180054 0 0 0 1 0.14564355 -0.00078386057 0.98933691 17.736862 -0.17205679 -0.98478091 0.024548788 0.073135376 0.97426111 -0.17379746 -0.14356185 5.0180206 0 0 0 1 0.2490631 -0.00078432995 0.96848685 17.736862 -0.16851299 -0.98478085 0.04253849 0.073143005 0.95371419 -0.17379737 -0.24540481 5.0180168 0 0 0 1 0.34684774 -0.00078406173 0.93792111 17.736847 -0.16327618 -0.98478091 0.059557088 0.073140144 0.9236002 -0.17379741 -0.3416971 5.0180178 0 0 0 1 0.42550796 -0.0007842778 0.90495443 17.736862 -0.15760739 -0.98478115 0.073253244 0.073140621 0.89112473 -0.17379729 -0.41915584 5.0180168 0 0 0 1 0.47373897 -0.00078441936 0.88066465 17.736862 -0.15342325 -0.98478097 0.081654333 0.073140144 0.86719787 -0.17379732 -0.46664953 5.0180154 0 0 0 1 0.48127374 -0.00078436715 0.87656969 17.736847 -0.15271734 -0.98478079 0.08296705 0.073141098 0.86316431 -0.17379729 -0.474069 5.0180163 0 0 0 1 0.18609868 -0.00078389037 0.98253065 17.736847 -0.17090514 -0.98478091 0.031585027 0.073143005 0.96755278 -0.1737975 -0.18340038 5.0180173 0 0 0 1 -0.18614541 -0.00078425545 0.98252159 17.736847 -0.17061602 -0.98478085 -0.033110432 0.073143005 0.9675948 -0.17379732 0.18317874 5.0180163 0 0 0 1 -0.2511791 -0.00078459078 0.96794033 17.736851 -0.16803157 -0.98478109 -0.04440219 0.073139191 0.95324421 -0.17379741 0.24722457 5.0180182 0 0 0 1 -0.22665921 -0.00078453112 0.97397387 17.736855 -0.16909911 -0.98478109 -0.040145285 0.073135376 0.95918274 -0.17379737 0.22307694 5.0180163 0 0 0 1 -0.18614541 -0.00078403938 0.98252177 17.736855 -0.17061605 -0.98478115 -0.033110201 0.073143005 0.96759498 -0.17379732 0.18317857 5.0180154 0 0 0 1 -0.15442967 -0.00078420353 0.98800367 17.736862 -0.17159329 -0.98478138 -0.02760249 0.073135376 0.9729889 -0.17379741 0.15194477 5.018013 0 0 0 1 -0.11127172 -0.00078425539 0.99378961 17.736847 -0.17263225 -0.98478103 -0.020106275 0.073139191 0.97868103 -0.17379741 0.10944275 5.018014 0 0 0 1 -0.063368693 -0.00078422588 0.99798989 17.736855 -0.17339922 -0.98478138 -0.011784039 0.073141098 0.98281109 -0.17379738 0.062268198 5.0180154 0 0 0 1 -0.01759064 -0.00078410644 0.99984503 17.736847 -0.17375688 -0.98478109 -0.0038292557 0.073141098 0.98463148 -0.17379729 0.017186522 5.0180159 0 0 0 1 </float_array>
        <technique_common>
          <accessor count="33" offset="0" source="#B_L_Clavicle_matrix-output-array" stride="16">
            <param name="TRANSFORM" type="float4x4" />
          </accessor>
        </technique_common>
      </source>
      <source id="B_L_Clavicle_matrix-interpolation">
        <Name_array id="B_L_Clavicle_matrix-interpolation-array" count="33"> LINEAR LINEAR LINEAR LINEAR LINEAR LINEAR LINEAR LINEAR LINEAR LINEAR LINEAR LINEAR LINEAR LINEAR LINEAR LINEAR LINEAR LINEAR LINEAR LINEAR LINEAR LINEAR LINEAR LINEAR LINEAR LINEAR LINEAR LINEAR LINEAR LINEAR LINEAR LINEAR LINEAR </Name_array>
        <technique_common>
          <accessor source="#B_L_Clavicle_matrix-interpolation-array" count="33" stride="1">
            <param name="INTERPOLATION" type="name"></param>
          </accessor>
        </technique_common>
      </source>
      <source id="B_L_Finger0_matrix-input" name="B_L_Finger0_matrix-input">
        <float_array id="B_L_Finger0_matrix-input-array" count="33"> 0 1 2 3 4 5 6 7 8 9 10 11 12 13 14 15 16 17 18 19 20 21 22 23 24 25 26 27 28 29 30 31 32 </float_array>
        <technique_common>
          <accessor count="33" offset="0" source="#B_L_Finger0_matrix-input-array" stride="1">
            <param name="TIME" type="float" />
          </accessor>
        </technique_common>
      </source>
      <source id="B_L_Finger0_matrix-output" name="B_L_Finger0_matrix-output">
