<?xml version="1.0" encoding="UTF-8" standalone="no" ?>
<COLLADA xmlns="http://www.collada.org/2005/11/COLLADASchema" version="1.4.1">
  <asset>
    <contributor>
      <author>Assimp</author>
      <authoring_tool>FBX SDK/FBX Plugins version 2013.1</authoring_tool>
    </contributor>
    <created>2020-08-21T10:28:45</created>
    <modified>2020-08-21T10:28:45</modified>
    <unit name="meter" meter="1" />
    <up_axis>Y_UP</up_axis>
  </asset>
  <library_geometries>
  </library_geometries>
  <library_controllers>
  </library_controllers>
  <library_visual_scenes>
    <visual_scene id="RootNode" name="RootNode">
      <node id="Motion_aAssimpFbxa_Translation"  name="Motion_$AssimpFbx$_Translation" type="NODE">
        <matrix sid="matrix">1 0 0 9.92585e-07 0 1 0 0 0 0 1 -0.17328988 0 0 0 1</matrix>
        <node id="Motion_aAssimpFbxa_PreRotation"  name="Motion_$AssimpFbx$_PreRotation" type="NODE">
          <matrix sid="matrix">1 0 0 0 0 -4.3711388e-08 1 0 0 -1 -4.3711388e-08 0 0 0 0 1</matrix>
          <node id="Motion_aAssimpFbxa_Rotation"  name="Motion_$AssimpFbx$_Rotation" type="NODE">
            <matrix sid="matrix">1.3868001e-06 1 0 0 -1 1.3868001e-06 0 0 0 0 1 0 0 0 0 1</matrix>
            <node id="Motion_aAssimpFbxa_Scaling"  name="Motion_$AssimpFbx$_Scaling" type="NODE">
              <matrix sid="matrix">1 0 0 0 0 1 0 0 0 0 1 0 0 0 0 1</matrix>
              <node id="Motion"  name="Motion" type="NODE">
                <matrix sid="matrix">1 0 0 0 0 1 0 0 0 0 1 0 0 0 0 1</matrix>
                <node id="B_Pelvis"  name="B_Pelvis" type="NODE">
                  <matrix sid="matrix">-0.11125118 0.15340431 0.98188102 0.17329331 0.013554227 -0.98768818 0.15584733 2.6999989 0.99369991 0.030646835 0.10780219 94.513962 0 0 0 1</matrix>
                  <node id="B_Spine"  name="B_Spine" type="NODE">
                    <matrix sid="matrix">0.99949318 0.030863501 0.007799936 7.6475906 -0.031831447 0.97196919 0.23294342 -1.6268363 -0.00039184839 -0.23307364 0.97245902 -0.66283798 0 0 0 1</matrix>
                    <node id="B_Spine1"  name="B_Spine1" type="NODE">
                      <matrix sid="matrix">0.99903959 -0.020619879 -0.038661502 12.747696 0.020982143 0.99973947 0.0089878924 -0.01427722 0.0384661 -0.0097904615 0.99921197 0.00013923645 0 0 0 1</matrix>
                      <node id="B_Spine2"  name="B_Spine2" type="NODE">
                        <matrix sid="matrix">0.9983142 -0.044820145 -0.036876373 17.935349 0.045539629 0.99878365 0.01890729 -0.026447773 0.035984088 -0.020554751 0.99914092 0.00052499771 0 0 0 1</matrix>
                        <node id="B_L_Clavicle"  name="B_L_Clavicle" type="NODE">
                          <matrix sid="matrix">-0.017590661 -0.00078421831 0.99984497 17.736847 -0.17375694 -0.98478115 -0.0038293824 0.073140144 0.98463148 -0.17379735 0.017186686 5.0180163 0 0 0 1</matrix>
                          <node id="B_L_UpperArm"  name="B_L_UpperArm" type="NODE">
                            <matrix sid="matrix">0.32975772 0.082510009 0.94045305 17.464661 -0.93243742 -0.12740454 0.33812493 3.8146973e-06 0.14771667 -0.98841298 0.034922794 0 0 0 0 1</matrix>
                            <node id="B_L_Forearm"  name="B_L_Forearm" type="NODE">
                              <matrix sid="matrix">0.032895308 0.99512112 0.093014836 27.628195 -0.99945879 0.03275257 0.003061119 1.5258789e-05 -2.905727e-07 -0.093065195 0.99566001 -1.1444092e-05 0 0 0 1</matrix>
                              <node id="B_L_ForeArmTwist"  name="B_L_ForeArmTwist" type="NODE">
                                <matrix sid="matrix">1 6.4826835e-08 -2.9326273e-07 11.99263 -3.7252889e-08 0.99566001 0.093065336 -7.6293945e-06 2.9802311e-07 -0.093065336 0.99566001 1.9073486e-05 0 0 0 1</matrix>
                                <node id="B_L_Hand"  name="B_L_Hand" type="NODE">
                                  <matrix sid="matrix">0.96226168 -0.26206905 0.073295787 11.992676 -0.09486834 -0.070617929 0.99298191 0 -0.25505382 -0.96246189 -0.092814989 3.8146973e-06 0 0 0 1</matrix>
                                  <node id="B_L_Finger0"  name="B_L_Finger0" type="NODE">
                                    <matrix sid="matrix">0.80900657 0.13246362 0.57267952 1.4603271 0.15583251 0.89108139 -0.42625132 1.9355392 -0.5667668 0.43408221 0.7002486 -2.4376526 0 0 0 1</matrix>
                                    <node id="B_L_Finger01"  name="B_L_Finger01" type="NODE">
                                      <matrix sid="matrix">0.80299318 -0.59598827 3.0100281e-08 3.7139893 0.59598827 0.80299318 5.9454731e-08 3.8146973e-06 -5.9604641e-08 -2.9802326e-08 1 -3.0517578e-05 0 0 0 1</matrix>
                                      <node id="B_L_Finger02"  name="B_L_Finger02" type="NODE">
                                        <matrix sid="matrix">0.55218464 -0.83372188 -9.9225112e-08 5.5299377 0.83372188 0.55218464 1.2098884e-08 1.5258789e-05 4.4703476e-08 -8.940696e-08 1 3.0517578e-05 0 0 0 1</matrix>
                                      </node>
                                    </node>
                                  </node>
                                  <node id="B_L_Finger1"  name="B_L_Finger1" type="NODE">
                                    <matrix sid="matrix">0.27254903 -0.95552641 0.11263385 11.625458 0.92804092 0.23019101 -0.29283464 3.1205368 0.25388393 0.18434063 0.94950593 -3.0983505 0 0 0 1</matrix>
                                    <node id="B_L_Finger11"  name="B_L_Finger11" type="NODE">
                                      <matrix sid="matrix">-0.25881916 -0.96592581 9.2523841e-08 4.4568253 0.96592581 -0.25881916 8.6498979e-08 1.5258789e-05 -5.9604652e-08 1.1175876e-07 1 1.5258789e-05 0 0 0 1</matrix>
                                      <node id="B_L_Finger12"  name="B_L_Finger12" type="NODE">
                                        <matrix sid="matrix">0.57357562 -0.81915259 2.3130602e-07 3.3311615 0.81915259 0.57357562 -1.8924828e-07 -1.1444092e-05 2.2351733e-08 2.9802314e-07 1 -2.2888184e-05 0 0 0 1</matrix>
                                      </node>
                                    </node>
                                  </node>
                                  <node id="B_L_Finger2"  name="B_L_Finger2" type="NODE">
                                    <matrix sid="matrix">0.2580848 -0.96503466 0.045829199 11.814072 0.96096498 0.25152332 -0.1152485 2.4381104 0.099691689 0.07378415 0.99227893 0.83572388 0 0 0 1</matrix>
                                    <node id="B_L_Finger21"  name="B_L_Finger21" type="NODE">
                                      <matrix sid="matrix">-0.62068564 -0.78405952 4.4737129e-07 5.1996269 0.78405952 -0.62068564 1.0708609e-07 1.5258789e-05 1.9371505e-07 4.1723251e-07 1 7.6293945e-06 0 0 0 1</matrix>
                                      <node id="B_L_Finger22"  name="B_L_Finger22" type="NODE">
                                        <matrix sid="matrix">0.44828618 -0.89389008 -1.992006e-08 5.1996231 0.89389008 0.44828618 5.9999948e-08 1.5258789e-05 -4.4703476e-08 -4.4703494e-08 1 0 0 0 0 1</matrix>
                                      </node>
                                    </node>
                                  </node>
                                  <node id="B_L_Finger3"  name="B_L_Finger3" type="NODE">
                                    <matrix sid="matrix">0.13847044 -0.99036652 0.00029717589 11.814056 0.99036658 0.13847046 5.9296177e-05 1.9342422 -9.9875033e-05 0.00028610229 0.99999994 4.6002426 0 0 0 1</matrix>
                                    <node id="B_L_Finger31"  name="B_L_Finger31" type="NODE">
                                      <matrix sid="matrix">-0.058766864 -0.99827176 -9.1785148e-07 4.4568062 0.99827176 -0.058766864 -1.1437004e-06 0 1.0877844e-06 -9.8347687e-07 1 0 0 0 0 1</matrix>
                                      <node id="B_L_Finger32"  name="B_L_Finger32" type="NODE">
                                        <matrix sid="matrix">-0.058766626 -0.99827176 -1.92521e-06 4.4567719 0.99827176 -0.058766626 -1.5276629e-06 -1.9073486e-05 1.4118846e-06 -2.0116581e-06 1 7.6293945e-06 0 0 0 1</matrix>
                                      </node>
                                    </node>
                                  </node>
                                  <node id="B_L_Finger4"  name="B_L_Finger4" type="NODE">
                                    <matrix sid="matrix">0.14714396 -0.98122936 -0.12465002 11.857193 0.9836868 0.15835449 -0.085346907 4.052887 0.10348378 -0.1100583 0.98852324 6.5145264 0 0 0 1</matrix>
                                    <node id="B_L_Finger41"  name="B_L_Finger41" type="NODE">
                                      <matrix sid="matrix">-0.18123169 -0.9834404 -2.1423866e-06 3.3276634 0.9834404 -0.18123169 -3.8115991e-06 1.5258789e-05 3.3602123e-06 -2.7976923e-06 1 1.1444092e-05 0 0 0 1</matrix>
                                      <node id="B_L_Finger42"  name="B_L_Finger42" type="NODE">
                                        <matrix sid="matrix">0.0019772795 -0.99999803 -2.2714016e-06 3.3276672 0.99999803 0.0019772795 -3.2476942e-06 -1.5258789e-05 3.2521791e-06 -2.2649758e-06 1 -2.2888184e-05 0 0 0 1</matrix>
                                      </node>
                                    </node>
                                  </node>
                                </node>
                              </node>
                            </node>
                          </node>
                        </node>
                        <node id="B_R_Clavicle"  name="B_R_Clavicle" type="NODE">
                          <matrix sid="matrix">-0.10452852 -0.00079614879 -0.9945215 17.736847 0.00023395466 -0.99999964 0.00077594444 0.074662209 -0.99452186 -0.00015156463 0.10452867 -5.0179625 0 0 0 1</matrix>
                          <node id="B_R_UpperArm"  name="B_R_UpperArm" type="NODE">
                            <matrix sid="matrix">-0.40103289 0.62238371 -0.67216897 17.46467 -0.86648726 -0.019606277 0.49881399 1.6212463e-05 0.29727498 0.78246665 0.54715037 1.5258789e-05 0 0 0 1</matrix>
                            <node id="B_R_Forearm"  name="B_R_Forearm" type="NODE">
                              <matrix sid="matrix">0.39944056 0.91557515 -0.046577111 27.628183 -0.91675907 0.39892474 -0.020293729 -7.6293945e-06 3.2782566e-07 0.050806131 0.99870855 0 0 0 0 1</matrix>
                              <node id="B_R_ForeArmTwist"  name="B_R_ForeArmTwist" type="NODE">
                                <matrix sid="matrix">1 8.9291504e-08 -4.54243e-09 11.992638 -8.9406967e-08 0.99870855 -0.050806221 -7.6293945e-06 0 0.050806221 0.99870855 0 0 0 0 1</matrix>
                                <node id="B_R_Hand"  name="B_R_Hand" type="NODE">
                                  <matrix sid="matrix">0.80650467 -0.058809109 -0.58829558 11.992645 -0.58967495 -0.0079429019 -0.80760163 -7.6293945e-06 0.042821556 0.99823767 -0.041084249 -1.5258789e-05 0 0 0 1</matrix>
                                  <node id="B_R_Finger0"  name="B_R_Finger0" type="NODE">
                                    <matrix sid="matrix">0.80900663 0.13246383 -0.57267934 1.4603271 0.15583229 0.89108133 0.42625144 1.9355469 0.5667668 -0.43408218 0.7002486 2.4376602 0 0 0 1</matrix>
                                    <node id="B_R_Finger01"  name="B_R_Finger01" type="NODE">
                                      <matrix sid="matrix">0.80299306 -0.59598833 -4.4777505e-07 3.7140274 0.59598833 0.80299306 -1.4677227e-07 -1.5258789e-05 4.4703484e-07 -1.490116e-07 1 7.6293945e-06 0 0 0 1</matrix>
                                      <node id="B_R_Finger02"  name="B_R_Finger02" type="NODE">
                                        <matrix sid="matrix">0.55218476 -0.83372176 2.6476249e-07 5.5299377 0.83372176 0.55218476 -8.5990344e-08 7.6293945e-06 -7.4505792e-08 2.6822082e-07 1 1.5258789e-05 0 0 0 1</matrix>
                                      </node>
                                    </node>
                                  </node>
                                  <node id="B_R_Finger1"  name="B_R_Finger1" type="NODE">
                                    <matrix sid="matrix">0.27254871 -0.95552647 -0.1126338 11.625458 0.92804092 0.2301906 0.292835 3.1205521 -0.25388435 -0.18434058 0.94950587 3.0983486 0 0 0 1</matrix>
                                    <node id="B_R_Finger11"  name="B_R_Finger11" type="NODE">
                                      <matrix sid="matrix">-0.25881925 -0.96592575 -1.8313783e-07 4.4568138 0.96592575 -0.25881925 3.5775805e-08 0 -8.1956372e-08 -1.6763808e-07 1 7.6293945e-06 0 0 0 1</matrix>
                                      <node id="B_R_Finger12"  name="B_R_Finger12" type="NODE">
                                        <matrix sid="matrix">0.57357585 -0.81915247 2.1976422e-07 3.3311462 0.81915247 0.57357585 2.0993868e-07 -7.6293945e-06 -2.9802322e-07 5.9604641e-08 1 -1.5258789e-05 0 0 0 1</matrix>
                                      </node>
                                    </node>
                                  </node>
                                  <node id="B_R_Finger2"  name="B_R_Finger2" type="NODE">
                                    <matrix sid="matrix">0.25808468 -0.96503472 -0.045829289 11.814056 0.9609651 0.25152323 0.11524832 2.438118 -0.099691488 -0.073784173 0.99227899 -0.83572006 0 0 0 1</matrix>
                                    <node id="B_R_Finger21"  name="B_R_Finger21" type="NODE">
                                      <matrix sid="matrix">-0.62068546 -0.7840597 -9.6750924e-08 5.1995964 0.7840597 -0.62068546 2.3186001e-08 -1.5258789e-05 -7.8231096e-08 -6.1467283e-08 1 -3.2424927e-05 0 0 0 1</matrix>
                                      <node id="B_R_Finger22"  name="B_R_Finger22" type="NODE">
                                        <matrix sid="matrix">0.44828618 -0.89389008 -6.3270022e-08 5.1996002 0.89389008 0.44828618 3.1729936e-08 7.6293945e-06 0 -7.0780537e-08 1 2.8610229e-05 0 0 0 1</matrix>
                                      </node>
                                    </node>
                                  </node>
                                  <node id="B_R_Finger3"  name="B_R_Finger3" type="NODE">
                                    <matrix sid="matrix">0.13847044 -0.99036652 -0.00029827573 11.814056 0.99036658 0.13847046 -5.9522306e-05 1.9342651 0.00010025128 -0.00028716025 0.99999994 -4.6002522 0 0 0 1</matrix>
                                    <node id="B_R_Finger31"  name="B_R_Finger31" type="NODE">
                                      <matrix sid="matrix">-0.058766745 -0.99827176 -2.2745269e-08 4.4567947 0.99827176 -0.058766745 -1.2075463e-07 0 1.1920928e-07 -2.9802315e-08 1 -1.9073486e-06 0 0 0 1</matrix>
                                      <node id="B_R_Finger32"  name="B_R_Finger32" type="NODE">
                                        <matrix sid="matrix">-0.058766745 -0.99827176 6.7465885e-07 4.4568176 0.99827176 -0.058766745 -3.0360405e-07 1.1444092e-05 3.4272685e-07 6.5565104e-07 1 -1.5258789e-05 0 0 0 1</matrix>
                                      </node>
                                    </node>
                                  </node>
                                  <node id="B_R_Finger4"  name="B_R_Finger4" type="NODE">
                                    <matrix sid="matrix">0.14714396 -0.98122966 0.12464782 11.857224 0.98368686 0.15835428 0.085347138 4.0529175 -0.10348365 0.11005609 0.98852354 -6.5145626 0 0 0 1</matrix>
                                    <node id="B_R_Finger41"  name="B_R_Finger41" type="NODE">
                                      <matrix sid="matrix">-0.18123123 -0.98344052 1.9894557e-07 3.3276711 0.98344052 -0.18123123 6.8820145e-07 1.5258789e-05 -6.4075005e-07 3.2037474e-07 1 3.2424927e-05 0 0 0 1</matrix>
                                      <node id="B_R_Finger42"  name="B_R_Finger42" type="NODE">
                                        <matrix sid="matrix">0.0019769219 -0.99999803 3.4409564e-07 3.327713 0.99999803 0.0019769219 6.9222517e-07 3.8146973e-05 -6.9290405e-07 3.4272651e-07 1 -9.5367432e-06 0 0 0 1</matrix>
                                      </node>
                                    </node>
                                  </node>
                                </node>
                              </node>
                            </node>
                          </node>
                        </node>
                        <node id="B_Neck"  name="B_Neck" type="NODE">
                          <matrix sid="matrix">0.9745459 -0.20556869 -0.089452863 27.039764 0.2092856 0.97725385 0.034271069 1.128232 0.080373093 -0.052119926 0.99540126 0.00061273575 0 0 0 1</matrix>
                          <node id="B_Head"  name="B_Head" type="NODE">
                            <matrix sid="matrix">0.94820386 0.11665485 -0.29546747 10.019318 -0.27651116 0.76095271 -0.58693492 1.4083176 0.15636796 0.63823396 0.75379467 0 0 0 0 1</matrix>
                          </node>
                        </node>
                      </node>
                    </node>
                  </node>
                  <node id="B_L_Thigh"  name="B_L_Thigh" type="NODE">
                    <matrix sid="matrix">-0.93716329 0.1858194 -0.29528973 -7.6293945e-06 0.16471606 0.98175204 0.095034488 1.6450882e-05 0.30756056 0.040423866 -0.95066941 11.161455 0 0 0 1</matrix>
                    <node id="B_L_Calf"  name="B_L_Calf" type="NODE">
                      <matrix sid="matrix">0.75688869 0.65354377 6.3588823e-07 50.282745 -0.65354377 0.75688869 7.7590103e-06 5.7220459e-06 4.5895563e-06 -6.2882878e-06 1 0 0 0 0 1</matrix>
                      <node id="B_L_Foot"  name="B_L_Foot" type="NODE">
                        <matrix sid="matrix">0.81913286 -0.40137076 -0.40978387 39.728123 0.41781881 0.90697384 -0.053158872 -4.7683716e-07 0.39299968 -0.12767123 0.91063237 -7.6293945e-06 0 0 0 1</matrix>
                        <node id="B_L_Toe0"  name="B_L_Toe0" type="NODE">
                          <matrix sid="matrix">-4.3711388e-08 -1 -5.6529252e-08 18.214441 1 -4.3711388e-08 -2.4709721e-15 14.545952 0 -5.6529252e-08 1 0.020648956 0 0 0 1</matrix>
                        </node>
                      </node>
                    </node>
                  </node>
                  <node id="B_R_Thigh"  name="B_R_Thigh" type="NODE">
                    <matrix sid="matrix">-0.74296916 0.60207403 0.29241008 -7.6293945e-06 0.48588976 0.7856214 -0.38302773 -1.502037e-05 -0.46033463 -0.14249873 -0.87623411 -11.161448 0 0 0 1</matrix>
                    <node id="B_R_Calf"  name="B_R_Calf" type="NODE">
                      <matrix sid="matrix">0.48961893 0.8719365 -1.7643151e-07 50.282742 -0.8719365 0.48961893 -4.7987473e-06 0 -4.0978189e-06 2.5033946e-06 1 3.8146973e-06 0 0 0 1</matrix>
                      <node id="B_R_Foot"  name="B_R_Foot" type="NODE">
                        <matrix sid="matrix">0.90774947 -0.39173007 0.15012808 39.728127 0.37682927 0.91866219 0.11857238 1.9073486e-06 -0.18436536 -0.051061362 0.98153049 1.9073486e-06 0 0 0 1</matrix>
                        <node id="B_R_Toe0"  name="B_R_Toe0" type="NODE">
                          <matrix sid="matrix">-7.5896713e-07 -1 2.1526644e-06 18.214439 1 -7.5896901e-07 -8.6426667e-07 14.545952 8.6426832e-07 2.1526637e-06 1 -0.020656586 0 0 0 1</matrix>
                        </node>
                      </node>
                    </node>
                  </node>
                </node>
              </node>
            </node>
          </node>
        </node>
      </node>
      <node id="Exporter_aAssimpFbxa_PreRotation"  name="Exporter_$AssimpFbx$_PreRotation" type="NODE">
        <matrix sid="matrix">1 0 0 0 0 -4.3711388e-08 1 0 0 -1 -4.3711388e-08 0 0 0 0 1</matrix>
        <node id="Exporter"  name="Exporter" type="NODE">
          <matrix sid="matrix">1 0 0 0 0 1 0 0 0 0 1 0 0 0 0 1</matrix>
        </node>
      </node>
    </visual_scene>
  </library_visual_scenes>
  <library_animations>
    <animation id="TakeW001AnimId0" name="Take 001">
      <source id="B_Head_matrix-input" name="B_Head_matrix-input">
        <float_array id="B_Head_matrix-input-array" count="61"> 0 1 2 3 4 5 6 7 8 9 10 11 12 13 14 15 16 17 18 19 20 21 22 23 24 25 26 27 28 29 30 31 32 33 34 35 36 37 38 39 40 41 42 43 44 45 46 47 48 49 50 51 52 53 54 55 56 57 58 59 60 </float_array>
        <technique_common>
          <accessor count="61" offset="0" source="#B_Head_matrix-input-array" stride="1">
            <param name="TIME" type="float" />
          </accessor>
        </technique_common>
      </source>
      <source id="B_Head_matrix-output" name="B_Head_matrix-output">
        <float_array id="B_Head_matrix-output-array" count="976"> 0.94820392 0.11665484 -0.29546747 10.019318 -0.27651119 0.76095265 -0.58693492 1.4083176 0.15636796 0.63823396 0.75379467 0 0 0 0 1 0.94769758 0.12065288 -0.295486 10.019302 -0.27950644 0.76070511 -0.58583605 1.4083176 0.15409492 0.63778573 0.75464165 0 0 0 0 1 0.94668227 0.12690355 -0.29612219 10.019302 -0.28454235 0.7604146 -0.5837853 1.4083176 0.15109126 0.63691849 0.75598031 0 0 0 0 1 0.94521046 0.13490292 -0.29728475 10.019333 -0.29119843 0.76006174 -0.58095574 1.4083138 0.14758211 0.63569444 0.75770181 0 0 0 0 1 0.94334024 0.14414699 -0.29888293 10.019302 -0.29905322 0.75963157 -0.57751781 1.4083138 0.14379354 0.63417757 0.75969857 -9.5367432e-07 0 0 0 1 0.94114 0.15413272 -0.3008298 10.019302 -0.30768436 0.7591213 -0.57364178 1.4083176 0.13994938 0.63243771 0.76186371 0 0 0 0 1 0.93869603 0.16435929 -0.30304414 10.019318 -0.31667039 0.75854516 -0.5694989 1.4083176 0.13627024 0.6305514 0.76409113 -9.5367432e-07 0 0 0 1 0.93611354 0.17432846 -0.3054519 10.019302 -0.32559133 0.75793695 -0.56526244 1.4083138 0.13297199 0.62860239 0.76627493 0 0 0 0 1 0.93351793 0.18354546 -0.30798617 10.019302 -0.33402929 0.75735122 -0.56110901 1.4083138 0.13026476 0.62668163 0.76831043 9.5367432e-07 0 0 0 1 0.93105114 0.19151917 -0.31058726 10.019318 -0.34156916 0.75686073 -0.55721819 1.4083176 0.12835337 0.62488556 0.77009302 1.9073486e-06 0 0 0 1 0.92886782 0.19776118 -0.31320095 10.019318 -0.34779871 0.75655168 -0.5537737 1.4083138 0.1274378 0.62331349 0.77151769 0 0 0 0 1 0.92717946 0.20148483 -0.31581977 10.019318 -0.35210186 0.75656855 -0.5510245 1.4083099 0.12791628 0.62209934 0.77241802 0 0 0 0 1 0.92611331 0.20237535 -0.3183682 10.019302 -0.35418743 0.75697434 -0.54912758 1.4083138 0.12986666 0.62131643 0.77272284 9.5367432e-07 0 0 0 1 0.92568791 0.20065032 -0.32068849 10.019302 -0.3541334 0.75771874 -0.54813474 1.4083138 0.13300826 0.62096828 0.77246815 9.5367432e-07 0 0 0 1 0.92590302 0.19652286 -0.32261777 10.019318 -0.35201803 0.75872809 -0.54810107 1.4083099 0.13706477 0.62105566 0.7716884 0 0 0 0 1 0.9267441 0.19020264 -0.32398811 10.019318 -0.34791952 0.75990951 -0.54908049 1.4083138 0.1417651 0.62157875 0.77041715 0 0 0 0 1 0.92815846 0.18198593 -0.32465863 10.019333 -0.34200037 0.76115078 -0.55107629 1.4083099 0.14682609 0.62251931 0.76870781 -9.5367432e-07 0 0 0 1 0.92997903 0.17252378 -0.32461429 10.019302 -0.33476132 0.76232195 -0.55389553 1.4083138 0.1519004 0.62377971 0.76669759 1.9073486e-06 0 0 0 1 0.93202955 0.16256008 -0.32387498 10.019302 -0.32678777 0.76330572 -0.55729169 1.4083176 0.15662225 0.62525082 0.7645461 0 0 0 0 1 0.93415892 0.15284431 -0.32246804 10.019318 -0.31866518 0.76401353 -0.56101316 1.4083138 0.16062228 0.62683487 0.76241618 -9.5367432e-07 0 0 0 1 0.93624318 0.14413054 -0.32042906 10.019302 -0.31097862 0.76438612 -0.5648061 1.4083138 0.16352572 0.62844253 0.76047289 0 0 0 0 1 0.93823415 0.13666813 -0.3178651 10.019318 -0.30396444 0.7644521 -0.56852293 1.4083138 0.16529374 0.63002741 0.7587775 0 0 0 0 1 0.9401353 0.13021213 -0.3149454 10.019318 -0.29751983 0.76430202 -0.57212263 1.4083138 0.16621615 0.63157523 0.7572878 9.5367432e-07 0 0 0 1 0.94191635 0.12477945 -0.31180719 10.019302 -0.29172432 0.76398897 -0.57551497 1.4083176 0.16640484 0.63304865 0.75601488 0 0 0 0 1 0.94354665 0.12038619 -0.30858886 10.019318 -0.28665981 0.76356441 -0.57861519 1.4083138 0.16597022 0.63441044 0.75496835 0 0 0 0 1 0.94499326 0.11704728 -0.30543026 10.019318 -0.28241041 0.76307499 -0.58134395 1.4083176 0.16502148 0.6356228 0.75415611 -9.5367432e-07 0 0 0 1 0.94622242 0.11477733 -0.3024722 10.019318 -0.27906349 0.76256311 -0.58362746 1.4083176 0.16366699 0.63665038 0.75358433 0 0 0 0 1 0.94719768 0.1135899 -0.29985613 10.019318 -0.27670822 0.76206613 -0.58539551 1.4083099 0.16201515 0.63745815 0.75325841 0 0 0 0 1 0.94788128 0.11349843 -0.29772332 10.019302 -0.27543634 0.7616151 -0.58658075 1.4083138 0.16017461 0.63801277 0.75318229 0 0 0 0 1 0.94823152 0.11451599 -0.29621413 10.019302 -0.27533996 0.76123708 -0.5871166 1.4083176 0.15825497 0.63828224 0.75335979 9.5367432e-07 0 0 0 1 0.9482038 0.11665483 -0.29546741 10.019302 -0.27651116 0.76095253 -0.58693486 1.4083099 0.15636793 0.63823396 0.75379455 0 0 0 0 1 0.94769758 0.1206529 -0.295486 10.019287 -0.27950642 0.76070511 -0.58583611 1.4083176 0.15409486 0.63778573 0.75464171 9.5367432e-07 0 0 0 1 0.94668227 0.12690358 -0.29612216 10.019302 -0.28454235 0.76041454 -0.5837853 1.4083138 0.15109117 0.63691843 0.75598031 -9.5367432e-07 0 0 0 1 0.9452104 0.13490303 -0.29728466 10.019318 -0.29119837 0.76006192 -0.58095568 1.4083176 0.14758202 0.63569438 0.75770199 -1.9073486e-06 0 0 0 1 0.94334018 0.14414699 -0.29888284 10.019302 -0.29905316 0.75963151 -0.57751769 1.4083138 0.14379346 0.63417745 0.75969863 0 0 0 0 1 0.94113994 0.15413278 -0.3008298 10.019318 -0.30768436 0.75912142 -0.57364172 1.4083138 0.13994935 0.63243771 0.76186377 -1.9073486e-06 0 0 0 1 0.93869609 0.16435935 -0.30304399 10.019318 -0.31667036 0.75854522 -0.56949872 1.4083138 0.13627021 0.63055128 0.76409113 -9.5367432e-07 0 0 0 1 0.93611354 0.17432849 -0.30545181 10.019302 -0.32559133 0.75793695 -0.56526232 1.4083176 0.13297193 0.62860233 0.76627499 0 0 0 0 1 0.93351793 0.18354565 -0.30798608 10.019302 -0.33402935 0.75735134 -0.56110889 1.4083176 0.13026462 0.62668145 0.76831073 0 0 0 0 1 0.9310509 0.19151939 -0.31058717 10.019302 -0.34156922 0.75686073 -0.55721807 1.4083176 0.12835319 0.62488538 0.77009308 9.5367432e-07 0 0 0 1 0.92886776 0.1977613 -0.3132008 10.019318 -0.34779868 0.75655174 -0.55377358 1.4083138 0.12743768 0.62331337 0.77151775 -9.5367432e-07 0 0 0 1 0.92717957 0.20148501 -0.31581968 10.019318 -0.35210195 0.75656861 -0.55102444 1.4083138 0.12791614 0.62209922 0.77241808 0 0 0 0 1 0.92611331 0.20237559 -0.31836817 10.019302 -0.35418758 0.75697452 -0.5491274 1.4083138 0.12986657 0.62131631 0.77272296 0 0 0 0 1 0.92568791 0.20065057 -0.32068852 10.019302 -0.35413358 0.7577188 -0.54813462 1.4083176 0.1330082 0.62096822 0.77246815 0 0 0 0 1 0.92590296 0.19652301 -0.32261765 10.019302 -0.35201806 0.75872821 -0.54810083 1.4083099 0.13706471 0.62105548 0.77168846 -9.5367432e-07 0 0 0 1 0.9267441 0.19020285 -0.32398802 10.019318 -0.34791958 0.75990963 -0.54908025 1.4083099 0.141765 0.62157857 0.77041721 0 0 0 0 1 0.9281584 0.1819862 -0.3246586 10.019333 -0.34200051 0.7611509 -0.55107594 1.4083099 0.14682601 0.62251914 0.76870793 -1.9073486e-06 0 0 0 1 0.92997897 0.17252396 -0.32461432 10.019302 -0.33476147 0.76232171 -0.55389541 1.4083138 0.15190034 0.62377942 0.76669776 0 0 0 0 1 0.9320296 0.16256033 -0.32387504 10.019302 -0.32678795 0.76330596 -0.55729163 1.4083176 0.1566222 0.62525082 0.76454645 0 0 0 0 1 0.93415886 0.15284444 -0.32246792 10.019318 -0.31866524 0.76401347 -0.56101298 1.4083099 0.16062215 0.62683469 0.76241624 0 0 0 0 1 0.93624318 0.14413071 -0.32042906 10.019318 -0.31097874 0.7643863 -0.56480592 1.4083176 0.16352572 0.62844253 0.76047307 0 0 0 0 1 0.93823415 0.13666824 -0.3178651 10.019302 -0.30396453 0.76445216 -0.56852287 1.4083176 0.16529366 0.63002729 0.7587775 9.5367432e-07 0 0 0 1 0.9401353 0.13021229 -0.31494546 10.019302 -0.29751992 0.76430202 -0.57212245 1.4083176 0.16621612 0.63157493 0.7572881 0 0 0 0 1 0.94191617 0.12477961 -0.31180727 10.019302 -0.29172441 0.76398909 -0.57551491 1.4083176 0.16640483 0.63304853 0.75601512 0 0 0 0 1 0.94354665 0.12038627 -0.30858889 10.019318 -0.28665987 0.76356441 -0.57861513 1.4083176 0.16597024 0.63441038 0.7549684 0 0 0 0 1 0.9449932 0.11704738 -0.30543041 10.019302 -0.28241056 0.76307493 -0.58134389 1.4083138 0.16502157 0.63562286 0.75415605 0 0 0 0 1 0.94622254 0.11477735 -0.30247226 10.019318 -0.27906358 0.76256305 -0.5836274 1.4083138 0.16366707 0.63665026 0.75358438 9.5367432e-07 0 0 0 1 0.94719756 0.11358994 -0.29985628 10.019333 -0.2767083 0.76206613 -0.58539551 1.4083138 0.1620152 0.63745809 0.75325847 9.5367432e-07 0 0 0 1 0.94788122 0.11349849 -0.29772341 10.019302 -0.27543643 0.76161516 -0.58658081 1.4083138 0.16017465 0.63801277 0.75318241 9.5367432e-07 0 0 0 1 0.94823152 0.11451603 -0.29621422 10.019302 -0.27534002 0.7612372 -0.5871166 1.4083176 0.158255 0.6382823 0.75335985 -9.5367432e-07 0 0 0 1 0.94820392 0.11665484 -0.29546747 10.019318 -0.27651119 0.76095265 -0.58693492 1.4083176 0.15636796 0.63823396 0.75379467 0 0 0 0 1 </float_array>
        <technique_common>
          <accessor count="61" offset="0" source="#B_Head_matrix-output-array" stride="16">
            <param name="TRANSFORM" type="float4x4" />
          </accessor>
        </technique_common>
      </source>
      <source id="B_Head_matrix-interpolation">
        <Name_array id="B_Head_matrix-interpolation-array" count="61"> LINEAR LINEAR LINEAR LINEAR LINEAR LINEAR LINEAR LINEAR LINEAR LINEAR LINEAR LINEAR LINEAR LINEAR LINEAR LINEAR LINEAR LINEAR LINEAR LINEAR LINEAR LINEAR LINEAR LINEAR LINEAR LINEAR LINEAR LINEAR LINEAR LINEAR LINEAR LINEAR LINEAR LINEAR LINEAR LINEAR LINEAR LINEAR LINEAR LINEAR LINEAR LINEAR LINEAR LINEAR LINEAR LINEAR LINEAR LINEAR LINEAR LINEAR LINEAR LINEAR LINEAR LINEAR LINEAR LINEAR LINEAR LINEAR LINEAR LINEAR LINEAR </Name_array>
        <technique_common>
          <accessor source="#B_Head_matrix-interpolation-array" count="61" stride="1">
            <param name="INTERPOLATION" type="name"></param>
          </accessor>
        </technique_common>
      </source>
      <source id="B_L_Calf_matrix-input" name="B_L_Calf_matrix-input">
        <float_array id="B_L_Calf_matrix-input-array" count="61"> 0 1 2 3 4 5 6 7 8 9 10 11 12 13 14 15 16 17 18 19 20 21 22 23 24 25 26 27 28 29 30 31 32 33 34 35 36 37 38 39 40 41 42 43 44 45 46 47 48 49 50 51 52 53 54 55 56 57 58 59 60 </float_array>
        <technique_common>
          <accessor count="61" offset="0" source="#B_L_Calf_matrix-input-array" stride="1">
            <param name="TIME" type="float" />
          </accessor>
        </technique_common>
      </source>
      <source id="B_L_Calf_matrix-output" name="B_L_Calf_matrix-output">
        <float_array id="B_L_Calf_matrix-output-array" count="976"> 0.75688893 0.65354401 6.35888e-07 50.282745 -0.65354395 0.75688905 7.7590103e-06 5.7220459e-06 4.5895567e-06 -6.2882905e-06 1 0 0 0 0 1 0.75218242 0.65895528 6.4668325e-07 50.282757 -0.65895528 0.75218242 7.7935283e-06 0 4.6491632e-06 -6.2882905e-06 1 3.8146973e-06 0 0 0 1 0.74427307 0.66787571 5.8343625e-07 50.282745 -0.66787559 0.74427319 7.7451614e-06 0 4.7385688e-06 -6.1541791e-06 0.99999988 7.6293945e-06 0 0 0 1 0.73405081 0.67909455 6.2680681e-07 50.282738 -0.67909443 0.73405093 7.7430777e-06 0 4.7981739e-06 -6.1094761e-06 0.99999982 0 0 0 0 1 0.72238851 0.69148767 6.3298967e-07 50.282745 -0.69148743 0.72238874 7.6863907e-06 0 4.8577781e-06 -5.9902673e-06 1 3.8146973e-06 0 0 0 1 0.71014547 0.70405513 6.6210845e-07 50.282742 -0.70405495 0.71014565 7.7368677e-06 0 4.9769869e-06 -5.9604649e-06 0.99999988 0 0 0 0 1 0.69816196 0.71594006 5.8187146e-07 50.282742 -0.71593988 0.69816214 7.7272407e-06 1.9073486e-06 5.1259999e-06 -5.8114524e-06 0.99999988 3.8146973e-06 0 0 0 1 0.68727487 0.72639769 6.9961993e-07 50.282753 -0.72639757 0.68727499 7.7597078e-06 -1.9073486e-06 5.1558013e-06 -5.8412556e-06 1 0 0 0 0 1 0.67750257 0.73552084 6.5504105e-07 50.282753 -0.73552078 0.67750263 7.7346567e-06 1.9073486e-06 5.2452083e-06 -5.7220459e-06 1 0 0 0 0 1 0.66850311 0.74370962 6.7376794e-07 50.282749 -0.7437095 0.66850322 7.6984707e-06 1.9073486e-06 5.2750106e-06 -5.6475405e-06 0.99999988 7.6293945e-06 0 0 0 1 0.66056627 0.75076789 6.1231543e-07 50.282745 -0.75076777 0.66056633 7.7633822e-06 -1.9073486e-06 5.4240227e-06 -5.5879359e-06 0.99999988 3.8146973e-06 0 0 0 1 0.65397978 0.75651222 7.30392e-07 50.282745 -0.75651205 0.65397996 7.7223876e-06 1.9073486e-06 5.3644176e-06 -5.6028371e-06 1 0 0 0 0 1 0.64902264 0.76076931 7.4682765e-07 50.282745 -0.76076925 0.64902276 7.6884353e-06 1.9073486e-06 5.3644176e-06 -5.5581336e-06 0.99999994 3.8146973e-06 0 0 0 1 0.64597541 0.76335853 7.2768819e-07 50.282753 -0.76335853 0.64597541 7.7212626e-06 1.9073486e-06 5.4240227e-06 -5.5432324e-06 1.0000001 7.6293945e-06 0 0 0 1 0.64511091 0.76408911 7.6703805e-07 50.282738 -0.76408911 0.64511091 7.7072755e-06 1.9073486e-06 5.3942199e-06 -5.5581327e-06 1 0 0 0 0 1 0.64670759 0.76273811 6.8963914e-07 50.282745 -0.76273823 0.64670753 7.7350523e-06 0 5.4538245e-06 -5.5283308e-06 1 7.6293945e-06 0 0 0 1 0.6509614 0.75911117 6.9649946e-07 50.282738 -0.75911117 0.6509614 7.7032382e-06 0 5.3942199e-06 -5.5432315e-06 1 0 0 0 0 1 0.6575799 0.75338519 6.6273765e-07 50.282745 -0.75338531 0.65757984 7.7384348e-06 1.9073486e-06 5.3942204e-06 -5.5879354e-06 1 0 0 0 0 1 0.66611701 0.74584758 6.6508727e-07 50.282753 -0.74584758 0.66611701 7.6664937e-06 1.9073486e-06 5.2750106e-06 -5.6028362e-06 0.99999994 3.8146973e-06 0 0 0 1 0.67612523 0.73678714 6.2740287e-07 50.282753 -0.73678708 0.67612529 7.7352252e-06 -1.9073486e-06 5.2750115e-06 -5.6922436e-06 1 1.1444092e-05 0 0 0 1 0.68715531 0.7265107 6.9007183e-07 50.282738 -0.7265107 0.68715531 7.7493532e-06 1.9073486e-06 5.1558013e-06 -5.826354e-06 1 0 0 0 0 1 0.6987555 0.71536058 6.1760801e-07 50.282749 -0.71536058 0.6987555 7.7272261e-06 1.9073486e-06 5.0961962e-06 -5.8412547e-06 0.99999988 0 0 0 0 1 0.71046889 0.70372885 6.6904067e-07 50.282753 -0.70372868 0.71046907 7.7477589e-06 0 4.9769874e-06 -5.9753661e-06 1 0 0 0 0 1 0.72159028 0.69232053 6.6161692e-07 50.282742 -0.69232035 0.72159046 7.7492987e-06 -1.9073486e-06 4.8875809e-06 -6.049871e-06 1 0 0 0 0 1 0.73159361 0.681741 6.7508284e-07 50.282749 -0.68174088 0.73159373 7.7625673e-06 1.9073486e-06 4.7981739e-06 -6.1392784e-06 0.99999988 -3.8146973e-06 0 0 0 1 0.74028224 0.67229658 5.8543037e-07 50.282742 -0.67229658 0.74028224 7.7816221e-06 1.9073486e-06 4.7981739e-06 -6.1541796e-06 1 0 0 0 0 1 0.7474584 0.66430902 6.2806339e-07 50.282757 -0.66430902 0.7474584 7.7948944e-06 1.9073486e-06 4.7087674e-06 -6.243587e-06 1 3.8146973e-06 0 0 0 1 0.75291687 0.65811598 6.4779778e-07 50.282742 -0.65811598 0.75291687 7.8054627e-06 0 4.6491623e-06 -6.3031907e-06 0.99999994 0 0 0 0 1 0.75644988 0.6540519 6.2219618e-07 50.282745 -0.6540519 0.75644988 7.8734183e-06 1.9073486e-06 4.6789646e-06 -6.3627958e-06 0.99999988 0 0 0 0 1 0.75784498 0.65243489 5.6963381e-07 50.282742 -0.65243489 0.75784498 7.7875302e-06 1.9073486e-06 4.6491618e-06 -6.2733898e-06 1 3.8146973e-06 0 0 0 1 0.75688672 0.65354645 5.9080048e-07 50.282761 -0.65354645 0.75688672 7.7979621e-06 0 4.6491614e-06 -6.2882896e-06 1 0 0 0 0 1 0.75270313 0.65836054 6.7276414e-07 50.282749 -0.65836048 0.75270325 7.7856312e-06 1.9073486e-06 4.61936e-06 -6.3031912e-06 1 3.8146973e-06 0 0 0 1 0.74516994 0.66687495 5.6836052e-07 50.282742 -0.66687483 0.74517006 7.8301036e-06 0 4.7981734e-06 -6.2137838e-06 1 3.8146973e-06 0 0 0 1 0.73519325 0.6778577 6.5588205e-07 50.282742 -0.67785764 0.73519331 7.7458308e-06 1.9073486e-06 4.7683707e-06 -6.1392784e-06 0.99999988 7.6293945e-06 0 0 0 1 0.72366184 0.69015497 6.178231e-07 50.282742 -0.69015485 0.72366196 7.7296781e-06 0 4.8875804e-06 -6.0200687e-06 0.99999994 0 0 0 0 1 0.7114535 0.70273358 6.4746246e-07 50.282745 -0.70273358 0.7114535 7.7802324e-06 1.9073486e-06 5.0067906e-06 -5.9902668e-06 1 -3.8146973e-06 0 0 0 1 0.69942427 0.71470672 6.9466881e-07 50.282745 -0.71470672 0.69942427 7.7268905e-06 1.9073486e-06 5.0365929e-06 -5.9008594e-06 0.99999988 0 0 0 0 1 0.6884293 0.72530359 7.066962e-07 50.282745 -0.72530359 0.6884293 7.6970618e-06 1.9073486e-06 5.0961976e-06 -5.8114533e-06 0.99999988 7.6293945e-06 0 0 0 1 0.67850441 0.73459649 6.9755811e-07 50.282745 -0.73459649 0.67850441 7.7439818e-06 -1.9073486e-06 5.215406e-06 -5.7667498e-06 1 7.6293945e-06 0 0 0 1 0.66932178 0.74297279 6.3426904e-07 50.282745 -0.74297261 0.66932195 7.7113764e-06 1.9073486e-06 5.3048125e-06 -5.6326389e-06 0.99999994 3.8146973e-06 0 0 0 1 0.66119057 0.75021839 6.8998366e-07 50.282757 -0.75021821 0.66119075 7.7585819e-06 0 5.3644176e-06 -5.6475401e-06 1.0000001 3.8146973e-06 0 0 0 1 0.6544103 0.75613952 7.2902742e-07 50.28273 -0.75613958 0.6544103 7.764841e-06 0 5.3942208e-06 -5.6326389e-06 0.99999988 3.8146973e-06 0 0 0 1 0.64927971 0.7605499 7.522442e-07 50.282742 -0.76054972 0.64927989 7.6563465e-06 1.9073486e-06 5.3346148e-06 -5.5432315e-06 1 0 0 0 0 1 0.64608926 0.76326233 7.1865429e-07 50.282753 -0.76326221 0.64608932 7.7537443e-06 1.9073486e-06 5.4538255e-06 -5.5581331e-06 1 3.8146973e-06 0 0 0 1 0.64512914 0.76407397 6.6363378e-07 50.282749 -0.76407385 0.6451292 7.7371551e-06 0 5.4836282e-06 -5.4985294e-06 1.0000001 3.8146973e-06 0 0 0 1 0.64669114 0.76275229 7.1698582e-07 50.282745 -0.76275229 0.64669114 7.679937e-06 0 5.3942208e-06 -5.5134296e-06 1 -3.8146973e-06 0 0 0 1 0.65091091 0.75915462 6.43676e-07 50.282753 -0.7591545 0.65091097 7.696719e-06 0 5.4240231e-06 -5.498528e-06 1 3.8146973e-06 0 0 0 1 0.65743381 0.75351262 6.9505768e-07 50.282753 -0.75351262 0.65743381 7.7256473e-06 1.9073486e-06 5.3644185e-06 -5.6028362e-06 1 0 0 0 0 1 0.66582841 0.74610525 6.2836665e-07 50.282749 -0.74610525 0.66582841 7.7107097e-06 1.9073486e-06 5.3346153e-06 -5.6028362e-06 1.0000002 3.8146973e-06 0 0 0 1 0.6756627 0.73721129 6.1028663e-07 50.282742 -0.73721129 0.6756627 7.7146942e-06 0 5.2750115e-06 -5.6624408e-06 1 7.6293945e-06 0 0 0 1 0.68650144 0.72712874 5.2973729e-07 50.282745 -0.72712874 0.68650144 7.795702e-06 0 5.3048129e-06 -5.7369475e-06 1.0000001 7.6293945e-06 0 0 0 1 0.69790721 0.71618825 6.4865361e-07 50.282742 -0.71618819 0.69790727 7.7894319e-06 3.8146973e-06 5.1259995e-06 -5.9008607e-06 0.99999988 7.6293945e-06 0 0 0 1 0.7094394 0.70476681 6.0671579e-07 50.282753 -0.70476681 0.7094394 7.7149189e-06 0 5.0067897e-06 -5.9008598e-06 1.0000001 1.1444092e-05 0 0 0 1 0.72040981 0.6935491 7.177606e-07 50.282749 -0.69354904 0.72040987 7.7068207e-06 0 4.8279758e-06 -6.0498714e-06 1.0000001 7.6293945e-06 0 0 0 1 0.73030704 0.68311906 6.1705526e-07 50.282742 -0.68311894 0.73030716 7.727228e-06 1.9073486e-06 4.8279762e-06 -6.0647735e-06 0.99999988 3.8146973e-06 0 0 0 1 0.73895395 0.67375618 6.0272885e-07 50.282738 -0.67375606 0.73895407 7.7383484e-06 1.9073486e-06 4.7683716e-06 -6.1243773e-06 0.99999982 3.8146973e-06 0 0 0 1 0.74616814 0.6657576 5.6654966e-07 50.282738 -0.66575754 0.7461682 7.8420653e-06 1.9073486e-06 4.7981739e-06 -6.2286854e-06 0.99999994 3.8146973e-06 0 0 0 1 0.75176245 0.6594342 5.9976463e-07 50.282745 -0.6594342 0.75176245 7.7791601e-06 1.9073486e-06 4.6789642e-06 -6.2435865e-06 0.99999994 3.8146973e-06 0 0 0 1 0.75554633 0.65509564 5.6173752e-07 50.282753 -0.65509546 0.75554651 7.8357816e-06 1.9073486e-06 4.7087665e-06 -6.28829e-06 0.99999994 3.8146973e-06 0 0 0 1 0.75732118 0.65304315 6.3737895e-07 50.282764 -0.65304315 0.75732118 7.8127468e-06 0 4.61936e-06 -6.3329935e-06 1.0000001 1.1444092e-05 0 0 0 1 0.75689173 0.65354067 6.102166e-07 50.282753 -0.65354049 0.75689191 7.8205248e-06 0 4.6491618e-06 -6.3180928e-06 1 7.6293945e-06 0 0 0 1 </float_array>
        <technique_common>
          <accessor count="61" offset="0" source="#B_L_Calf_matrix-output-array" stride="16">
            <param name="TRANSFORM" type="float4x4" />
          </accessor>
        </technique_common>
      </source>
      <source id="B_L_Calf_matrix-interpolation">
