<?xml version="1.0" encoding="UTF-8" standalone="no" ?>
<COLLADA xmlns="http://www.collada.org/2005/11/COLLADASchema" version="1.4.1">
  <asset>
    <contributor>
      <author>Assimp</author>
      <authoring_tool>FBX SDK/FBX Plugins version 2013.1</authoring_tool>
    </contributor>
    <created>2020-08-21T13:47:59</created>
    <modified>2020-08-21T13:47:59</modified>
    <unit name="meter" meter="1" />
    <up_axis>Y_UP</up_axis>
  </asset>
  <library_geometries>
  </library_geometries>
  <library_controllers>
  </library_controllers>
  <library_visual_scenes>
    <visual_scene id="RootNode" name="RootNode">
      <node id="Motion_aAssimpFbxa_Translation"  name="Motion_$AssimpFbx$_Translation" type="NODE">
        <matrix sid="matrix">1 0 0 9.92585e-07 0 1 0 0 0 0 1 -0.17328988 0 0 0 1</matrix>
        <node id="Motion_aAssimpFbxa_PreRotation"  name="Motion_$AssimpFbx$_PreRotation" type="NODE">
          <matrix sid="matrix">1 0 0 0 0 -4.3711388e-08 1 0 0 -1 -4.3711388e-08 0 0 0 0 1</matrix>
          <node id="Motion_aAssimpFbxa_Rotation"  name="Motion_$AssimpFbx$_Rotation" type="NODE">
            <matrix sid="matrix">1.3868001e-06 1 0 0 -1 1.3868001e-06 0 0 0 0 1 0 0 0 0 1</matrix>
            <node id="Motion_aAssimpFbxa_Scaling"  name="Motion_$AssimpFbx$_Scaling" type="NODE">
              <matrix sid="matrix">1 0 0 0 0 1 0 0 0 0 1 0 0 0 0 1</matrix>
              <node id="Motion"  name="Motion" type="NODE">
                <matrix sid="matrix">1 0 0 0 0 1 0 0 0 0 1 0 0 0 0 1</matrix>
                <node id="B_Pelvis"  name="B_Pelvis" type="NODE">
                  <matrix sid="matrix">-4.3711388e-08 0.6087622 0.79335272 0.17328988 0 -0.79335272 0.6087622 -1.2122457e-06 1 2.6609841e-08 3.467855e-08 98.599998 0 0 0 1</matrix>
                  <node id="B_Spine"  name="B_Spine" type="NODE">
                    <matrix sid="matrix">0.99823147 0.047404017 -0.035873115 7.6763 -0.03780533 0.97190607 0.23231286 -1.6268325 0.045877859 -0.23054579 0.97197938 0.0023477585 0 0 0 1</matrix>
                    <node id="B_Spine1"  name="B_Spine1" type="NODE">
                      <matrix sid="matrix">0.99970514 -0.024198707 0.0019994213 12.747757 0.024175946 0.99965024 0.010716197 -0.014275312 -0.0022580402 -0.0106647 0.99994057 0.00015211105 0 0 0 1</matrix>
                      <node id="B_Spine2"  name="B_Spine2" type="NODE">
                        <matrix sid="matrix">0.9988209 -0.048403591 0.0037315397 17.935455 0.048312001 0.99859816 0.021625742 -0.026443243 -0.004773072 -0.021419965 0.9997592 0.00054740906 0 0 0 1</matrix>
                        <node id="B_L_Clavicle"  name="B_L_Clavicle" type="NODE">
                          <matrix sid="matrix">-0.017590608 -0.00078339875 0.99984491 17.736832 -0.17375705 -0.98478103 -0.0038285628 0.073140621 0.98463142 -0.17379746 0.017186778 5.0180159 0 0 0 1</matrix>
                          <node id="B_L_UpperArm"  name="B_L_UpperArm" type="NODE">
                            <matrix sid="matrix">0.67658818 0.40229219 0.61675715 17.464657 -0.50647587 0.86222738 -0.0067964196 9.5367432e-07 -0.53451902 -0.30777425 0.78712416 0 0 0 0 1</matrix>
                            <node id="B_L_Forearm"  name="B_L_Forearm" type="NODE">
                              <matrix sid="matrix">-0.13640085 0.98478985 0.1076279 27.628189 -0.99065375 -0.13559343 -0.014819369 -7.6293945e-06 -3.2782563e-07 -0.10864335 0.99408078 -1.5258789e-05 0 0 0 1</matrix>
                              <node id="B_L_ForeArmTwist"  name="B_L_ForeArmTwist" type="NODE">
                                <matrix sid="matrix">1 7.3579344e-08 -2.6177634e-07 11.99263 -4.4703462e-08 0.99408078 0.10864367 -3.8146973e-06 2.6822076e-07 -0.10864367 0.99408078 1.5258789e-05 0 0 0 1</matrix>
                                <node id="B_L_Hand"  name="B_L_Hand" type="NODE">
                                  <matrix sid="matrix">0.9662652 -0.095602661 0.23914777 11.992649 -0.24727401 -0.084707849 0.96523577 -7.6293945e-06 -0.072021425 -0.99180877 -0.1054903 7.6293945e-06 0 0 0 1</matrix>
                                  <node id="B_L_Finger0"  name="B_L_Finger0" type="NODE">
                                    <matrix sid="matrix">0.80900651 0.13246536 0.57267916 1.4603271 0.15583144 0.89108098 -0.4262526 1.9355545 -0.56676722 0.43408254 0.700248 -2.4376526 0 0 0 1</matrix>
                                    <node id="B_L_Finger01"  name="B_L_Finger01" type="NODE">
                                      <matrix sid="matrix">0.80299318 -0.59598827 -1.9140288e-07 3.7140045 0.59598827 0.80299318 -5.8554207e-08 -1.5258789e-05 1.8859281e-07 -6.7055232e-08 1 -2.2888184e-05 0 0 0 1</matrix>
                                      <node id="B_L_Finger02"  name="B_L_Finger02" type="NODE">
                                        <matrix sid="matrix">0.55218476 -0.83372176 1.7626892e-08 5.5299349 0.83372176 0.55218476 -2.0611049e-08 1.5258789e-05 7.4505788e-09 2.607703e-08 1 2.2888184e-05 0 0 0 1</matrix>
                                      </node>
                                    </node>
                                  </node>
                                  <node id="B_L_Finger1"  name="B_L_Finger1" type="NODE">
                                    <matrix sid="matrix">0.27254832 -0.95552653 0.11263411 11.625465 0.92804092 0.23019013 -0.29283527 3.1205368 0.25388461 0.18434083 0.94950569 -3.0983582 0 0 0 1</matrix>
                                    <node id="B_L_Finger11"  name="B_L_Finger11" type="NODE">
                                      <matrix sid="matrix">-0.25881925 -0.96592575 1.9379448e-07 4.4568253 0.96592575 -0.25881925 8.2780758e-08 0 -2.9802329e-08 2.0861633e-07 1 1.9073486e-05 0 0 0 1</matrix>
                                      <node id="B_L_Finger12"  name="B_L_Finger12" type="NODE">
                                        <matrix sid="matrix">0.57357574 -0.81915253 2.7222364e-07 3.3311539 0.81915253 0.57357574 -2.6894178e-08 -1.5258789e-05 -1.3411044e-07 2.3841852e-07 1 -1.9073486e-05 0 0 0 1</matrix>
                                      </node>
                                    </node>
                                  </node>
                                  <node id="B_L_Finger2"  name="B_L_Finger2" type="NODE">
                                    <matrix sid="matrix">0.25808421 -0.96503484 0.045829538 11.814079 0.9609651 0.25152266 -0.11524913 2.4380951 0.099692248 0.073784567 0.99227881 0.83571243 0 0 0 1</matrix>
                                    <node id="B_L_Finger21"  name="B_L_Finger21" type="NODE">
                                      <matrix sid="matrix">-0.62068564 -0.78405952 4.8023139e-07 5.1996231 0.78405952 -0.62068564 1.6160689e-07 2.2888184e-05 1.713633e-07 4.7683704e-07 1 7.6293945e-06 0 0 0 1</matrix>
                                      <node id="B_L_Finger22"  name="B_L_Finger22" type="NODE">
                                        <matrix sid="matrix">0.44828629 -0.89389002 -1.3200083e-08 5.1996212 0.89389002 0.44828629 1.0663994e-07 0 -8.9406974e-08 -5.9604652e-08 1 -7.6293945e-06 0 0 0 1</matrix>
                                      </node>
                                    </node>
                                  </node>
                                  <node id="B_L_Finger3"  name="B_L_Finger3" type="NODE">
                                    <matrix sid="matrix">0.13846973 -0.99036658 0.00029739554 11.814064 0.99036664 0.13846974 5.8716541e-05 1.9342499 -9.9331191e-05 0.00028640017 0.99999994 4.6002426 0 0 0 1</matrix>
                                    <node id="B_L_Finger31"  name="B_L_Finger31" type="NODE">
                                      <matrix sid="matrix">-0.058766745 -0.99827176 -9.7122336e-07 4.4568024 0.99827176 -0.058766745 -1.2513311e-06 1.5258789e-05 1.1920929e-06 -1.0430815e-06 1 3.8146973e-06 0 0 0 1</matrix>
                                      <node id="B_L_Finger32"  name="B_L_Finger32" type="NODE">
                                        <matrix sid="matrix">-0.058766745 -0.99827176 -1.8217379e-06 4.4567719 0.99827176 -0.058766745 -1.510377e-06 -2.2888184e-05 1.400709e-06 -1.9073493e-06 1 0 0 0 0 1</matrix>
                                      </node>
                                    </node>
                                  </node>
                                  <node id="B_L_Finger4"  name="B_L_Finger4" type="NODE">
                                    <matrix sid="matrix">0.14714314 -0.98122948 -0.12464977 11.857193 0.98368686 0.15835372 -0.085347697 4.052887 0.10348443 -0.11005802 0.98852319 6.5145264 0 0 0 1</matrix>
                                    <node id="B_L_Finger41"  name="B_L_Finger41" type="NODE">
                                      <matrix sid="matrix">-0.18123157 -0.98344046 -2.1740098e-06 3.3276672 0.98344046 -0.18123157 -3.8250018e-06 1.5258789e-05 3.3676622e-06 -2.8312202e-06 1 2.2888184e-05 0 0 0 1</matrix>
                                      <node id="B_L_Finger42"  name="B_L_Finger42" type="NODE">
                                        <matrix sid="matrix">0.0019772795 -0.99999803 -2.2862373e-06 3.3276596 0.99999803 0.0019772795 -3.2141377e-06 -1.5258789e-05 3.218652e-06 -2.2798777e-06 1 -1.9073486e-05 0 0 0 1</matrix>
                                      </node>
                                    </node>
                                  </node>
                                </node>
                              </node>
                            </node>
                          </node>
                        </node>
                        <node id="B_R_Clavicle"  name="B_R_Clavicle" type="NODE">
                          <matrix sid="matrix">-0.10452852 -0.00079709536 -0.9945215 17.736832 0.0002340045 -0.99999964 0.00077689101 0.074662209 -0.99452186 -0.00015151527 0.10452867 -5.0179634 0 0 0 1</matrix>
                          <node id="B_R_UpperArm"  name="B_R_UpperArm" type="NODE">
                            <matrix sid="matrix">0.65678835 0.18435091 -0.73119342 17.464642 -0.58112276 0.74166954 -0.33499652 1.0967255e-05 0.48054695 0.64493495 0.59425038 1.5258789e-05 0 0 0 1</matrix>
                            <node id="B_R_Forearm"  name="B_R_Forearm" type="NODE">
                              <matrix sid="matrix">0.1257856 0.99193633 -0.015499736 27.628181 -0.99205744 0.12577026 -0.0019651025 -7.6293945e-06 1.4901164e-07 0.015623811 0.99987793 0 0 0 0 1</matrix>
                              <node id="B_R_ForeArmTwist"  name="B_R_ForeArmTwist" type="NODE">
                                <matrix sid="matrix">1 -6.0528613e-08 -5.8666128e-08 11.99263 5.9604645e-08 0.99987793 -0.015623633 -7.6293945e-06 5.9604645e-08 0.015623633 0.99987793 7.6293945e-06 0 0 0 1</matrix>
                                <node id="B_R_Hand"  name="B_R_Hand" type="NODE">
                                  <matrix sid="matrix">0.86458039 -0.066815704 -0.4980326 11.992653 -0.49769521 0.022792904 -0.86705244 -7.6293945e-06 0.069284327 0.99750501 -0.013547554 -1.5258789e-05 0 0 0 1</matrix>
                                  <node id="B_R_Finger0"  name="B_R_Finger0" type="NODE">
                                    <matrix sid="matrix">0.80900645 0.13246243 -0.57267988 1.4603195 0.1558333 0.89108169 0.42625037 1.9355392 0.56676674 -0.43408188 0.70024878 2.437664 0 0 0 1</matrix>
                                    <node id="B_R_Finger01"  name="B_R_Finger01" type="NODE">
                                      <matrix sid="matrix">0.80299246 -0.59598917 -1.1683329e-06 3.7140198 0.59598917 0.80299246 -1.3523902e-08 -3.0517578e-05 9.462226e-07 -6.8545421e-07 1 -7.6293945e-06 0 0 0 1</matrix>
                                      <node id="B_R_Finger02"  name="B_R_Finger02" type="NODE">
                                        <matrix sid="matrix">0.55218315 -0.83372283 -9.2128533e-07 5.5299206 0.83372283 0.55218315 1.253605e-06 7.6293945e-06 -5.3644089e-07 -1.4603162e-06 1 1.5258789e-05 0 0 0 1</matrix>
                                      </node>
                                    </node>
                                  </node>
                                  <node id="B_R_Finger1"  name="B_R_Finger1" type="NODE">
                                    <matrix sid="matrix">0.27254915 -0.95552635 -0.11263379 11.62545 0.92804092 0.23019117 0.29283452 3.1205444 -0.25388378 -0.18434057 0.94950598 3.0983467 0 0 0 1</matrix>
                                    <node id="B_R_Finger11"  name="B_R_Finger11" type="NODE">
                                      <matrix sid="matrix">-0.25882041 -0.96592546 -8.3758636e-07 4.4568176 0.96592546 -0.25882041 1.0869073e-07 1.5258789e-05 -3.2177158e-07 -7.809146e-07 1 7.6293945e-06 0 0 0 1</matrix>
                                      <node id="B_R_Finger12"  name="B_R_Finger12" type="NODE">
                                        <matrix sid="matrix">0.57357562 -0.81915259 8.4486487e-07 3.3311386 0.81915259 0.57357562 1.561377e-06 -1.5258789e-05 -1.7635999e-06 -2.0349455e-07 1 -7.6293945e-06 0 0 0 1</matrix>
                                      </node>
                                    </node>
                                  </node>
                                  <node id="B_R_Finger2"  name="B_R_Finger2" type="NODE">
                                    <matrix sid="matrix">0.25808525 -0.96503454 -0.04582924 11.814034 0.96096492 0.25152382 0.1152478 2.4381104 -0.099690966 -0.073784053 0.99227899 -0.83572006 0 0 0 1</matrix>
                                    <node id="B_R_Finger21"  name="B_R_Finger21" type="NODE">
                                      <matrix sid="matrix">-0.62068528 -0.78405982 -1.080944e-06 5.199604 0.78405982 -0.62068528 -2.1903676e-07 0 -4.991881e-07 -9.8347766e-07 1 -4.196167e-05 0 0 0 1</matrix>
                                      <node id="B_R_Finger22"  name="B_R_Finger22" type="NODE">
                                        <matrix sid="matrix">0.4482848 -0.8938908 1.0250138e-06 5.1995926 0.8938908 0.4482848 1.7447385e-06 0 -2.0191037e-06 1.3411069e-07 1 3.4332275e-05 0 0 0 1</matrix>
                                      </node>
                                    </node>
                                  </node>
                                  <node id="B_R_Finger3"  name="B_R_Finger3" type="NODE">
                                    <matrix sid="matrix">0.1384708 -0.99036646 -0.00029828132 11.814049 0.99036652 0.13847081 -5.9991609e-05 1.9342575 0.00010071694 -0.00028710073 0.99999994 -4.6002464 0 0 0 1</matrix>
                                    <node id="B_R_Finger31"  name="B_R_Finger31" type="NODE">
                                      <matrix sid="matrix">-0.058767933 -0.99827164 -1.0736447e-06 4.4567871 0.99827164 -0.058767933 -2.7218243e-07 0 2.0861614e-07 -1.0877848e-06 1 -7.6293945e-06 0 0 0 1</matrix>
                                      <node id="B_R_Finger32"  name="B_R_Finger32" type="NODE">
                                        <matrix sid="matrix">-0.058764484 -0.99827188 3.1492414e-07 4.4568176 0.99827188 -0.058764484 2.0038237e-06 7.6293945e-06 -1.9818547e-06 4.3213359e-07 1 -1.1444092e-05 0 0 0 1</matrix>
                                      </node>
                                    </node>
                                  </node>
                                  <node id="B_R_Finger4"  name="B_R_Finger4" type="NODE">
                                    <matrix sid="matrix">0.14714445 -0.98122954 0.12464797 11.857216 0.9836868 0.15835471 0.085346483 4.0529175 -0.10348308 0.11005631 0.9885236 -6.5145607 0 0 0 1</matrix>
                                    <node id="B_R_Finger41"  name="B_R_Finger41" type="NODE">
                                      <matrix sid="matrix">-0.18123229 -0.98344034 -8.4114026e-07 3.3276825 0.98344034 -0.18123229 6.1774654e-07 3.0517578e-05 -7.5995865e-07 -7.1525562e-07 1 3.0517578e-05 0 0 0 1</matrix>
                                      <node id="B_R_Finger42"  name="B_R_Finger42" type="NODE">
                                        <matrix sid="matrix">0.0019789485 -0.99999803 3.0386153e-07 3.3277206 0.99999803 0.0019789485 2.9498322e-06 2.2888184e-05 -2.9504279e-06 2.9802337e-07 1 -1.1444092e-05 0 0 0 1</matrix>
                                      </node>
                                    </node>
                                  </node>
                                </node>
                              </node>
                            </node>
                          </node>
                        </node>
                        <node id="B_Neck"  name="B_Neck" type="NODE">
                          <matrix sid="matrix">0.9745459 -0.2055687 -0.089452922 27.039734 0.20928562 0.97725385 0.034271047 1.128233 0.080373153 -0.052119914 0.99540126 0.00061249733 0 0 0 1</matrix>
                          <node id="B_Head"  name="B_Head" type="NODE">
                            <matrix sid="matrix">0.98408651 0.17358984 -0.037950292 10.019318 -0.16961533 0.85404325 -0.49177301 1.4083176 -0.052955613 0.49038416 0.86989599 0 0 0 0 1</matrix>
                          </node>
                        </node>
                      </node>
                    </node>
                  </node>
                  <node id="B_L_Thigh"  name="B_L_Thigh" type="NODE">
                    <matrix sid="matrix">-0.88179433 0.28008407 -0.37946224 0 0.35161912 0.9266268 -0.13314198 1.8119812e-05 0.31432894 -0.25083002 -0.91557723 11.161455 0 0 0 1</matrix>
                    <node id="B_L_Calf"  name="B_L_Calf" type="NODE">
                      <matrix sid="matrix">0.87463498 0.4847821 3.9523775e-07 50.282745 -0.4847821 0.87463498 7.9672118e-06 0 3.5166729e-06 -7.1600061e-06 1 3.8146973e-06 0 0 0 1</matrix>
                      <node id="B_L_Foot"  name="B_L_Foot" type="NODE">
                        <matrix sid="matrix">0.90702915 -0.23339367 -0.3504647 39.728127 0.18250573 0.96799004 -0.172299 9.5367432e-07 0.37945983 0.092318408 0.92059088 -3.8146973e-06 0 0 0 1</matrix>
                        <node id="B_L_Toe0"  name="B_L_Toe0" type="NODE">
                          <matrix sid="matrix">-4.3711388e-08 -1 -5.6529217e-08 18.214443 1 -4.3711388e-08 -2.4709704e-15 14.545957 0 -5.6529217e-08 1 0.020648956 0 0 0 1</matrix>
                        </node>
                      </node>
                    </node>
                  </node>
                  <node id="B_R_Thigh"  name="B_R_Thigh" type="NODE">
                    <matrix sid="matrix">-0.87342381 0.42952716 0.2294282 0 0.18169127 0.72456938 -0.66482139 -1.2397766e-05 -0.45179549 -0.53898573 -0.71089751 -11.161448 0 0 0 1</matrix>
                    <node id="B_R_Calf"  name="B_R_Calf" type="NODE">
                      <matrix sid="matrix">0.69287711 0.72105569 -4.654521e-08 50.282745 -0.72105569 0.69287711 -4.7151866e-06 3.8146973e-06 -3.367662e-06 3.3006067e-06 1 1.9073486e-06 0 0 0 1</matrix>
                      <node id="B_R_Foot"  name="B_R_Foot" type="NODE">
                        <matrix sid="matrix">0.9148885 -0.31722742 0.24969141 39.728134 0.33217794 0.94302464 -0.019033439 -2.8610229e-06 -0.22942723 0.10035545 0.96813834 1.9073486e-06 0 0 0 1</matrix>
                        <node id="B_R_Toe0"  name="B_R_Toe0" type="NODE">
                          <matrix sid="matrix">5.5233505e-07 -1 5.3567328e-07 18.214439 1 5.5233505e-07 1.4900841e-08 14.545956 -1.4901137e-08 5.3567328e-07 1 -0.020652771 0 0 0 1</matrix>
                        </node>
                      </node>
                    </node>
                  </node>
                </node>
              </node>
            </node>
          </node>
        </node>
      </node>
      <node id="Exporter_aAssimpFbxa_PreRotation"  name="Exporter_$AssimpFbx$_PreRotation" type="NODE">
        <matrix sid="matrix">1 0 0 0 0 -4.3711388e-08 1 0 0 -1 -4.3711388e-08 0 0 0 0 1</matrix>
        <node id="Exporter"  name="Exporter" type="NODE">
          <matrix sid="matrix">1 0 0 0 0 1 0 0 0 0 1 0 0 0 0 1</matrix>
        </node>
      </node>
    </visual_scene>
  </library_visual_scenes>
  <library_animations>
    <animation id="TakeW001AnimId0" name="Take 001">
      <source id="B_Head_matrix-input" name="B_Head_matrix-input">
        <float_array id="B_Head_matrix-input-array" count="32"> 0 1 2 3 4 5 6 7 8 9 10 11 12 13 14 15 16 17 18 19 20 21 22 23 24 25 26 27 28 29 30 31 </float_array>
        <technique_common>
          <accessor count="32" offset="0" source="#B_Head_matrix-input-array" stride="1">
            <param name="TIME" type="float" />
          </accessor>
        </technique_common>
      </source>
      <source id="B_Head_matrix-output" name="B_Head_matrix-output">
        <float_array id="B_Head_matrix-output-array" count="512"> 0.98408657 0.17358986 -0.037950307 10.019318 -0.16961534 0.85404336 -0.49177325 1.4083176 -0.052955613 0.49038428 0.86989629 0 0 0 0 1 0.96228939 0.12861446 -0.23970284 10.019302 -0.23882459 0.82131231 -0.51808214 1.4083176 0.13023801 0.55579191 0.82105631 9.5367432e-07 0 0 0 1 0.83586323 -0.00089907646 -0.54893684 10.019318 -0.35561439 0.76090294 -0.54273856 1.4083252 0.41817558 0.6488651 0.63569117 -7.6293945e-06 0 0 0 1 0.65970522 -0.12481416 -0.7410875 10.01931 -0.4609808 0.71160275 -0.53020585 1.4083099 0.59353763 0.69140637 0.41191068 0 0 0 0 1 0.53542495 -0.073369592 -0.84138989 10.019302 -0.58053464 0.69159675 -0.42973584 1.4083138 0.61343205 0.71854717 0.32770494 7.6293945e-06 0 0 0 1 0.52138525 0.061948821 -0.85106987 10.019302 -0.62865055 0.70230931 -0.33400607 1.4083061 0.57702231 0.70917171 0.40511814 0 0 0 0 1 0.82232422 0.25984642 -0.50622445 10.019318 -0.44111133 0.85309523 -0.27865592 1.4083138 0.35945016 0.45244655 0.81614196 -7.6293945e-06 0 0 0 1 0.97260237 0.10802779 -0.20585059 10.019318 -0.18201667 0.90469724 -0.38521889 1.4083176 0.14461803 0.41213328 0.89957321 0 0 0 0 1 0.97899181 0.094168305 -0.18085068 10.019287 -0.16146521 0.89967912 -0.40559378 1.4083214 0.1245135 0.42627403 0.89598382 1.5258789e-05 0 0 0 1 0.97050291 0.054717276 -0.23479867 10.019318 -0.15133345 0.89639759 -0.4166171 1.4083099 0.18767676 0.43986091 0.87823701 0 0 0 0 1 0.96665949 0.048287716 -0.25147113 10.019287 -0.15301265 0.89637041 -0.41606161 1.4083252 0.2053206 0.44066814 0.87387371 0 0 0 0 1 0.96762502 0.063415155 -0.24429488 10.019318 -0.1618557 0.89859718 -0.40783092 1.4083176 0.19366001 0.43416813 0.87976903 0 0 0 0 1 0.97036707 0.087718613 -0.22515194 10.019333 -0.17345202 0.90159178 -0.39629093 1.4083099 0.1682331 0.42360073 0.89008981 -1.5258789e-05 0 0 0 1 0.97260231 0.10802804 -0.20585033 10.019318 -0.18201679 0.90469694 -0.38521892 1.4083176 0.14461763 0.41213307 0.89957356 1.5258789e-05 0 0 0 1 0.97563452 0.13425782 -0.17352663 10.019287 -0.19069371 0.91003823 -0.36805695 1.4083176 0.10850133 0.39217952 0.91346735 0 0 0 0 1 0.97793984 0.17563555 -0.11307228 10.019287 -0.20413749 0.91834104 -0.3390826 1.4082947 0.044283956 0.35468456 0.93393689 1.5258789e-05 0 0 0 1 0.97516209 0.21867613 -0.035215706 10.019318 -0.21896075 0.92777276 -0.30214921 1.4082947 -0.033400655 0.30235529 0.95260996 -1.5258789e-05 0 0 0 1 0.96608186 0.2539112 0.047061663 10.019348 -0.23334326 0.93640417 -0.26210216 1.4083252 -0.11061942 0.24223047 0.96389216 -7.6293945e-06 0 0 0 1 0.95318097 0.27761781 0.11989475 10.019318 -0.24608743 0.94252902 -0.22600834 1.4083157 -0.17574829 0.18592216 0.96671903 0 0 0 0 1 0.94150007 0.29104707 0.16991068 10.019318 -0.25559616 0.94525778 -0.20287575 1.4083138 -0.21965584 0.147579 0.9643504 -1.5258789e-05 0 0 0 1 0.93688673 0.29767469 0.18339418 10.019318 -0.26055673 0.94419861 -0.2014907 1.4083099 -0.23313943 0.14098933 0.96216816 3.8146973e-06 0 0 0 1 0.96065593 0.27267545 0.052802902 10.019318 -0.24963976 0.9310407 -0.26616275 1.4083061 -0.12173773 0.24250905 0.96248078 0 0 0 0 1 0.96056074 0.18651858 -0.20623739 10.019302 -0.24308388 0.92339712 -0.29706684 1.4083023 0.13503046 0.33548394 0.93231827 -7.6293945e-06 0 0 0 1 0.92625445 0.12229726 -0.35650629 10.019333 -0.23055266 0.9321301 -0.2792469 1.4083176 0.29815924 0.34084702 0.89158535 3.8146973e-06 0 0 0 1 0.92302656 0.10507868 -0.37010881 10.019302 -0.22699586 0.92544091 -0.30336744 1.4083023 0.31063652 0.36402944 0.87805867 -1.9073486e-05 0 0 0 1 0.92988807 0.097654186 -0.35464236 10.019318 -0.22617428 0.912121 -0.34187806 1.4083099 0.29009086 0.39811957 0.87025732 1.1444092e-05 0 0 0 1 0.94418401 0.10070484 -0.31364739 10.019302 -0.22384131 0.89468008 -0.38657692 1.4083099 0.24168393 0.43520674 0.86728543 0 0 0 0 1 0.96094394 0.11387696 -0.25222656 10.019302 -0.21641058 0.87728775 -0.42840734 1.4083099 0.17248949 0.46626011 0.86766869 -1.5258789e-05 0 0 0 1 0.974756 0.13410221 -0.17851436 10.019302 -0.20320633 0.86411351 -0.46045065 1.4083023 0.09250921 0.48510197 0.86955076 -7.6293945e-06 0 0 0 1 0.98235846 0.1559246 -0.1032444 10.019302 -0.18651496 0.85697031 -0.48043162 1.4083138 0.01356627 0.49121261 0.87093443 0 0 0 0 1 0.98408669 0.1735899 -0.037950199 10.019318 -0.16961533 0.85404319 -0.49177328 1.4083099 -0.052955769 0.49038437 0.86989599 0 0 0 0 1 0.98408669 0.1735899 -0.037950199 10.019318 -0.16961533 0.85404319 -0.49177328 1.4083099 -0.052955769 0.49038437 0.86989599 0 0 0 0 1 </float_array>
        <technique_common>
          <accessor count="32" offset="0" source="#B_Head_matrix-output-array" stride="16">
            <param name="TRANSFORM" type="float4x4" />
          </accessor>
        </technique_common>
      </source>
      <source id="B_Head_matrix-interpolation">
        <Name_array id="B_Head_matrix-interpolation-array" count="32"> LINEAR LINEAR LINEAR LINEAR LINEAR LINEAR LINEAR LINEAR LINEAR LINEAR LINEAR LINEAR LINEAR LINEAR LINEAR LINEAR LINEAR LINEAR LINEAR LINEAR LINEAR LINEAR LINEAR LINEAR LINEAR LINEAR LINEAR LINEAR LINEAR LINEAR LINEAR LINEAR </Name_array>
        <technique_common>
          <accessor source="#B_Head_matrix-interpolation-array" count="32" stride="1">
            <param name="INTERPOLATION" type="name"></param>
          </accessor>
        </technique_common>
      </source>
      <source id="B_L_Calf_matrix-input" name="B_L_Calf_matrix-input">
        <float_array id="B_L_Calf_matrix-input-array" count="32"> 0 1 2 3 4 5 6 7 8 9 10 11 12 13 14 15 16 17 18 19 20 21 22 23 24 25 26 27 28 29 30 31 </float_array>
        <technique_common>
          <accessor count="32" offset="0" source="#B_L_Calf_matrix-input-array" stride="1">
            <param name="TIME" type="float" />
          </accessor>
        </technique_common>
      </source>
      <source id="B_L_Calf_matrix-output" name="B_L_Calf_matrix-output">
        <float_array id="B_L_Calf_matrix-output-array" count="512"> 0.87463516 0.48478222 3.9523781e-07 50.282745 -0.48478222 0.87463516 7.9672127e-06 0 3.516674e-06 -7.160008e-06 1.0000001 3.8146973e-06 0 0 0 1 0.16679108 0.98599231 9.0350267e-07 50.282745 -0.98599231 0.16679108 7.2558796e-06 0 7.0035449e-06 -2.1010633e-06 0.99999994 0 0 0 0 1 -0.057999857 0.99831682 9.6119072e-07 50.282753 -0.99831671 -0.057999864 7.0438537e-06 3.8146973e-06 7.0877463e-06 -5.5102976e-07 0.99999994 3.8146973e-06 0 0 0 1 -0.38840592 0.92148864 8.4928456e-07 50.282757 -0.92148864 -0.38840592 6.637898e-06 3.8146973e-06 6.446613e-06 1.7955911e-06 1 2.8610229e-06 0 0 0 1 -0.46204233 0.88685828 8.7031106e-07 50.282757 -0.88685817 -0.46204239 6.6371049e-06 3.8146973e-06 6.2882891e-06 2.2947791e-06 1.0000001 3.8146973e-06 0 0 0 1 -0.67256689 0.74003649 7.7090431e-07 50.282753 -0.74003631 -0.67256707 6.3871512e-06 0 5.2452087e-06 3.7252903e-06 1 0 0 0 0 1 -0.57654965 0.81706226 7.2362741e-07 50.282742 -0.81706208 -0.57654977 6.5564091e-06 7.6293945e-06 5.7742e-06 3.1888476e-06 1 7.6293945e-06 0 0 0 1 0.66022068 0.75107181 7.2913735e-07 50.282753 -0.75107163 0.66022086 7.7386512e-06 -7.6293945e-06 5.3308904e-06 -5.6568533e-06 1 3.8146973e-06 0 0 0 1 0.75303847 0.65797698 6.2740065e-07 50.282745 -0.65797704 0.75303835 7.8518287e-06 7.6293945e-06 4.6938658e-06 -6.3255425e-06 1.0000001 0 0 0 0 1 0.77561408 0.63120782 6.2775393e-07 50.282761 -0.63120782 0.77561408 7.8535832e-06 7.6293945e-06 4.4703474e-06 -6.4875926e-06 1 -3.8146973e-06 0 0 0 1 0.75725907 0.65311515 6.260625e-07 50.282776 -0.65311521 0.75725895 7.8329258e-06 0 4.6417117e-06 -6.3404436e-06 1 -7.6293945e-06 0 0 0 1 0.7172578 0.69680822 6.8551577e-07 50.282761 -0.69680822 0.7172578 7.7947216e-06 0 4.939734e-06 -6.0684974e-06 1.0000001 7.6293945e-06 0 0 0 1 0.67641431 0.73652166 6.9257004e-07 50.282745 -0.73652166 0.67641431 7.7272971e-06 0 5.2228575e-06 -5.7369466e-06 1.0000001 -1.5258789e-05 0 0 0 1 0.66022068 0.75107199 7.2503099e-07 50.282776 -0.75107181 0.66022086 7.6953602e-06 1.5258789e-05 5.3010876e-06 -5.6251879e-06 1 -3.8146973e-06 0 0 0 1 0.67480302 0.73799843 7.5380183e-07 50.282776 -0.73799825 0.67480314 7.6855476e-06 -3.8146973e-06 5.1632528e-06 -5.7425359e-06 1.0000001 7.6293945e-06 0 0 0 1 0.70080018 0.71335787 7.5253115e-07 50.282745 -0.71335775 0.7008003 7.7631303e-06 7.6293945e-06 5.010515e-06 -5.9772278e-06 1 3.8146973e-06 0 0 0 1 0.7274583 0.68615204 6.7762835e-07 50.282745 -0.68615186 0.72745848 7.7438699e-06 0 4.8205247e-06 -6.0982998e-06 1 0 0 0 0 1 0.74531525 0.66671264 6.9013458e-07 50.282745 -0.66671264 0.74531525 7.7447621e-06 7.6293945e-06 4.6491623e-06 -6.2324102e-06 1 0 0 0 0 1 0.74580455 0.66616499 6.2709847e-07 50.282745 -0.66616482 0.74580473 7.8264611e-06 0 4.7460198e-06 -6.2547615e-06 1.0000001 0 0 0 0 1 0.71933854 0.69466007 6.6203592e-07 50.282757 -0.69466007 0.71933854 7.7590257e-06 0 4.9136574e-06 -6.0412567e-06 0.99999994 7.6293945e-06 0 0 0 1 0.53649062 0.84390652 8.6117689e-07 50.282753 -0.84390646 0.53649068 7.5750991e-06 0 5.9306617e-06 -4.7907233e-06 1 7.6293945e-06 0 0 0 1 0.21258494 0.97714287 1.0117886e-06 50.282757 -0.97714275 0.21258496 7.2654966e-06 1.5258789e-05 6.8843369e-06 -2.5331974e-06 0.99999988 -7.6293945e-06 0 0 0 1 -0.20895696 0.97792494 9.4295058e-07 50.282745 -0.97792482 -0.20895699 7.0515807e-06 0 7.0929509e-06 5.5134257e-07 1.0000001 7.6293945e-06 0 0 0 1 -0.29920092 0.95419019 9.0086633e-07 50.282753 -0.95419031 -0.29920089 6.8074332e-06 -5.7220459e-06 6.7651263e-06 1.177192e-06 1 7.6293945e-06 0 0 0 1 -0.24500749 0.96952152 9.8579983e-07 50.282776 -0.96952105 -0.2450076 6.7594206e-06 -5.7220459e-06 6.79493e-06 7.0035526e-07 0.99999988 0 0 0 0 1 -0.15557438 0.98782456 9.5164808e-07 50.282753 -0.98782456 -0.15557438 7.0003312e-06 -3.8146973e-06 7.0631504e-06 1.4901076e-07 1.0000001 1.5258789e-05 0 0 0 1 -0.024757151 0.99969393 1.0090718e-06 50.282761 -0.99969369 -0.024757156 7.0403266e-06 -7.6293945e-06 7.0631504e-06 -8.3446463e-07 1.0000001 0 0 0 0 1 0.15091302 0.98854715 9.4968181e-07 50.282745 -0.98854715 0.15091302 7.109074e-06 0 6.8843365e-06 -2.011657e-06 0.99999994 7.6293945e-06 0 0 0 1 0.36869401 0.92955112 7.8805215e-07 50.282745 -0.92955124 0.36869398 7.4301079e-06 0 6.6161156e-06 -3.4719706e-06 1 7.6293945e-06 0 0 0 1 0.61706483 0.78691244 8.4423664e-07 50.282753 -0.78691232 0.61706489 7.5926805e-06 0 5.453825e-06 -5.3495169e-06 1 1.5258789e-05 0 0 0 1 0.87463611 0.48478043 4.1249638e-07 50.282745 -0.48478031 0.87463629 8.0598593e-06 7.6293945e-06 3.5464764e-06 -7.2494154e-06 1.0000001 1.5258789e-05 0 0 0 1 0.87463611 0.48478043 4.1249638e-07 50.282745 -0.48478031 0.87463629 8.0598593e-06 7.6293945e-06 3.5464764e-06 -7.2494154e-06 1.0000001 1.5258789e-05 0 0 0 1 </float_array>
        <technique_common>
          <accessor count="32" offset="0" source="#B_L_Calf_matrix-output-array" stride="16">
            <param name="TRANSFORM" type="float4x4" />
          </accessor>
        </technique_common>
      </source>
      <source id="B_L_Calf_matrix-interpolation">
        <Name_array id="B_L_Calf_matrix-interpolation-array" count="32"> LINEAR LINEAR LINEAR LINEAR LINEAR LINEAR LINEAR LINEAR LINEAR LINEAR LINEAR LINEAR LINEAR LINEAR LINEAR LINEAR LINEAR LINEAR LINEAR LINEAR LINEAR LINEAR LINEAR LINEAR LINEAR LINEAR LINEAR LINEAR LINEAR LINEAR LINEAR LINEAR </Name_array>
        <technique_common>
          <accessor source="#B_L_Calf_matrix-interpolation-array" count="32" stride="1">
            <param name="INTERPOLATION" type="name"></param>
          </accessor>
        </technique_common>
      </source>
      <source id="B_L_Clavicle_matrix-input" name="B_L_Clavicle_matrix-input">
        <float_array id="B_L_Clavicle_matrix-input-array" count="32"> 0 1 2 3 4 5 6 7 8 9 10 11 12 13 14 15 16 17 18 19 20 21 22 23 24 25 26 27 28 29 30 31 </float_array>
        <technique_common>
          <accessor count="32" offset="0" source="#B_L_Clavicle_matrix-input-array" stride="1">
            <param name="TIME" type="float" />
          </accessor>
        </technique_common>
      </source>
      <source id="B_L_Clavicle_matrix-output" name="B_L_Clavicle_matrix-output">
        <float_array id="B_L_Clavicle_matrix-output-array" count="512"> -0.017590523 -0.00078340608 0.99984497 17.736832 -0.17375708 -0.98478103 -0.0038285628 0.073140621 0.98463148 -0.17379747 0.017186701 5.0180159 0 0 0 1 -0.082685933 -0.00078741461 0.99657536 17.736847 -0.17313814 -0.98478115 -0.015143394 0.073141098 0.98142034 -0.17379738 0.081291258 5.0180168 0 0 0 1 -0.19153079 -0.00078632677 0.98148626 17.736862 -0.17043194 -0.98478121 -0.034047648 0.073140144 0.9665758 -0.1737978 0.18848166 5.0180168 0 0 0 1 -0.27576944 -0.00078269077 0.96122354 17.736855 -0.16684505 -0.98478103 -0.048668809 0.073141098 0.94663239 -0.17379679 0.27144215 5.0180206 0 0 0 1 -0.28832895 -0.00078433746 0.95753074 17.736855 -0.16619416 -0.98478097 -0.050850529 0.073137283 0.94299859 -0.1737977 0.28381053 5.018013 0 0 0 1 -0.27577105 -0.00078658044 0.96122253 17.736855 -0.16684534 -0.98478138 -0.048673082 0.073143005 0.94663256 -0.17379826 0.27144262 5.0180168 0 0 0 1 -0.27576968 -0.00078134227 0.9612236 17.736847 -0.16684553 -0.98478115 -0.04866755 0.073141098 0.9466328 -0.17379688 0.27144238 5.0180054 0 0 0 1 -0.27576974 -0.00078549993 0.96122313 17.736847 -0.16684489 -0.98478115 -0.048671667 0.073141098 0.9466325 -0.17379746 0.27144188 5.0180054 0 0 0 1 -0.27556023 -0.00078349549 0.96128368 17.736862 -0.16685589 -0.98478103 -0.048633337 0.073139191 0.94669187 -0.17379721 0.27123579 5.0180054 0 0 0 1 -0.27509955 -0.00078533584 0.96141499 17.736862 -0.16687931 -0.98478109 -0.048555247 0.073137283 0.94682199 -0.17379785 0.27078152 5.0179901 0 0 0 1 -0.27463722 -0.00078292144 0.96154749 17.736832 -0.1669026 -0.98478067 -0.048472583 0.073141098 0.94695151 -0.17379715 0.27032679 5.0180206 0 0 0 1 -0.27442801 -0.00078693777 0.96160704 17.736862 -0.16691266 -0.98478115 -0.048440251 0.073143005 0.9470104 -0.17379788 0.27012011 5.0180054 0 0 0 1 -0.27472124 -0.00078329426 0.96152377 17.736877 -0.16689837 -0.98478103 -0.048487529 0.073139191 0.94692832 -0.17379723 0.27040949 5.0180359 0 0 0 1 -0.27576998 -0.00078396488 0.96122313 17.736832 -0.16684516 -0.98478115 -0.048670165 0.073143005 0.94663292 -0.17379721 0.27144217 5.0180206 0 0 0 1 -0.2781601 -0.00078359223 0.96053427 17.736847 -0.16672385 -0.98478097 -0.049084727 0.073135376 0.94595468 -0.17379735 0.27379596 5.0180206 0 0 0 1 -0.28180391 -0.00078371144 0.95947158 17.736862 -0.1665362 -0.98478085 -0.049717318 0.073143005 0.94490838 -0.17379731 0.27738467 5.018013 0 0 0 1 -0.28594673 -0.00078524643 0.95824498 17.736847 -0.16631992 -0.98478109 -0.050437916 0.073135376 0.94370139 -0.17379782 0.28146407 5.0180206 0 0 0 1 -0.2898322 -0.00078237767 0.95707744 17.736847 -0.16611414 -0.98478097 -0.051109441 0.073143005 0.94255161 -0.17379713 0.28529117 5.0180168 0 0 0 1 -0.29271185 -0.00078400981 0.95620072 17.736862 -0.16595893 -0.98478138 -0.051610794 0.073143005 0.94168824 -0.17379716 0.28812706 5.018013 0 0 0 1 -0.29383871 -0.00078319758 0.95585471 17.736862 -0.1658984 -0.98478127 -0.05180563 0.073150635 0.9413482 -0.17379728 0.28923684 5.018013 0 0 0 1 -0.29589027 -0.00078180409 0.95522165 17.736847 -0.16578682 -0.98478097 -0.052160278 0.073143005 0.94072485 -0.17379686 0.29125756 5.0180168 0 0 0 1 -0.30000022 -0.00078260119 0.9539389 17.736862 -0.16556092 -0.98478073 -0.052874442 0.073143005 0.93946248 -0.17379722 0.29530489 5.0180206 0 0 0 1 -0.30310622 -0.00078462099 0.95295614 17.736832 -0.1653872 -0.9847815 -0.053415451 0.073135376 0.93849504 -0.17379749 0.29836363 5.0180168 0 0 0 1 -0.30215904 -0.00078500772 0.9532572 17.736847 -0.16544035 -0.98478079 -0.053251471 0.073143005 0.93879151 -0.17379755 0.29743055 5.0180168 0 0 0 1 -0.29409111 -0.0007843973 0.95577729 17.736847 -0.16588426 -0.98478138 -0.051850565 0.073135376 0.94127154 -0.17379725 0.28948539 5.018013 0 0 0 1 -0.27577001 -0.00078471034 0.96122301 17.736847 -0.16684498 -0.98478162 -0.048670895 0.073123932 0.94663256 -0.17379737 0.27144203 5.018013 0 0 0 1 -0.24179271 -0.00078235503 0.97032773 17.736847 -0.16845435 -0.98478019 -0.042770568 0.073135376 0.95559382 -0.17379735 0.23798111 5.0180054 0 0 0 1 -0.19278562 -0.00078235584 0.98124021 17.736862 -0.1703884 -0.98478127 -0.034261603 0.073131561 0.96633404 -0.17379721 0.18971829 5.018013 0 0 0 1 -0.13478632 -0.00078310788 0.99087453 17.736862 -0.1721078 -0.98478067 -0.024189685 0.073143005 0.97581387 -0.17379747 0.13260014 5.0180206 0 0 0 1 -0.074178584 -0.00078280986 0.99724448 17.736832 -0.17326163 -0.98478067 -0.01366083 0.073137283 0.98207849 -0.17379749 0.072913989 5.0180206 0 0 0 1 -0.017590998 -0.00078506017 0.99984509 17.736832 -0.17375679 -0.98478121 -0.0038302396 0.073139191 0.98463136 -0.17379722 0.017186763 5.0180283 0 0 0 1 -0.017590998 -0.00078506017 0.99984509 17.736832 -0.17375679 -0.98478121 -0.0038302396 0.073139191 0.98463136 -0.17379722 0.017186763 5.0180283 0 0 0 1 </float_array>
        <technique_common>
          <accessor count="32" offset="0" source="#B_L_Clavicle_matrix-output-array" stride="16">
            <param name="TRANSFORM" type="float4x4" />
          </accessor>
        </technique_common>
      </source>
      <source id="B_L_Clavicle_matrix-interpolation">
        <Name_array id="B_L_Clavicle_matrix-interpolation-array" count="32"> LINEAR LINEAR LINEAR LINEAR LINEAR LINEAR LINEAR LINEAR LINEAR LINEAR LINEAR LINEAR LINEAR LINEAR LINEAR LINEAR LINEAR LINEAR LINEAR LINEAR LINEAR LINEAR LINEAR LINEAR LINEAR LINEAR LINEAR LINEAR LINEAR LINEAR LINEAR LINEAR </Name_array>
        <technique_common>
          <accessor source="#B_L_Clavicle_matrix-interpolation-array" count="32" stride="1">
            <param name="INTERPOLATION" type="name"></param>
          </accessor>
        </technique_common>
      </source>
      <source id="B_L_Finger0_matrix-input" name="B_L_Finger0_matrix-input">
        <float_array id="B_L_Finger0_matrix-input-array" count="32"> 0 1 2 3 4 5 6 7 8 9 10 11 12 13 14 15 16 17 18 19 20 21 22 23 24 25 26 27 28 29 30 31 </float_array>
        <technique_common>
          <accessor count="32" offset="0" source="#B_L_Finger0_matrix-input-array" stride="1">
            <param name="TIME" type="float" />
          </accessor>
        </technique_common>
      </source>
      <source id="B_L_Finger0_matrix-output" name="B_L_Finger0_matrix-output">
