<?xml version="1.0" encoding="UTF-8" standalone="no" ?>
<COLLADA xmlns="http://www.collada.org/2005/11/COLLADASchema" version="1.4.1">
  <asset>
    <contributor>
      <author>Assimp</author>
      <authoring_tool>FBX SDK/FBX Plugins version 2013.1</authoring_tool>
    </contributor>
    <created>2020-08-21T10:30:46</created>
    <modified>2020-08-21T10:30:46</modified>
    <unit name="meter" meter="1" />
    <up_axis>Y_UP</up_axis>
  </asset>
  <library_geometries>
  </library_geometries>
  <library_controllers>
  </library_controllers>
  <library_visual_scenes>
    <visual_scene id="RootNode" name="RootNode">
      <node id="Motion_aAssimpFbxa_Translation"  name="Motion_$AssimpFbx$_Translation" type="NODE">
        <matrix sid="matrix">1 0 0 9.92585e-07 0 1 0 0 0 0 1 -0.17328988 0 0 0 1</matrix>
        <node id="Motion_aAssimpFbxa_PreRotation"  name="Motion_$AssimpFbx$_PreRotation" type="NODE">
          <matrix sid="matrix">1 0 0 0 0 -4.3711388e-08 1 0 0 -1 -4.3711388e-08 0 0 0 0 1</matrix>
          <node id="Motion_aAssimpFbxa_Rotation"  name="Motion_$AssimpFbx$_Rotation" type="NODE">
            <matrix sid="matrix">1.3868001e-06 1 0 0 -1 1.3868001e-06 0 0 0 0 1 0 0 0 0 1</matrix>
            <node id="Motion_aAssimpFbxa_Scaling"  name="Motion_$AssimpFbx$_Scaling" type="NODE">
              <matrix sid="matrix">1 0 0 0 0 1 0 0 0 0 1 0 0 0 0 1</matrix>
              <node id="Motion"  name="Motion" type="NODE">
                <matrix sid="matrix">1 0 0 0 0 1 0 0 0 0 1 0 0 0 0 1</matrix>
                <node id="B_Pelvis"  name="B_Pelvis" type="NODE">
                  <matrix sid="matrix">-4.3711388e-08 0.60876256 0.79335248 0.17329331 0 -0.79335248 0.60876256 2.6999989 1 2.6609857e-08 3.4678539e-08 98.622734 0 0 0 1</matrix>
                  <node id="B_Spine"  name="B_Spine" type="NODE">
                    <matrix sid="matrix">0.99823147 0.047404032 -0.03587313 7.6762924 -0.037805337 0.97190607 0.23231289 -1.6268322 0.045877885 -0.23054582 0.97197938 0.0023474693 0 0 0 1</matrix>
                    <node id="B_Spine1"  name="B_Spine1" type="NODE">
                      <matrix sid="matrix">0.99970514 -0.024198743 0.0019994131 12.747765 0.024175981 0.99965024 0.010716196 -0.014275551 -0.0022580323 -0.010664699 0.99994057 0.00015211105 0 0 0 1</matrix>
                      <node id="B_Spine2"  name="B_Spine2" type="NODE">
                        <matrix sid="matrix">0.9988209 -0.048403628 0.0037315506 17.935463 0.048312038 0.99859816 0.021625748 -0.026443243 -0.0047730841 -0.02141997 0.9997592 0.00054788589 0 0 0 1</matrix>
                        <node id="B_L_Clavicle"  name="B_L_Clavicle" type="NODE">
                          <matrix sid="matrix">-0.017590661 -0.00078421831 0.99984497 17.736847 -0.17375694 -0.98478115 -0.0038293824 0.073140144 0.98463148 -0.17379735 0.017186686 5.0180159 0 0 0 1</matrix>
                          <node id="B_L_UpperArm"  name="B_L_UpperArm" type="NODE">
                            <matrix sid="matrix">0.67658824 0.4022921 0.61675721 17.464663 -0.50647581 0.86222744 -0.00679636 1.4305115e-06 -0.53451908 -0.30777425 0.78712416 0 0 0 0 1</matrix>
                            <node id="B_L_Forearm"  name="B_L_Forearm" type="NODE">
                              <matrix sid="matrix">-0.13640097 0.98478979 0.10762794 27.628189 -0.99065369 -0.13559353 -0.014819448 -7.6293945e-06 -3.8743022e-07 -0.10864341 0.99408078 -1.5258789e-05 0 0 0 1</matrix>
                              <node id="B_L_ForeArmTwist"  name="B_L_ForeArmTwist" type="NODE">
                                <matrix sid="matrix">1 5.8766375e-08 -2.6339526e-07 11.99263 -2.9802308e-08 0.99408078 0.10864361 -7.6293945e-06 2.6822076e-07 -0.10864361 0.99408078 1.5258789e-05 0 0 0 1</matrix>
                                <node id="B_L_Hand"  name="B_L_Hand" type="NODE">
                                  <matrix sid="matrix">0.96626526 -0.09560211 0.2391479 11.992649 -0.24727415 -0.084708601 0.96523571 0 -0.072020695 -0.99180877 -0.10549091 7.6293945e-06 0 0 0 1</matrix>
                                  <node id="B_L_Finger0"  name="B_L_Finger0" type="NODE">
                                    <matrix sid="matrix">0.80900657 0.1324636 0.57267952 1.4603271 0.15583253 0.89108139 -0.42625129 1.9355316 -0.5667668 0.43408221 0.7002486 -2.4376602 0 0 0 1</matrix>
                                    <node id="B_L_Finger01"  name="B_L_Finger01" type="NODE">
                                      <matrix sid="matrix">0.80299318 -0.59598821 -1.2573329e-07 3.7140045 0.59598821 0.80299318 3.657884e-08 -7.6293945e-06 7.9162419e-08 -1.0430811e-07 1 -2.2888184e-05 0 0 0 1</matrix>
                                      <node id="B_L_Finger02"  name="B_L_Finger02" type="NODE">
                                        <matrix sid="matrix">0.55218464 -0.83372188 -3.1139699e-08 5.529933 0.83372188 0.55218464 4.7433804e-08 1.5258789e-05 -2.2351736e-08 -5.2154064e-08 1 2.2888184e-05 0 0 0 1</matrix>
                                      </node>
                                    </node>
                                  </node>
                                  <node id="B_L_Finger1"  name="B_L_Finger1" type="NODE">
                                    <matrix sid="matrix">0.27254903 -0.95552641 0.11263376 11.625458 0.92804092 0.23019105 -0.29283458 3.1205292 0.2538839 0.18434051 0.94950593 -3.0983582 0 0 0 1</matrix>
                                    <node id="B_L_Finger11"  name="B_L_Finger11" type="NODE">
                                      <matrix sid="matrix">-0.25881925 -0.96592575 9.5863797e-08 4.4568329 0.96592575 -0.25881925 1.0282074e-07 0 -7.4505806e-08 1.192093e-07 1 1.5258789e-05 0 0 0 1</matrix>
                                      <node id="B_L_Finger12"  name="B_L_Finger12" type="NODE">
                                        <matrix sid="matrix">0.57357574 -0.81915253 3.3082409e-07 3.3311539 0.81915253 0.57357574 4.8372328e-09 -2.2888184e-05 -1.937151e-07 2.6822087e-07 1 -2.2888184e-05 0 0 0 1</matrix>
                                      </node>
                                    </node>
                                  </node>
                                  <node id="B_L_Finger2"  name="B_L_Finger2" type="NODE">
                                    <matrix sid="matrix">0.2580848 -0.96503466 0.045829169 11.814079 0.96096498 0.25152335 -0.11524838 2.4380951 0.099691577 0.073784083 0.99227893 0.83571625 0 0 0 1</matrix>
                                    <node id="B_L_Finger21"  name="B_L_Finger21" type="NODE">
                                      <matrix sid="matrix">-0.62068564 -0.78405952 4.381223e-07 5.1996231 0.78405952 -0.62068564 1.1876944e-07 1.5258789e-05 1.7881391e-07 4.1723243e-07 1 7.6293945e-06 0 0 0 1</matrix>
                                      <node id="B_L_Finger22"  name="B_L_Finger22" type="NODE">
                                        <matrix sid="matrix">0.44828629 -0.89389002 -9.3120114e-08 5.1996269 0.89389002 0.44828629 1.4671988e-07 0 -8.9406967e-08 -1.4901165e-07 1 3.8146973e-06 0 0 0 1</matrix>
                                      </node>
                                    </node>
                                  </node>
                                  <node id="B_L_Finger3"  name="B_L_Finger3" type="NODE">
                                    <matrix sid="matrix">0.13847044 -0.99036652 0.0002970986 11.814064 0.99036658 0.13847046 5.938972e-05 1.9342422 -9.9956975e-05 0.0002860128 0.99999994 4.6002464 0 0 0 1</matrix>
                                    <node id="B_L_Finger31"  name="B_L_Finger31" type="NODE">
                                      <matrix sid="matrix">-0.058766864 -0.99827176 -1.06573e-06 4.4568024 0.99827176 -0.058766864 -1.167333e-06 7.6293945e-06 1.1026859e-06 -1.1324886e-06 1 -7.6293945e-06 0 0 0 1</matrix>
                                      <node id="B_L_Finger32"  name="B_L_Finger32" type="NODE">
                                        <matrix sid="matrix">-0.058766626 -0.99827176 -2.028243e-06 4.4567795 0.99827176 -0.058766626 -1.5523871e-06 -2.2888184e-05 1.4305111e-06 -2.1159663e-06 1 7.6293945e-06 0 0 0 1</matrix>
                                      </node>
                                    </node>
                                  </node>
                                  <node id="B_L_Finger4"  name="B_L_Finger4" type="NODE">
                                    <matrix sid="matrix">0.14714384 -0.98122936 -0.12464997 11.857193 0.98368686 0.15835436 -0.085346892 4.052887 0.10348375 -0.11005827 0.9885233 6.5145302 0 0 0 1</matrix>
                                    <node id="B_L_Finger41"  name="B_L_Finger41" type="NODE">
                                      <matrix sid="matrix">-0.18123157 -0.98344046 -2.1288947e-06 3.3276596 0.98344046 -0.18123157 -3.7409282e-06 7.6293945e-06 3.2931569e-06 -2.7716155e-06 1 1.5258789e-05 0 0 0 1</matrix>
                                      <node id="B_L_Finger42"  name="B_L_Finger42" type="NODE">
                                        <matrix sid="matrix">0.0019772795 -0.99999803 -2.3461362e-06 3.3276596 0.99999803 0.0019772795 -3.3630304e-06 -2.2888184e-05 3.3676629e-06 -2.3394819e-06 1 -1.5258789e-05 0 0 0 1</matrix>
                                      </node>
                                    </node>
                                  </node>
                                </node>
                              </node>
                            </node>
                          </node>
                        </node>
                        <node id="B_R_Clavicle"  name="B_R_Clavicle" type="NODE">
                          <matrix sid="matrix">-0.10452852 -0.00079656322 -0.9945215 17.736847 0.00023397958 -0.99999964 0.00077635853 0.074662209 -0.99452186 -0.00015154612 0.10452867 -5.0179634 0 0 0 1</matrix>
                          <node id="B_R_UpperArm"  name="B_R_UpperArm" type="NODE">
                            <matrix sid="matrix">0.65678829 0.18435103 -0.73119342 17.464647 -0.58112288 0.74166942 -0.33499652 1.0490417e-05 0.48054683 0.64493501 0.59425038 1.5258789e-05 0 0 0 1</matrix>
                            <node id="B_R_Forearm"  name="B_R_Forearm" type="NODE">
                              <matrix sid="matrix">0.1257856 0.99193633 -0.015499667 27.628185 -0.99205744 0.12577026 -0.0019651239 -7.6293945e-06 1.1920932e-07 0.015623745 0.99987793 -1.5258789e-05 0 0 0 1</matrix>
                              <node id="B_R_ForeArmTwist"  name="B_R_ForeArmTwist" type="NODE">
                                <matrix sid="matrix">1 -1.3968749e-09 -8.9396053e-08 11.992638 0 0.99987793 -0.015623782 -1.1444092e-05 8.9406967e-08 0.015623782 0.99987793 0 0 0 0 1</matrix>
                                <node id="B_R_Hand"  name="B_R_Hand" type="NODE">
                                  <matrix sid="matrix">0.86458033 -0.066815831 -0.49803263 11.992653 -0.49769527 0.022792298 -0.86705244 -3.8146973e-06 0.069284134 0.99750501 -0.013548149 -1.5258789e-05 0 0 0 1</matrix>
                                  <node id="B_R_Finger0"  name="B_R_Finger0" type="NODE">
                                    <matrix sid="matrix">0.80900657 0.13246369 -0.57267946 1.4603195 0.15583244 0.89108133 0.42625135 1.9355469 0.5667668 -0.43408221 0.7002486 2.4376602 0 0 0 1</matrix>
                                    <node id="B_R_Finger01"  name="B_R_Finger01" type="NODE">
                                      <matrix sid="matrix">0.802993 -0.59598845 -2.5669956e-07 3.714035 0.59598845 0.802993 -7.918252e-08 -2.2888184e-05 2.5331983e-07 -8.9406974e-08 1 0 0 0 0 1</matrix>
                                      <node id="B_R_Finger02"  name="B_R_Finger02" type="NODE">
                                        <matrix sid="matrix">0.55218488 -0.8337217 6.6474541e-08 5.5299377 0.8337217 0.55218488 -1.1551919e-07 2.2888184e-05 5.9604623e-08 1.1920922e-07 1 2.2888184e-05 0 0 0 1</matrix>
                                      </node>
                                    </node>
                                  </node>
                                  <node id="B_R_Finger1"  name="B_R_Finger1" type="NODE">
                                    <matrix sid="matrix">0.27254859 -0.95552653 -0.11263388 11.625465 0.92804098 0.2301905 0.29283494 3.1205597 -0.25388429 -0.1843406 0.94950587 3.0983505 0 0 0 1</matrix>
                                    <node id="B_R_Finger11"  name="B_R_Finger11" type="NODE">
                                      <matrix sid="matrix">-0.25881925 -0.96592575 -8.8178652e-08 4.4568176 0.96592575 -0.25881925 -8.2924259e-08 0 5.7276349e-08 -1.0663643e-07 1 3.8146973e-06 0 0 0 1</matrix>
                                      <node id="B_R_Finger12"  name="B_R_Finger12" type="NODE">
                                        <matrix sid="matrix">0.57357585 -0.81915247 2.1793508e-07 3.331131 0.81915247 0.57357585 5.2261825e-08 0 -1.678127e-07 1.4854594e-07 1 -1.1444092e-05 0 0 0 1</matrix>
                                      </node>
                                    </node>
                                  </node>
                                  <node id="B_R_Finger2"  name="B_R_Finger2" type="NODE">
                                    <matrix sid="matrix">0.25808468 -0.96503466 -0.045829348 11.814064 0.96096504 0.25152317 0.11524836 2.438118 -0.099691525 -0.073784232 0.99227887 -0.83572006 0 0 0 1</matrix>
                                    <node id="B_R_Finger21"  name="B_R_Finger21" type="NODE">
                                      <matrix sid="matrix">-0.62068546 -0.7840597 -1.5163972e-07 5.1995964 0.7840597 -0.62068546 -7.2529758e-08 -1.5258789e-05 -3.7252914e-08 -1.6391276e-07 1 -3.6239624e-05 0 0 0 1</matrix>
                                      <node id="B_R_Finger22"  name="B_R_Finger22" type="NODE">
                                        <matrix sid="matrix">0.44828618 -0.89389008 3.3399923e-09 5.1996002 0.89389008 0.44828618 6.6600001e-09 1.5258789e-05 -7.4505806e-09 0 1 2.6702881e-05 0 0 0 1</matrix>
                                      </node>
                                    </node>
                                  </node>
                                  <node id="B_R_Finger3"  name="B_R_Finger3" type="NODE">
                                    <matrix sid="matrix">0.1384702 -0.99036652 -0.00029824051 11.814064 0.99036658 0.13847022 -5.9485919e-05 1.9342728 0.0001002103 -0.00028713042 0.99999994 -4.6002541 0 0 0 1</matrix>
                                    <node id="B_R_Finger31"  name="B_R_Finger31" type="NODE">
                                      <matrix sid="matrix">-0.058766745 -0.99827176 9.63262e-09 4.4567947 0.99827176 -0.058766745 -1.6362949e-07 -1.5258789e-05 1.6391277e-07 0 1 -3.8146973e-06 0 0 0 1</matrix>
                                      <node id="B_R_Finger32"  name="B_R_Finger32" type="NODE">
                                        <matrix sid="matrix">-0.058766864 -0.99827176 6.7902596e-07 4.4568176 0.99827176 -0.058766864 -1.2422328e-07 7.6293945e-06 1.639128e-07 6.705522e-07 1 -1.1444092e-05 0 0 0 1</matrix>
                                      </node>
                                    </node>
                                  </node>
                                  <node id="B_R_Finger4"  name="B_R_Finger4" type="NODE">
                                    <matrix sid="matrix">0.14714384 -0.98122966 0.12464786 11.857231 0.98368686 0.15835416 0.085347071 4.0529175 -0.10348359 0.11005617 0.98852354 -6.5145607 0 0 0 1</matrix>
                                    <node id="B_R_Finger41"  name="B_R_Finger41" type="NODE">
                                      <matrix sid="matrix">-0.18123135 -0.98344052 2.340326e-07 3.3276749 0.98344052 -0.18123135 7.8557986e-07 3.0517578e-05 -7.3015696e-07 3.725288e-07 1 3.0517578e-05 0 0 0 1</matrix>
                                      <node id="B_R_Finger42"  name="B_R_Finger42" type="NODE">
                                        <matrix sid="matrix">0.0019766835 -0.99999803 3.1413128e-07 3.3277206 0.99999803 0.0019766835 6.1032796e-07 3.0517578e-05 -6.1094772e-07 3.1292427e-07 1 -1.9073486e-05 0 0 0 1</matrix>
                                      </node>
                                    </node>
                                  </node>
                                </node>
                              </node>
                            </node>
                          </node>
                        </node>
                        <node id="B_Neck"  name="B_Neck" type="NODE">
                          <matrix sid="matrix">0.9745459 -0.2055687 -0.089452893 27.039749 0.20928562 0.97725385 0.034270994 1.1282334 0.080373138 -0.052119862 0.99540126 0.00061273575 0 0 0 1</matrix>
                          <node id="B_Head"  name="B_Head" type="NODE">
                            <matrix sid="matrix">0.98408651 0.17359002 -0.037950255 10.019302 -0.16961546 0.8540433 -0.49177295 1.4083138 -0.052955713 0.49038407 0.86989605 0 0 0 0 1</matrix>
                          </node>
                        </node>
                      </node>
                    </node>
                  </node>
                  <node id="B_L_Thigh"  name="B_L_Thigh" type="NODE">
                    <matrix sid="matrix">-0.88179493 0.28008324 -0.37946165 0 0.35161811 0.92662716 -0.13314213 1.7642975e-05 0.31432855 -0.25082961 -0.91557741 11.161455 0 0 0 1</matrix>
                    <node id="B_L_Calf"  name="B_L_Calf" type="NODE">
                      <matrix sid="matrix">0.87463462 0.48478267 4.2052625e-07 50.282749 -0.48478267 0.87463462 8.0128275e-06 0 3.5166734e-06 -7.2121607e-06 1 7.6293945e-06 0 0 0 1</matrix>
                      <node id="B_L_Foot"  name="B_L_Foot" type="NODE">
                        <matrix sid="matrix">0.90702903 -0.23339498 -0.35046393 39.72813 0.18250701 0.96798962 -0.1722995 -1.4305115e-06 0.37945935 0.092318535 0.920591 -7.6293945e-06 0 0 0 1</matrix>
                        <node id="B_L_Toe0"  name="B_L_Toe0" type="NODE">
                          <matrix sid="matrix">-4.3711388e-08 -1 -5.6532173e-08 18.214443 1 -4.3711388e-08 -2.4710998e-15 14.545955 0 -5.6532173e-08 1 0.020648956 0 0 0 1</matrix>
                        </node>
                      </node>
                    </node>
                  </node>
                  <node id="B_R_Thigh"  name="B_R_Thigh" type="NODE">
                    <matrix sid="matrix">-0.87342453 0.42952585 0.22942793 0 0.18169032 0.72456962 -0.66482145 -1.2397766e-05 -0.45179448 -0.5389865 -0.71089751 -11.161448 0 0 0 1</matrix>
                    <node id="B_R_Calf"  name="B_R_Calf" type="NODE">
                      <matrix sid="matrix">0.69287777 0.72105509 1.4567377e-08 50.282742 -0.72105509 0.69287777 -4.8217917e-06 3.8146973e-06 -3.4868708e-06 3.3304084e-06 1 3.8146973e-06 0 0 0 1</matrix>
                      <node id="B_R_Foot"  name="B_R_Foot" type="NODE">
                        <matrix sid="matrix">0.91488838 -0.31722814 0.24969119 39.728134 0.33217847 0.94302452 -0.019032814 -1.9073486e-06 -0.22942716 0.10035494 0.96813846 1.9073486e-06 0 0 0 1</matrix>
                        <node id="B_R_Toe0"  name="B_R_Toe0" type="NODE">
                          <matrix sid="matrix">-4.3711388e-08 -1 5.8227153e-07 18.214441 1 -4.3711768e-08 -6.5565109e-07 14.545952 6.5565109e-07 5.8227147e-07 1 -0.020647049 0 0 0 1</matrix>
                        </node>
                      </node>
                    </node>
                  </node>
                </node>
              </node>
            </node>
          </node>
        </node>
      </node>
      <node id="Exporter_aAssimpFbxa_PreRotation"  name="Exporter_$AssimpFbx$_PreRotation" type="NODE">
        <matrix sid="matrix">1 0 0 0 0 -4.3711388e-08 1 0 0 -1 -4.3711388e-08 0 0 0 0 1</matrix>
        <node id="Exporter"  name="Exporter" type="NODE">
          <matrix sid="matrix">1 0 0 0 0 1 0 0 0 0 1 0 0 0 0 1</matrix>
        </node>
      </node>
    </visual_scene>
  </library_visual_scenes>
  <library_animations>
    <animation id="TakeW001AnimId0" name="Take 001">
      <source id="B_Head_matrix-input" name="B_Head_matrix-input">
        <float_array id="B_Head_matrix-input-array" count="23"> 0 1 2 3 4 5 6 7 8 9 10 11 12 13 14 15 16 17 18 19 20 21 22 </float_array>
        <technique_common>
          <accessor count="23" offset="0" source="#B_Head_matrix-input-array" stride="1">
            <param name="TIME" type="float" />
          </accessor>
        </technique_common>
      </source>
      <source id="B_Head_matrix-output" name="B_Head_matrix-output">
        <float_array id="B_Head_matrix-output-array" count="368"> 0.98408651 0.17359002 -0.037950255 10.019302 -0.16961548 0.85404325 -0.49177295 1.4083138 -0.052955713 0.49038401 0.86989617 0 0 0 0 1 0.96017134 0.26659781 -0.083644465 10.019302 -0.27529287 0.85142398 -0.44641998 1.4083099 -0.047797672 0.45166638 0.89090562 3.8146973e-06 0 0 0 1 0.87334871 0.48069805 -0.078684881 10.019318 -0.47541985 0.80606258 -0.35247535 1.4083176 -0.10600928 0.34524217 0.9325074 3.8146973e-06 0 0 0 1 0.7809878 0.62330592 0.039341122 10.019302 -0.59901333 0.76539868 -0.23526126 1.4083099 -0.17675136 0.1601703 0.97113562 0 0 0 0 1 0.75850171 0.62512738 0.18409505 10.019318 -0.64059907 0.76709759 0.034559019 1.4083099 -0.11961504 -0.14414424 0.9823007 0 0 0 0 1 0.78132123 0.55217612 0.29092723 10.019318 -0.62412441 0.68942642 0.36764103 1.4083099 0.002429679 -0.46882057 0.88328987 0 0 0 0 1 0.83127069 0.48770356 0.26670957 10.01931 -0.55067474 0.65709084 0.51477057 1.4083099 0.075803012 -0.57478386 0.81478667 0 0 0 0 1 0.90854305 0.41056126 0.077387221 10.01931 -0.41681579 0.90338576 0.10078979 1.4083061 -0.02853013 -0.12382806 0.99189359 0 0 0 0 1 0.98408633 0.17358994 -0.037950266 10.019333 -0.1696154 0.85404319 -0.49177307 1.4083252 -0.052955676 0.49038413 0.86989611 -3.0517578e-05 0 0 0 1 0.81708986 -0.51682872 -0.25544512 10.019318 0.28745005 0.74931115 -0.59657812 1.4082642 0.49973643 0.41403031 0.76081705 -1.5258789e-05 0 0 0 1 0.90376538 -0.40244523 -0.14575936 10.019318 0.24353953 0.76353097 -0.59808761 1.4083252 0.35198933 0.50503272 0.7880643 0 0 0 0 1 0.93353212 -0.32785985 -0.14500268 10.01931 0.18433705 0.78591079 -0.59022373 1.4082947 0.30746984 0.5242635 0.79410958 0 0 0 0 1 0.96502662 -0.22402315 -0.13615111 10.019302 0.10678185 0.81023324 -0.57629812 1.4083252 0.23941831 0.54160476 0.80581814 0 0 0 0 1 0.98738146 -0.10547197 -0.11812518 10.019318 0.022226345 0.83084393 -0.55606157 1.4083557 0.15679249 0.54641932 0.82270408 0 0 0 0 1 0.99572664 0.010824413 -0.091714308 10.019318 -0.05817879 0.84478569 -0.53193289 1.4083252 0.07172107 0.53499556 0.84180516 0 0 0 0 1 0.99219304 0.1082996 -0.061841354 10.01931 -0.12468919 0.85191035 -0.508627 1.4083252 -0.0024008083 0.51236707 0.85876322 1.5258789e-05 0 0 0 1 0.98408639 0.17358993 -0.037950236 10.019302 -0.16961539 0.85404307 -0.49177301 1.4082642 -0.052955702 0.49038413 0.86989588 -7.6293945e-06 0 0 0 1 0.97842556 0.20498836 -0.025748523 10.019318 -0.19166335 0.85408872 -0.48352602 1.4083252 -0.077125691 0.47802928 0.87495118 -1.5258789e-05 0 0 0 1 0.97665292 0.21367282 -0.022200093 10.019318 -0.19777884 0.85400987 -0.48119718 1.4083252 -0.083859622 0.47435331 0.87633139 7.6293945e-06 0 0 0 1 0.97792751 0.20747462 -0.024740543 10.019318 -0.19341326 0.85407048 -0.48286143 1.4082947 -0.079051301 0.47698864 0.87534738 7.6293945e-06 0 0 0 1 0.98058474 0.19375227 -0.03022592 10.019318 -0.18376295 0.85413158 -0.48650813 1.4082947 -0.068445161 0.48261678 0.87315303 7.6293945e-06 0 0 0 1 0.98303878 0.1799157 -0.035568751 10.019318 -0.17405041 0.85409361 -0.49013311 1.4082947 -0.057803601 0.48801056 0.87092161 7.6293945e-06 0 0 0 1 0.98408639 0.17358997 -0.037950259 10.01931 -0.1696154 0.85404325 -0.4917731 1.4083252 -0.052955702 0.49038419 0.86989611 2.2888184e-05 0 0 0 1 </float_array>
        <technique_common>
          <accessor count="23" offset="0" source="#B_Head_matrix-output-array" stride="16">
            <param name="TRANSFORM" type="float4x4" />
          </accessor>
        </technique_common>
      </source>
      <source id="B_Head_matrix-interpolation">
        <Name_array id="B_Head_matrix-interpolation-array" count="23"> LINEAR LINEAR LINEAR LINEAR LINEAR LINEAR LINEAR LINEAR LINEAR LINEAR LINEAR LINEAR LINEAR LINEAR LINEAR LINEAR LINEAR LINEAR LINEAR LINEAR LINEAR LINEAR LINEAR </Name_array>
        <technique_common>
          <accessor source="#B_Head_matrix-interpolation-array" count="23" stride="1">
            <param name="INTERPOLATION" type="name"></param>
          </accessor>
        </technique_common>
      </source>
      <source id="B_L_Calf_matrix-input" name="B_L_Calf_matrix-input">
        <float_array id="B_L_Calf_matrix-input-array" count="23"> 0 1 2 3 4 5 6 7 8 9 10 11 12 13 14 15 16 17 18 19 20 21 22 </float_array>
        <technique_common>
          <accessor count="23" offset="0" source="#B_L_Calf_matrix-input-array" stride="1">
            <param name="TIME" type="float" />
          </accessor>
        </technique_common>
      </source>
      <source id="B_L_Calf_matrix-output" name="B_L_Calf_matrix-output">
        <float_array id="B_L_Calf_matrix-output-array" count="368"> 0.87463474 0.48478279 4.2052625e-07 50.282749 -0.48478279 0.87463474 8.0128284e-06 0 3.516674e-06 -7.2121616e-06 1 7.6293945e-06 0 0 0 1 0.74801058 0.66368705 7.3295962e-07 50.282749 -0.66368693 0.74801069 7.7862323e-06 3.8146973e-06 4.6193604e-06 -6.3106413e-06 0.99999988 0 0 0 0 1 0.80370975 0.59502208 5.6652306e-07 50.282745 -0.59502196 0.80370986 7.8774401e-06 3.8146973e-06 4.2319293e-06 -6.6682692e-06 1.0000001 5.7220459e-06 0 0 0 1 0.69649082 0.71756577 6.7992619e-07 50.282753 -0.71756583 0.69649076 7.7931672e-06 3.8146973e-06 5.1185484e-06 -5.915761e-06 1 1.9073486e-06 0 0 0 1 0.16883177 0.98564517 9.9569513e-07 50.282753 -0.98564494 0.16883181 7.2496418e-06 0 6.9774683e-06 -2.2053721e-06 0.99999994 3.8146973e-06 0 0 0 1 0.19952032 0.97989398 9.8270334e-07 50.282749 -0.97989386 0.19952033 7.347342e-06 0 7.0035458e-06 -2.428889e-06 1 0 0 0 0 1 0.66535491 0.74652767 6.9879326e-07 50.282764 -0.74652767 0.66535491 7.7487575e-06 0 5.3197155e-06 -5.6773415e-06 1.0000001 -3.0517578e-05 0 0 0 1 0.83179498 0.55508333 5.5949067e-07 50.282745 -0.55508327 0.83179504 7.8717658e-06 7.6293945e-06 3.9041042e-06 -6.8582599e-06 1 3.0517578e-05 0 0 0 1 0.73698419 0.67591023 6.1481842e-07 50.282745 -0.67591035 0.73698407 7.8573885e-06 1.5258789e-05 4.857779e-06 -6.2063327e-06 1 -3.0517578e-05 0 0 0 1 0.26950422 0.96299952 8.7051649e-07 50.282761 -0.96299928 0.26950428 7.2841549e-06 -3.0517578e-05 6.7800283e-06 -2.8014176e-06 1 4.7683716e-06 0 0 0 1 -0.045555238 0.99896204 9.8419878e-07 50.282761 -0.99896204 -0.045555238 7.1896911e-06 0 7.2270632e-06 -6.5565024e-07 1 5.7220459e-06 0 0 0 1 -0.19328611 0.98114276 1.0118815e-06 50.282761 -0.98114276 -0.19328611 6.832498e-06 0 6.8992381e-06 3.2782631e-07 1 1.5258789e-05 0 0 0 1 -0.10695197 0.9942643 1.0093507e-06 50.282745 -0.9942643 -0.10695197 6.8754234e-06 -3.0517578e-05 6.9439411e-06 -2.6822093e-07 0.99999988 0 0 0 0 1 0.073495284 0.99729568 1.1199672e-06 50.28273 -0.9972958 0.073495276 7.1050713e-06 3.0517578e-05 7.0035458e-06 -1.6391275e-06 1 0 0 0 0 1 0.3212373 0.94699895 9.6908889e-07 50.282761 -0.94699883 0.32123736 7.4410145e-06 3.0517578e-05 6.7353253e-06 -3.3080576e-06 1 0 0 0 0 1 0.58308214 0.81241351 8.1590014e-07 50.282745 -0.81241333 0.58308226 7.6288538e-06 3.0517578e-05 5.7220454e-06 -5.1110983e-06 0.99999994 -1.5258789e-05 0 0 0 1 0.77205127 0.63556045 6.453588e-07 50.282753 -0.63556045 0.77205127 7.8645562e-06 -3.0517578e-05 4.5001507e-06 -6.4820051e-06 1 1.5258789e-05 0 0 0 1 0.85978395 0.51065826 5.0920096e-07 50.282745 -0.51065826 0.85978395 7.8606008e-06 -3.0517578e-05 3.5762787e-06 -7.0184478e-06 0.99999982 0 0 0 0 1 0.89618027 0.44369042 3.7167251e-07 50.282745 -0.44369036 0.89618039 8.0049886e-06 0 3.2186508e-06 -7.3388214e-06 1 1.5258789e-05 0 0 0 1 0.89772367 0.44055966 4.0052015e-07 50.282749 -0.44055963 0.89772373 7.9866668e-06 0 3.1590459e-06 -7.3462729e-06 1.0000001 0 0 0 0 1 0.88251293 0.47028866 4.0049923e-07 50.282745 -0.47028866 0.88251293 7.9757629e-06 3.0517578e-05 3.3974648e-06 -7.2270632e-06 1.0000001 1.5258789e-05 0 0 0 1 0.86881638 0.49513483 4.4548869e-07 50.282745 -0.49513489 0.86881632 7.9443471e-06 6.1035156e-05 3.5464759e-06 -7.1227555e-06 1 0 0 0 0 1 0.8746351 0.48478222 4.8065885e-07 50.282745 -0.4847821 0.87463528 7.9369029e-06 3.0517578e-05 3.4272675e-06 -7.17491e-06 1 0 0 0 0 1 </float_array>
        <technique_common>
          <accessor count="23" offset="0" source="#B_L_Calf_matrix-output-array" stride="16">
            <param name="TRANSFORM" type="float4x4" />
          </accessor>
        </technique_common>
      </source>
      <source id="B_L_Calf_matrix-interpolation">
        <Name_array id="B_L_Calf_matrix-interpolation-array" count="23"> LINEAR LINEAR LINEAR LINEAR LINEAR LINEAR LINEAR LINEAR LINEAR LINEAR LINEAR LINEAR LINEAR LINEAR LINEAR LINEAR LINEAR LINEAR LINEAR LINEAR LINEAR LINEAR LINEAR </Name_array>
        <technique_common>
          <accessor source="#B_L_Calf_matrix-interpolation-array" count="23" stride="1">
            <param name="INTERPOLATION" type="name"></param>
          </accessor>
        </technique_common>
      </source>
      <source id="B_L_Clavicle_matrix-input" name="B_L_Clavicle_matrix-input">
        <float_array id="B_L_Clavicle_matrix-input-array" count="23"> 0 1 2 3 4 5 6 7 8 9 10 11 12 13 14 15 16 17 18 19 20 21 22 </float_array>
        <technique_common>
          <accessor count="23" offset="0" source="#B_L_Clavicle_matrix-input-array" stride="1">
            <param name="TIME" type="float" />
          </accessor>
        </technique_common>
      </source>
      <source id="B_L_Clavicle_matrix-output" name="B_L_Clavicle_matrix-output">
        <float_array id="B_L_Clavicle_matrix-output-array" count="368"> -0.01759064 -0.00078422565 0.99984503 17.736847 -0.17375694 -0.98478115 -0.0038293675 0.073140144 0.98463148 -0.17379735 0.017186522 5.0180159 0 0 0 1 -0.0171535 -0.00078451622 0.99985266 17.736862 -0.17375863 -0.98478109 -0.0037536917 0.073139191 0.98463887 -0.17379738 0.016755937 5.0180149 0 0 0 1 -0.016484499 -0.00078418851 0.99986386 17.736855 -0.17376122 -0.98478103 -0.003637135 0.073135376 0.9846499 -0.17379752 0.016097426 5.0180159 0 0 0 1 -0.01759064 -0.0007842257 0.99984485 17.736847 -0.17375694 -0.98478121 -0.0038293668 0.073135376 0.98463142 -0.17379735 0.017186519 5.018013 0 0 0 1 -0.022915481 -0.00078415865 0.99973696 17.736847 -0.17373407 -0.98478109 -0.0047546769 0.073143005 0.98452592 -0.17379735 0.022430418 5.0180206 0 0 0 1 -0.030014751 -0.00078409148 0.99954915 17.736862 -0.17369606 -0.98478079 -0.0059883073 0.073150635 0.9843418 -0.17379747 0.029421747 5.0180206 0 0 0 1 -0.033563729 -0.00078412879 0.99943632 17.736858 -0.17367361 -0.98478109 -0.0066050361 0.073120117 0.98423111 -0.17379737 0.032916602 5.0180206 0 0 0 1 -0.026576394 -0.00078470988 0.99964637 17.73687 -0.17371564 -0.98478091 -0.0053914031 0.073131561 0.98443705 -0.17379749 0.026035544 5.0180054 0 0 0 1 -0.017590638 -0.00078409899 0.99984485 17.736855 -0.17375691 -0.98478115 -0.0038292401 0.073150635 0.98463136 -0.17379735 0.017186519 5.0180054 0 0 0 1 -0.016591905 -0.00078431517 0.99986213 17.736847 -0.17376067 -0.98478127 -0.003655903 0.073120117 0.98464805 -0.17379737 0.016202986 5.018013 0 0 0 1 -0.017590642 -0.00078446412 0.99984497 17.736862 -0.17375693 -0.98478121 -0.0038296056 0.073150635 0.98463154 -0.17379735 0.017186521 5.0180187 0 0 0 1 -0.017590644 -0.00078421843 0.99984509 17.736855 -0.17375696 -0.98478127 -0.0038293754 0.073150635 0.9846316 -0.17379737 0.017186644 5.0180206 0 0 0 1 -0.01759064 -0.00078422565 0.99984491 17.736855 -0.17375694 -0.98478109 -0.0038293744 0.073150635 0.98463148 -0.17379734 0.017186521 5.0180359 0 0 0 1 -0.017590642 -0.00078421831 0.99984497 17.736855 -0.17375694 -0.98478115 -0.0038293749 0.073150635 0.98463148 -0.17379735 0.017186642 5.0179901 0 0 0 1 -0.017590642 -0.00078421819 0.99984509 17.736862 -0.17375694 -0.98478097 -0.0038293828 0.073120117 0.98463148 -0.17379734 0.017186644 5.0180206 0 0 0 1 -0.017590642 -0.00078421831 0.99984497 17.736847 -0.17375694 -0.98478115 -0.0038293749 0.073120117 0.98463148 -0.17379735 0.017186642 5.0180206 0 0 0 1 -0.017590642 -0.00078421825 0.99984497 17.736839 -0.17375694 -0.98478109 -0.0038293749 0.073120117 0.98463148 -0.17379734 0.017186642 5.0180359 0 0 0 1 -0.017590642 -0.00078421831 0.99984497 17.736862 -0.17375694 -0.98478115 -0.0038293749 0.073150635 0.98463148 -0.17379735 0.017186642 5.0180054 0 0 0 1 -0.01759064 -0.00078422565 0.99984503 17.736847 -0.17375694 -0.98478115 -0.0038293675 0.073150635 0.98463148 -0.17379735 0.017186522 5.0180054 0 0 0 1 -0.017590642 -0.00078421831 0.99984509 17.736862 -0.17375694 -0.98478115 -0.0038293754 0.073150635 0.98463148 -0.17379735 0.017186644 5.0179901 0 0 0 1 -0.017590642 -0.00078421825 0.99984485 17.736847 -0.17375694 -0.98478109 -0.0038293744 0.073120117 0.98463148 -0.17379734 0.01718664 5.0180206 0 0 0 1 -0.017590879 -0.00078420329 0.99984485 17.736847 -0.17375702 -0.98478091 -0.0038294047 0.073120117 0.98463124 -0.17379744 0.017186999 5.0180206 0 0 0 1 -0.01759064 -0.00078422565 0.99984497 17.736847 -0.17375694 -0.98478115 -0.0038293672 0.073150635 0.98463148 -0.17379735 0.017186521 5.0180206 0 0 0 1 </float_array>
        <technique_common>
          <accessor count="23" offset="0" source="#B_L_Clavicle_matrix-output-array" stride="16">
            <param name="TRANSFORM" type="float4x4" />
          </accessor>
        </technique_common>
      </source>
      <source id="B_L_Clavicle_matrix-interpolation">
        <Name_array id="B_L_Clavicle_matrix-interpolation-array" count="23"> LINEAR LINEAR LINEAR LINEAR LINEAR LINEAR LINEAR LINEAR LINEAR LINEAR LINEAR LINEAR LINEAR LINEAR LINEAR LINEAR LINEAR LINEAR LINEAR LINEAR LINEAR LINEAR LINEAR </Name_array>
        <technique_common>
          <accessor source="#B_L_Clavicle_matrix-interpolation-array" count="23" stride="1">
            <param name="INTERPOLATION" type="name"></param>
          </accessor>
        </technique_common>
      </source>
      <source id="B_L_Finger0_matrix-input" name="B_L_Finger0_matrix-input">
        <float_array id="B_L_Finger0_matrix-input-array" count="23"> 0 1 2 3 4 5 6 7 8 9 10 11 12 13 14 15 16 17 18 19 20 21 22 </float_array>
        <technique_common>
          <accessor count="23" offset="0" source="#B_L_Finger0_matrix-input-array" stride="1">
            <param name="TIME" type="float" />
          </accessor>
        </technique_common>
      </source>
      <source id="B_L_Finger0_matrix-output" name="B_L_Finger0_matrix-output">
        <float_array id="B_L_Finger0_matrix-output-array" count="368"> 0.80900669 0.1324636 0.57267964 1.4603271 0.15583251 0.89108163 -0.42625147 1.9355316 -0.56676686 0.43408227 0.70024884 -2.4376602 0 0 0 1 0.80875576 0.13246375 0.57303345 1.4603271 0.15601882 0.89108139 -0.42618328 1.9355392 -0.56707299 0.43408218 0.7000007 -2.437645 0 0 0 1 0.80837262 0.13246354 0.57357424 1.4603271 0.15630402 0.89108121 -0.42607871 1.9355469 -0.5675413 0.43408209 0.69962114 -2.4376564 0 0 0 1 0.80900651 0.13246377 0.57267946 1.460331 0.15583241 0.89108133 -0.42625144 1.9355469 -0.56676674 0.43408224 0.70024848 -2.4376564 0 0 0 1 0.81204504 0.13246372 0.56836283 1.4603233 0.15355994 0.89108169 -0.42707536 1.9355469 -0.56302929 0.43408218 0.70325744 -2.4376526 0 0 0 1 0.81606084 0.13246368 0.56258172 1.4603195 0.15052326 0.89108151 -0.42815521 1.9355316 -0.55802077 0.43408227 0.7072382 -2.4376678 0 0 0 1 0.81805336 0.13246351 0.55968046 1.4602966 0.14900213 0.89108145 -0.42868677 1.9355469 -0.55550611 0.43408215 0.70921499 -2.4376526 0 0 0 1 0.81412083 0.13246377 0.56538546 1.4603271 0.15199508 0.89108151 -0.42763487 1.9355621 -0.56045032 0.43408221 0.7053144 -2.4376602 0 0 0 1 0.80900651 0.13246381 0.57267952 1.4603271 0.15583238 0.89108127 -0.42625162 1.9355469 -0.5667668 0.43408224 0.70024866 -2.4376831 0 0 0 1 0.80843419 0.13246368 0.57348728 1.4603424 0.156258 0.89108133 -0.42609558 1.9355469 -0.56746584 0.43408212 0.69968235 -2.4376678 0 0 0 1 0.80900657 0.13246381 0.57267952 1.4603271 0.15583244 0.89108127 -0.42625165 1.9355469 -0.56676686 0.43408236 0.70024866 -2.4376602 0 0 0 1 0.80900639 0.13246362 0.57267964 1.4603424 0.15583251 0.89108127 -0.42625144 1.9355469 -0.5667668 0.43408215 0.70024866 -2.4376526 0 0 0 1 0.80900657 0.1324636 0.57267958 1.4603271 0.15583241 0.89108145 -0.42625132 1.9355469 -0.5667668 0.43408209 0.70024878 -2.4376526 0 0 0 1 0.80900651 0.13246378 0.5726794 1.4603577 0.15583241 0.89108127 -0.4262515 1.9355469 -0.5667668 0.43408227 0.70024848 -2.4376602 0 0 0 1 0.80900639 0.13246362 0.5726797 1.4603271 0.15583251 0.89108133 -0.4262515 1.9355469 -0.5667668 0.43408218 0.70024872 -2.4376526 0 0 0 1 0.80900669 0.13246371 0.57267958 1.4603271 0.15583251 0.89108145 -0.4262515 1.9355316 -0.56676686 0.43408233 0.70024866 -2.4376526 0 0 0 1 0.80900669 0.1324635 0.57267958 1.4603271 0.15583254 0.89108157 -0.42625129 1.9355469 -0.56676686 0.43408218 0.70024878 -2.4376831 0 0 0 1 0.80900657 0.13246386 0.57267964 1.4603271 0.15583239 0.89108121 -0.42625156 1.9355621 -0.56676704 0.43408215 0.7002486 -2.4376526 0 0 0 1 0.80900657 0.13246375 0.57267946 1.4602966 0.15583232 0.89108139 -0.42625141 1.9355469 -0.56676686 0.43408209 0.70024866 -2.4376526 0 0 0 1 0.80900657 0.13246386 0.57267964 1.4602966 0.15583239 0.89108145 -0.42625153 1.9355469 -0.56676704 0.43408224 0.70024866 -2.4376526 0 0 0 1 0.80900669 0.13246354 0.57267964 1.4603577 0.15583248 0.89108145 -0.42625129 1.9355469 -0.56676692 0.43408206 0.70024878 -2.4376526 0 0 0 1 0.80900657 0.13246372 0.5726797 1.4602966 0.15583244 0.89108157 -0.42625135 1.9355469 -0.56676698 0.43408212 0.70024866 -2.4376831 0 0 0 1 0.80900663 0.13246371 0.57267964 1.4602966 0.15583248 0.89108151 -0.42625144 1.9355469 -0.56676692 0.43408227 0.70024866 -2.4376526 0 0 0 1 </float_array>
        <technique_common>
          <accessor count="23" offset="0" source="#B_L_Finger0_matrix-output-array" stride="16">
            <param name="TRANSFORM" type="float4x4" />
          </accessor>
        </technique_common>
      </source>
      <source id="B_L_Finger0_matrix-interpolation">
        <Name_array id="B_L_Finger0_matrix-interpolation-array" count="23"> LINEAR LINEAR LINEAR LINEAR LINEAR LINEAR LINEAR LINEAR LINEAR LINEAR LINEAR LINEAR LINEAR LINEAR LINEAR LINEAR LINEAR LINEAR LINEAR LINEAR LINEAR LINEAR LINEAR </Name_array>
        <technique_common>
          <accessor source="#B_L_Finger0_matrix-interpolation-array" count="23" stride="1">
            <param name="INTERPOLATION" type="name"></param>
          </accessor>
        </technique_common>
      </source>
      <source id="B_L_Finger01_matrix-input" name="B_L_Finger01_matrix-input">
        <float_array id="B_L_Finger01_matrix-input-array" count="23"> 0 1 2 3 4 5 6 7 8 9 10 11 12 13 14 15 16 17 18 19 20 21 22 </float_array>
        <technique_common>
          <accessor count="23" offset="0" source="#B_L_Finger01_matrix-input-array" stride="1">
            <param name="TIME" type="float" />
          </accessor>
        </technique_common>
      </source>
      <source id="B_L_Finger01_matrix-output" name="B_L_Finger01_matrix-output">
