<?xml version="1.0" encoding="UTF-8" standalone="no" ?>
<COLLADA xmlns="http://www.collada.org/2005/11/COLLADASchema" version="1.4.1">
  <asset>
    <contributor>
      <author>Assimp</author>
      <authoring_tool>FBX SDK/FBX Plugins version 2013.1</authoring_tool>
    </contributor>
    <created>2020-08-21T13:47:57</created>
    <modified>2020-08-21T13:47:57</modified>
    <unit name="meter" meter="1" />
    <up_axis>Y_UP</up_axis>
  </asset>
  <library_geometries>
  </library_geometries>
  <library_controllers>
  </library_controllers>
  <library_visual_scenes>
    <visual_scene id="RootNode" name="RootNode">
      <node id="Motion_aAssimpFbxa_Translation"  name="Motion_$AssimpFbx$_Translation" type="NODE">
        <matrix sid="matrix">1 0 0 9.92585e-07 0 1 0 0 0 0 1 -0.17328988 0 0 0 1</matrix>
        <node id="Motion_aAssimpFbxa_PreRotation"  name="Motion_$AssimpFbx$_PreRotation" type="NODE">
          <matrix sid="matrix">1 0 0 0 0 -4.3711388e-08 1 0 0 -1 -4.3711388e-08 0 0 0 0 1</matrix>
          <node id="Motion_aAssimpFbxa_Rotation"  name="Motion_$AssimpFbx$_Rotation" type="NODE">
            <matrix sid="matrix">1.3868001e-06 1 0 0 -1 1.3868001e-06 0 0 0 0 1 0 0 0 0 1</matrix>
            <node id="Motion_aAssimpFbxa_Scaling"  name="Motion_$AssimpFbx$_Scaling" type="NODE">
              <matrix sid="matrix">1 0 0 0 0 1 0 0 0 0 1 0 0 0 0 1</matrix>
              <node id="Motion"  name="Motion" type="NODE">
                <matrix sid="matrix">1 0 0 0 0 1 0 0 0 0 1 0 0 0 0 1</matrix>
                <node id="B_Pelvis"  name="B_Pelvis" type="NODE">
                  <matrix sid="matrix">-4.3711388e-08 0.60876256 0.79335248 0.17328635 0 -0.79335248 0.60876256 -2.785001 1 2.6609857e-08 3.4678539e-08 57.200001 0 0 0 1</matrix>
                  <node id="B_Spine"  name="B_Spine" type="NODE">
                    <matrix sid="matrix">0.99823147 0.047404021 -0.035873104 7.6763 -0.037805334 0.97190607 0.23231287 -1.6268333 0.045877852 -0.2305458 0.97197938 0.0023460388 0 0 0 1</matrix>
                    <node id="B_Spine1"  name="B_Spine1" type="NODE">
                      <matrix sid="matrix">0.99970514 -0.024198735 0.0019994134 12.747765 0.024175974 0.99965024 0.010716195 -0.014275551 -0.0022580326 -0.010664698 0.99994057 0.00015211105 0 0 0 1</matrix>
                      <node id="B_Spine2"  name="B_Spine2" type="NODE">
                        <matrix sid="matrix">0.9988209 -0.048403606 0.0037315546 17.935455 0.048312016 0.99859816 0.021625716 -0.02644372 -0.0047730859 -0.021419939 0.9997592 0.00054764748 0 0 0 1</matrix>
                        <node id="B_L_Clavicle"  name="B_L_Clavicle" type="NODE">
                          <matrix sid="matrix">-0.017590661 -0.00078421831 0.99984497 17.736855 -0.17375694 -0.98478115 -0.0038293824 0.073140383 0.98463148 -0.17379735 0.017186686 5.0180163 0 0 0 1</matrix>
                          <node id="B_L_UpperArm"  name="B_L_UpperArm" type="NODE">
                            <matrix sid="matrix">0.67658806 0.40229228 0.61675733 17.464659 -0.50647599 0.86222732 -0.0067964196 2.9802322e-06 -0.53451914 -0.30777439 0.78712404 0 0 0 0 1</matrix>
                            <node id="B_L_Forearm"  name="B_L_Forearm" type="NODE">
                              <matrix sid="matrix">-0.13640085 0.98478985 0.10762788 27.628193 -0.99065375 -0.13559343 -0.014819367 -7.6293945e-06 -3.2782552e-07 -0.10864334 0.99408078 -1.5258789e-05 0 0 0 1</matrix>
                              <node id="B_L_ForeArmTwist"  name="B_L_ForeArmTwist" type="NODE">
                                <matrix sid="matrix">1 8.0055017e-08 -3.2102821e-07 11.992638 -4.4703469e-08 0.99408078 0.10864367 -1.5258789e-05 3.2782543e-07 -0.10864367 0.99408078 2.2888184e-05 0 0 0 1</matrix>
                                <node id="B_L_Hand"  name="B_L_Hand" type="NODE">
                                  <matrix sid="matrix">0.96626526 -0.095602125 0.23914778 11.992645 -0.24727403 -0.084708609 0.96523571 0 -0.072020717 -0.99180877 -0.10549091 0 0 0 0 1</matrix>
                                  <node id="B_L_Finger0"  name="B_L_Finger0" type="NODE">
                                    <matrix sid="matrix">0.80900651 0.13246359 0.57267946 1.4603271 0.15583245 0.89108145 -0.42625123 1.9355392 -0.5667668 0.43408209 0.7002486 -2.4376602 0 0 0 1</matrix>
                                    <node id="B_L_Finger01"  name="B_L_Finger01" type="NODE">
                                      <matrix sid="matrix">0.80299312 -0.59598833 -4.5198046e-08 3.7140083 0.59598833 0.80299312 -2.4267864e-08 0 5.0757084e-08 -7.4505806e-09 1 -1.9073486e-05 0 0 0 1</matrix>
                                      <node id="B_L_Finger02"  name="B_L_Finger02" type="NODE">
                                        <matrix sid="matrix">0.55218464 -0.83372188 -3.4164412e-08 5.5299311 0.83372188 0.55218464 2.2627527e-08 7.6293945e-06 0 -4.097819e-08 1 1.9073486e-05 0 0 0 1</matrix>
                                      </node>
                                    </node>
                                  </node>
                                  <node id="B_L_Finger1"  name="B_L_Finger1" type="NODE">
                                    <matrix sid="matrix">0.27254897 -0.95552641 0.11263391 11.625454 0.92804098 0.23019093 -0.29283458 3.1205444 0.25388387 0.18434066 0.94950598 -3.0983505 0 0 0 1</matrix>
                                    <node id="B_L_Finger11"  name="B_L_Finger11" type="NODE">
                                      <matrix sid="matrix">-0.25881925 -0.96592575 9.9720523e-08 4.4568329 0.96592575 -0.25881925 8.8427335e-08 7.6293945e-06 -5.9604652e-08 1.1920932e-07 1 1.9073486e-05 0 0 0 1</matrix>
                                      <node id="B_L_Finger12"  name="B_L_Finger12" type="NODE">
                                        <matrix sid="matrix">0.57357562 -0.81915259 3.5096323e-07 3.3311615 0.81915259 0.57357562 -1.8359771e-08 -1.5258789e-05 -1.862645e-07 2.9802317e-07 1 -2.2888184e-05 0 0 0 1</matrix>
                                      </node>
                                    </node>
                                  </node>
                                  <node id="B_L_Finger2"  name="B_L_Finger2" type="NODE">
                                    <matrix sid="matrix">0.25808468 -0.96503466 0.045829341 11.814075 0.96096504 0.25152317 -0.11524841 2.4381104 0.099691577 0.07378424 0.99227887 0.83572769 0 0 0 1</matrix>
                                    <node id="B_L_Finger21"  name="B_L_Finger21" type="NODE">
                                      <matrix sid="matrix">-0.62068564 -0.78405952 5.0797826e-07 5.1996307 0.78405952 -0.62068564 1.2655671e-07 1.5258789e-05 2.1606681e-07 4.768371e-07 1 1.1444092e-05 0 0 0 1</matrix>
                                      <node id="B_L_Finger22"  name="B_L_Finger22" type="NODE">
                                        <matrix sid="matrix">0.44828629 -0.89389002 2.6799892e-08 5.199625 0.89389002 0.44828629 1.1991997e-07 2.2888184e-05 -1.1920929e-07 -2.9802322e-08 1 -7.6293945e-06 0 0 0 1</matrix>
                                      </node>
                                    </node>
                                  </node>
                                  <node id="B_L_Finger3"  name="B_L_Finger3" type="NODE">
                                    <matrix sid="matrix">0.13847044 -0.99036652 0.00029718305 11.81406 0.99036658 0.13847046 5.9347818e-05 1.9342499 -9.9927165e-05 0.00028610224 0.99999994 4.6002464 0 0 0 1</matrix>
                                    <node id="B_L_Finger31"  name="B_L_Finger31" type="NODE">
                                      <matrix sid="matrix">-0.058766864 -0.99827176 -1.0027254e-06 4.4568024 0.99827176 -0.058766864 -1.2233318e-06 1.5258789e-05 1.1622905e-06 -1.0728838e-06 1 -3.8146973e-06 0 0 0 1</matrix>
                                      <node id="B_L_Finger32"  name="B_L_Finger32" type="NODE">
                                        <matrix sid="matrix">-0.058766745 -0.99827176 -1.9424926e-06 4.4567719 0.99827176 -0.058766745 -1.4876314e-06 -2.2888184e-05 1.3709064e-06 -2.0265588e-06 1 7.6293945e-06 0 0 0 1</matrix>
                                      </node>
                                    </node>
                                  </node>
                                  <node id="B_L_Finger4"  name="B_L_Finger4" type="NODE">
                                    <matrix sid="matrix">0.14714396 -0.98122936 -0.12464995 11.857189 0.98368686 0.15835448 -0.085346818 4.0528946 0.10348368 -0.11005825 0.9885233 6.5145302 0 0 0 1</matrix>
                                    <node id="B_L_Finger41"  name="B_L_Finger41" type="NODE">
                                      <matrix sid="matrix">-0.18123169 -0.9834404 -2.1713086e-06 3.3276596 0.9834404 -0.18123169 -3.8396565e-06 1.5258789e-05 3.3825638e-06 -2.8312202e-06 1 1.1444092e-05 0 0 0 1</matrix>
                                      <node id="B_L_Finger42"  name="B_L_Finger42" type="NODE">
                                        <matrix sid="matrix">0.0019772795 -0.99999803 -2.2120259e-06 3.3276558 0.99999803 0.0019772795 -3.3632959e-06 -1.5258789e-05 3.3676631e-06 -2.2053714e-06 1 -2.2888184e-05 0 0 0 1</matrix>
                                      </node>
                                    </node>
                                  </node>
                                </node>
                              </node>
                            </node>
                          </node>
                        </node>
                        <node id="B_R_Clavicle"  name="B_R_Clavicle" type="NODE">
                          <matrix sid="matrix">-0.10452852 -0.00079633412 -0.9945215 17.736847 0.00023395466 -0.99999964 0.00077613082 0.074661493 -0.99452186 -0.00015154514 0.10452867 -5.0179625 0 0 0 1</matrix>
                          <node id="B_R_UpperArm"  name="B_R_UpperArm" type="NODE">
                            <matrix sid="matrix">0.65678817 0.18435121 -0.73119348 17.464647 -0.58112305 0.74166936 -0.33499634 1.2636185e-05 0.48054683 0.64493495 0.59425038 7.6293945e-06 0 0 0 1</matrix>
                            <node id="B_R_Forearm"  name="B_R_Forearm" type="NODE">
                              <matrix sid="matrix">0.1257856 0.99193633 -0.015499697 27.628189 -0.99205744 0.12577026 -0.0019651277 0 1.1920935e-07 0.015623775 0.99987793 0 0 0 0 1</matrix>
                              <node id="B_R_ForeArmTwist"  name="B_R_ForeArmTwist" type="NODE">
                                <matrix sid="matrix">1 0 0 11.99263 0 0.99987793 -0.015623784 -1.5258789e-05 0 0.015623784 0.99987793 0 0 0 0 1</matrix>
                                <node id="B_R_Hand"  name="B_R_Hand" type="NODE">
                                  <matrix sid="matrix">0.86458033 -0.066815875 -0.49803263 11.992661 -0.49769527 0.022792324 -0.86705244 0 0.069284186 0.99750501 -0.013548149 -1.5258789e-05 0 0 0 1</matrix>
                                  <node id="B_R_Finger0"  name="B_R_Finger0" type="NODE">
                                    <matrix sid="matrix">0.80900657 0.13246368 -0.57267946 1.4603119 0.15583245 0.89108139 0.42625135 1.9355392 0.5667668 -0.43408221 0.7002486 2.4376602 0 0 0 1</matrix>
                                    <node id="B_R_Finger01"  name="B_R_Finger01" type="NODE">
                                      <matrix sid="matrix">0.80299306 -0.59598833 -3.3372964e-07 3.7140198 0.59598833 0.80299306 1.2101324e-08 -1.5258789e-05 2.6077035e-07 -2.0861627e-07 1 0 0 0 0 1</matrix>
                                      <node id="B_R_Finger02"  name="B_R_Finger02" type="NODE">
                                        <matrix sid="matrix">0.55218482 -0.83372176 2.0684058e-07 5.5299377 0.83372176 0.55218482 -6.5500998e-08 7.6293945e-06 -5.9604623e-08 2.0861614e-07 1 3.0517578e-05 0 0 0 1</matrix>
                                      </node>
                                    </node>
                                  </node>
                                  <node id="B_R_Finger1"  name="B_R_Finger1" type="NODE">
                                    <matrix sid="matrix">0.27254859 -0.95552653 -0.11263384 11.625458 0.92804098 0.23019052 0.29283488 3.1205521 -0.25388426 -0.18434055 0.94950587 3.098341 0 0 0 1</matrix>
                                    <node id="B_R_Finger11"  name="B_R_Finger11" type="NODE">
                                      <matrix sid="matrix">-0.25881937 -0.96592575 -1.3781978e-07 4.4568138 0.96592575 -0.25881937 -5.9586888e-08 -7.6293945e-06 2.1886081e-08 -1.4854592e-07 1 7.6293945e-06 0 0 0 1</matrix>
                                      <node id="B_R_Finger12"  name="B_R_Finger12" type="NODE">
                                        <matrix sid="matrix">0.57357591 -0.81915241 1.9745073e-07 3.3311386 0.81915241 0.57357591 2.7878258e-08 0 -1.3608953e-07 1.4575195e-07 1 -7.6293945e-06 0 0 0 1</matrix>
                                      </node>
                                    </node>
                                  </node>
                                  <node id="B_R_Finger2"  name="B_R_Finger2" type="NODE">
                                    <matrix sid="matrix">0.25808468 -0.96503472 -0.045829218 11.814049 0.9609651 0.25152323 0.11524827 2.4381104 -0.099691465 -0.073784098 0.99227899 -0.83572578 0 0 0 1</matrix>
                                    <node id="B_R_Finger21"  name="B_R_Finger21" type="NODE">
                                      <matrix sid="matrix">-0.62068546 -0.7840597 -7.4235942e-08 5.1995964 0.7840597 -0.62068546 4.5760849e-08 -7.6293945e-06 -8.1956401e-08 -2.9802317e-08 1 -3.0517578e-05 0 0 0 1</matrix>
                                      <node id="B_R_Finger22"  name="B_R_Finger22" type="NODE">
                                        <matrix sid="matrix">0.44828629 -0.89389002 -3.6580033e-08 5.1996117 0.89389002 0.44828629 6.0019957e-08 0 -3.725291e-08 -5.9604652e-08 1 2.6702881e-05 0 0 0 1</matrix>
                                      </node>
                                    </node>
                                  </node>
                                  <node id="B_R_Finger3"  name="B_R_Finger3" type="NODE">
                                    <matrix sid="matrix">0.13847044 -0.99036652 -0.00029824261 11.814056 0.99036658 0.13847046 -5.9500602e-05 1.9342651 0.0001002252 -0.00028713045 0.99999994 -4.600256 0 0 0 1</matrix>
                                    <node id="B_R_Finger31"  name="B_R_Finger31" type="NODE">
                                      <matrix sid="matrix">-0.058766745 -0.99827176 5.2541562e-09 4.4567871 0.99827176 -0.058766745 -8.9252453e-08 0 8.9406967e-08 0 1 -5.7220459e-06 0 0 0 1</matrix>
                                      <node id="B_R_Finger32"  name="B_R_Finger32" type="NODE">
                                        <matrix sid="matrix">-0.058766983 -0.9982717 6.3439961e-07 4.4568253 0.9982717 -0.058766983 -1.2685027e-07 7.6293945e-06 1.639128e-07 6.258486e-07 1 -9.5367432e-06 0 0 0 1</matrix>
                                      </node>
                                    </node>
                                  </node>
                                  <node id="B_R_Finger4"  name="B_R_Finger4" type="NODE">
                                    <matrix sid="matrix">0.14714384 -0.98122966 0.12464783 11.857231 0.98368686 0.15835415 0.085347071 4.0529099 -0.10348358 0.11005614 0.98852354 -6.5145702 0 0 0 1</matrix>
                                    <node id="B_R_Finger41"  name="B_R_Finger41" type="NODE">
                                      <matrix sid="matrix">-0.18123135 -0.98344052 2.3133207e-07 3.3276711 0.98344052 -0.18123135 8.0023415e-07 2.2888184e-05 -7.45058e-07 3.725288e-07 1 3.4332275e-05 0 0 0 1</matrix>
                                      <node id="B_R_Finger42"  name="B_R_Finger42" type="NODE">
                                        <matrix sid="matrix">0.0019766835 -0.99999803 2.8438797e-07 3.3276978 0.99999803 0.0019766835 6.4018923e-07 3.8146973e-05 -6.407501e-07 2.8312198e-07 1 -7.6293945e-06 0 0 0 1</matrix>
                                      </node>
                                    </node>
                                  </node>
                                </node>
                              </node>
                            </node>
                          </node>
                        </node>
                        <node id="B_Neck"  name="B_Neck" type="NODE">
                          <matrix sid="matrix">0.9745459 -0.20556873 -0.089452803 27.039764 0.20928565 0.97725385 0.034271076 1.1282325 0.080373034 -0.052119922 0.99540126 0.00061273575 0 0 0 1</matrix>
                          <node id="B_Head"  name="B_Head" type="NODE">
                            <matrix sid="matrix">0.98408651 0.17358996 -0.03795037 10.01931 -0.16961546 0.85404325 -0.49177301 1.4083157 -0.052955601 0.49038416 0.86989599 9.5367432e-07 0 0 0 1</matrix>
                          </node>
                        </node>
                      </node>
                    </node>
                  </node>
                  <node id="B_L_Thigh"  name="B_L_Thigh" type="NODE">
                    <matrix sid="matrix">-0.2277246 0.77479315 -0.58977717 0 0.71230286 0.54552269 0.4416216 1.6450882e-05 0.66390222 -0.31953183 -0.67611629 11.161453 0 0 0 1</matrix>
                    <node id="B_L_Calf"  name="B_L_Calf" type="NODE">
                      <matrix sid="matrix">-0.34017852 0.94036084 8.6968964e-07 50.282753 -0.94036084 -0.34017852 6.7844894e-06 0 6.6757184e-06 1.4901156e-06 1 3.8146973e-06 0 0 0 1</matrix>
                      <node id="B_L_Foot"  name="B_L_Foot" type="NODE">
                        <matrix sid="matrix">0.65112019 -0.6461426 -0.39817363 39.728127 0.47771338 0.75656581 -0.44654021 1.9073486e-06 0.58977318 0.10053846 0.80128622 3.8146973e-06 0 0 0 1</matrix>
                        <node id="B_L_Toe0"  name="B_L_Toe0" type="NODE">
                          <matrix sid="matrix">-4.3711388e-08 -1 -5.6529302e-08 18.214443 1 -4.3711388e-08 -2.4709743e-15 14.545956 0 -5.6529302e-08 1 0.020648956 0 0 0 1</matrix>
                        </node>
                      </node>
                    </node>
                  </node>
                  <node id="B_R_Thigh"  name="B_R_Thigh" type="NODE">
                    <matrix sid="matrix">-0.57820636 0.34574085 0.73901331 0 0.47583532 0.87867868 -0.038786978 -1.3113022e-05 -0.6627655 0.32922176 -0.67257333 -11.161449 0 0 0 1</matrix>
                    <node id="B_R_Calf"  name="B_R_Calf" type="NODE">
                      <matrix sid="matrix">-0.39429334 0.91898465 -1.4638999e-08 50.282749 -0.91898465 -0.39429334 -4.7203353e-06 1.9073486e-06 -4.3436876e-06 -1.8477436e-06 1 0 0 0 0 1</matrix>
                      <node id="B_R_Foot"  name="B_R_Foot" type="NODE">
                        <matrix sid="matrix">0.61651093 -0.74784869 0.24624501 39.728127 0.52960902 0.62531787 0.57314211 0 -0.58260494 -0.22293481 0.78158271 7.6293945e-06 0 0 0 1</matrix>
                        <node id="B_R_Toe0"  name="B_R_Toe0" type="NODE">
                          <matrix sid="matrix">-0.51018894 -0.83949649 0.18695676 18.214439 0.85674185 -0.51514947 0.024786532 14.54595 0.07550247 0.1728195 0.98205537 -0.020648956 0 0 0 1</matrix>
                        </node>
                      </node>
                    </node>
                  </node>
                </node>
              </node>
            </node>
          </node>
        </node>
      </node>
      <node id="Exporter_aAssimpFbxa_PreRotation"  name="Exporter_$AssimpFbx$_PreRotation" type="NODE">
        <matrix sid="matrix">1 0 0 0 0 -4.3711388e-08 1 0 0 -1 -4.3711388e-08 0 0 0 0 1</matrix>
        <node id="Exporter"  name="Exporter" type="NODE">
          <matrix sid="matrix">1 0 0 0 0 1 0 0 0 0 1 0 0 0 0 1</matrix>
        </node>
      </node>
    </visual_scene>
  </library_visual_scenes>
  <library_animations>
    <animation id="TakeW001AnimId0" name="Take 001">
      <source id="B_Head_matrix-input" name="B_Head_matrix-input">
        <float_array id="B_Head_matrix-input-array" count="21"> 0 1 2 3 4 5 6 7 8 9 10 11 12 13 14 15 16 17 18 19 20 </float_array>
        <technique_common>
          <accessor count="21" offset="0" source="#B_Head_matrix-input-array" stride="1">
            <param name="TIME" type="float" />
          </accessor>
        </technique_common>
      </source>
      <source id="B_Head_matrix-output" name="B_Head_matrix-output">
        <float_array id="B_Head_matrix-output-array" count="336"> 0.98408651 0.17358997 -0.037950378 10.01931 -0.16961546 0.85404336 -0.49177316 1.4083157 -0.052955601 0.49038425 0.86989617 9.5367432e-07 0 0 0 1 0.99846816 -0.048228107 -0.027122466 10.019318 -0.0018088373 0.46146849 -0.8871547 1.4083157 0.055301972 0.88584471 0.46067432 0 0 0 0 1 0.98853344 0.14086007 0.054409083 10.019318 -0.056068342 0.6769526 -0.73388791 1.4083138 -0.14020789 0.72242206 0.67708796 7.6293945e-06 0 0 0 1 0.9177711 0.29216376 0.26895389 10.019318 -0.16244413 0.89423347 -0.41708294 1.4083214 -0.36236411 0.33909678 0.86816204 0 0 0 0 1 0.80775911 0.28871092 0.51397592 10.019318 -0.25945306 0.95699203 -0.12980863 1.4083099 -0.52934808 -0.028498517 0.84792602 -7.6293945e-06 0 0 0 1 0.80775905 0.28871083 0.5139761 10.019314 -0.25945303 0.95699197 -0.12980852 1.4083157 -0.52934813 -0.028498631 0.8479259 0 0 0 0 1 0.82667881 0.29443568 0.47948921 10.01931 -0.25253886 0.95566243 -0.15143757 1.4083138 -0.50281858 0.0041005607 0.86438215 0 0 0 0 1 0.84483749 0.2985788 0.44395944 10.019318 -0.24568281 0.95363653 -0.17383032 1.4083176 -0.47527805 0.037785187 0.87902385 3.8146973e-06 0 0 0 1 0.86215651 0.30100712 0.40753016 10.019318 -0.23890314 0.95086884 -0.19690938 1.4083176 -0.44677901 0.072406478 0.89170945 0 0 0 0 1 0.87856233 0.30160177 0.37035722 10.019318 -0.23221664 0.94732022 -0.22058904 1.4083099 -0.41737697 0.10779811 0.90231705 0 0 0 0 1 0.89398932 0.30026153 0.33260533 10.01931 -0.22564039 0.94295835 -0.24477696 1.4083099 -0.3871302 0.14377877 0.91074574 -3.8146973e-06 0 0 0 1 0.90837693 0.29690367 0.29444796 10.019318 -0.21919046 0.93775952 -0.26937428 1.4083099 -0.35609964 0.18015322 0.9169175 0 0 0 0 1 0.92167151 0.2914677 0.25606364 10.01931 -0.21288387 0.9317081 -0.29427862 1.4083099 -0.32434952 0.21671632 0.92077756 0 0 0 0 1 0.9338243 0.28391474 0.2176341 10.019318 -0.20673653 0.92479944 -0.31938332 1.4083176 -0.29194561 0.25325498 0.92229581 0 0 0 0 1 0.94479334 0.27423012 0.17934114 10.019325 -0.20076539 0.91703725 -0.34458056 1.4083099 -0.25895688 0.28955191 0.92146677 -3.8146973e-06 0 0 0 1 0.95454168 0.26242378 0.14136459 10.01931 -0.19498777 0.90843612 -0.36976177 1.4083214 -0.22545496 0.32538873 0.91830939 0 0 0 0 1 0.96303779 0.24852943 0.10387929 10.019318 -0.1894208 0.89902002 -0.39481935 1.4083099 -0.19151384 0.36054912 0.91286713 0 0 0 0 1 0.97025698 0.2326059 0.067052983 10.019302 -0.1840824 0.8888244 -0.41964826 1.4083176 -0.15721101 0.39482322 0.90520686 0 0 0 0 1 0.97617865 0.2147352 0.031043811 10.019295 -0.1789903 0.87789285 -0.44414663 1.4083214 -0.12262706 0.42800993 0.89541608 3.8146973e-06 0 0 0 1 0.98079103 0.19502153 -0.0040017222 10.01931 -0.17416224 0.86627871 -0.46821877 1.4083138 -0.087846138 0.45992157 0.88360369 0 0 0 0 1 0.98408651 0.17358997 -0.037950378 10.01931 -0.16961546 0.85404336 -0.49177316 1.4083138 -0.052955601 0.49038425 0.86989617 9.5367432e-07 0 0 0 1 </float_array>
        <technique_common>
          <accessor count="21" offset="0" source="#B_Head_matrix-output-array" stride="16">
            <param name="TRANSFORM" type="float4x4" />
          </accessor>
        </technique_common>
      </source>
      <source id="B_Head_matrix-interpolation">
        <Name_array id="B_Head_matrix-interpolation-array" count="21"> LINEAR LINEAR LINEAR LINEAR LINEAR LINEAR LINEAR LINEAR LINEAR LINEAR LINEAR LINEAR LINEAR LINEAR LINEAR LINEAR LINEAR LINEAR LINEAR LINEAR LINEAR </Name_array>
        <technique_common>
          <accessor source="#B_Head_matrix-interpolation-array" count="21" stride="1">
            <param name="INTERPOLATION" type="name"></param>
          </accessor>
        </technique_common>
      </source>
      <source id="B_L_Calf_matrix-input" name="B_L_Calf_matrix-input">
        <float_array id="B_L_Calf_matrix-input-array" count="21"> 0 1 2 3 4 5 6 7 8 9 10 11 12 13 14 15 16 17 18 19 20 </float_array>
        <technique_common>
          <accessor count="21" offset="0" source="#B_L_Calf_matrix-input-array" stride="1">
            <param name="TIME" type="float" />
          </accessor>
        </technique_common>
      </source>
      <source id="B_L_Calf_matrix-output" name="B_L_Calf_matrix-output">
        <float_array id="B_L_Calf_matrix-output-array" count="336"> -0.34017849 0.94036114 8.696876e-07 50.282753 -0.94036102 -0.34017852 6.7844908e-06 0 6.6757179e-06 1.4901168e-06 1.0000001 3.8146973e-06 0 0 0 1 -0.17367376 0.9848035 9.159553e-07 50.282753 -0.98480338 -0.17367379 6.7382512e-06 -1.9073486e-06 6.79493e-06 2.6822141e-07 1 3.8146973e-06 0 0 0 1 0.018903434 0.99982148 1.0577269e-06 50.282753 -0.99982136 0.018903436 7.1179443e-06 -9.5367432e-07 7.096678e-06 -1.1920916e-06 1 -1.9073486e-06 0 0 0 1 -0.56011343 0.82841629 8.0776499e-07 50.282745 -0.82841629 -0.56011343 6.6218795e-06 3.8146973e-06 5.9381127e-06 3.0398371e-06 1 9.5367432e-06 0 0 0 1 -0.80045617 0.5993914 6.1179679e-07 50.282753 -0.5993914 -0.80045617 6.3802827e-06 0 4.3140026e-06 4.7404305e-06 1.0000001 3.8146973e-06 0 0 0 1 -0.92396152 0.38248628 3.6165761e-07 50.282757 -0.38248622 -0.92396164 6.221705e-06 -3.8146973e-06 2.7138742e-06 5.6102872e-06 1 1.9073486e-06 0 0 0 1 -0.92819059 0.37210637 3.7493828e-07 50.282745 -0.37210637 -0.92819059 6.2829358e-06 3.8146973e-06 2.6859345e-06 5.6922445e-06 1 4.7683716e-06 0 0 0 1 -0.90800905 0.4189513 4.0661524e-07 50.282745 -0.4189513 -0.90800905 6.1611458e-06 -3.8146973e-06 2.9504301e-06 5.4240227e-06 1.0000001 6.6757202e-06 0 0 0 1 -0.89313233 0.4497942 4.9509396e-07 50.282745 -0.44979408 -0.89313257 6.2472895e-06 -3.8146973e-06 3.2521784e-06 5.356967e-06 0.99999994 3.8146973e-06 0 0 0 1 -0.77938926 0.6265403 5.5633677e-07 50.282745 -0.62654018 -0.77938932 6.3358907e-06 3.8146973e-06 4.4032927e-06 4.5895581e-06 1 3.8146973e-06 0 0 0 1 -0.64476591 0.76438028 7.8280345e-07 50.282738 -0.76438028 -0.64476591 6.4746573e-06 3.8146973e-06 5.453825e-06 3.5762791e-06 1 3.8146973e-06 0 0 0 1 -0.48691738 0.87344813 8.6504474e-07 50.282745 -0.87344801 -0.48691744 6.6318526e-06 7.6293945e-06 6.2137842e-06 2.473593e-06 1 3.8146973e-06 0 0 0 1 -0.31913432 0.94770968 9.1358106e-07 50.282738 -0.94770992 -0.31913424 6.7285505e-06 0 6.6682678e-06 1.2815003e-06 1 3.8146973e-06 0 0 0 1 -0.1679161 0.98580146 9.7535792e-07 50.282745 -0.98580158 -0.16791607 6.9685116e-06 3.8146973e-06 7.0333485e-06 2.0861606e-07 0.99999994 3.8146973e-06 0 0 0 1 -0.16325296 0.98658448 9.5233963e-07 50.282749 -0.98658437 -0.16325299 6.8505715e-06 3.8146973e-06 6.9141392e-06 1.7881307e-07 1 0 0 0 0 1 -0.14407146 0.9895674 9.9025181e-07 50.282749 -0.98956746 -0.14407144 7.0084998e-06 0 7.0780502e-06 2.9802546e-08 0.99999988 3.8146973e-06 0 0 0 1 -0.08102157 0.99671257 9.0384356e-07 50.282745 -0.99671268 -0.081021555 7.0727765e-06 -3.8146973e-06 7.1227564e-06 -3.2782489e-07 1 7.6293945e-06 0 0 0 1 -0.0029618747 0.99999571 9.7467876e-07 50.282753 -0.99999583 -0.0029618745 7.0900965e-06 3.8146973e-06 7.0929532e-06 -9.5367398e-07 1.0000001 7.6293945e-06 0 0 0 1 -0.13363841 0.99103051 9.5585574e-07 50.282753 -0.9910304 -0.13363843 7.0883989e-06 -3.8146973e-06 7.1525578e-06 0 1 3.8146973e-06 0 0 0 1 -0.2500847 0.96822447 7.97339e-07 50.282757 -0.96822423 -0.25008476 6.781202e-06 -3.8146973e-06 6.7651267e-06 9.2387199e-07 1 3.8146973e-06 0 0 0 1 -0.34017852 0.9403612 9.2812797e-07 50.282753 -0.94036108 -0.34017858 6.8584282e-06 0 6.7651276e-06 1.4603146e-06 1 0 0 0 0 1 </float_array>
        <technique_common>
          <accessor count="21" offset="0" source="#B_L_Calf_matrix-output-array" stride="16">
            <param name="TRANSFORM" type="float4x4" />
          </accessor>
        </technique_common>
      </source>
      <source id="B_L_Calf_matrix-interpolation">
        <Name_array id="B_L_Calf_matrix-interpolation-array" count="21"> LINEAR LINEAR LINEAR LINEAR LINEAR LINEAR LINEAR LINEAR LINEAR LINEAR LINEAR LINEAR LINEAR LINEAR LINEAR LINEAR LINEAR LINEAR LINEAR LINEAR LINEAR </Name_array>
        <technique_common>
          <accessor source="#B_L_Calf_matrix-interpolation-array" count="21" stride="1">
            <param name="INTERPOLATION" type="name"></param>
          </accessor>
        </technique_common>
      </source>
      <source id="B_L_Clavicle_matrix-input" name="B_L_Clavicle_matrix-input">
        <float_array id="B_L_Clavicle_matrix-input-array" count="21"> 0 1 2 3 4 5 6 7 8 9 10 11 12 13 14 15 16 17 18 19 20 </float_array>
        <technique_common>
          <accessor count="21" offset="0" source="#B_L_Clavicle_matrix-input-array" stride="1">
            <param name="TIME" type="float" />
          </accessor>
        </technique_common>
      </source>
      <source id="B_L_Clavicle_matrix-output" name="B_L_Clavicle_matrix-output">
        <float_array id="B_L_Clavicle_matrix-output-array" count="336"> -0.017590642 -0.00078421825 0.99984509 17.736855 -0.17375694 -0.98478109 -0.0038293754 0.073140383 0.98463148 -0.17379734 0.017186644 5.0180163 0 0 0 1 0.063549757 -0.00079444621 0.99797839 17.736855 -0.061040699 -0.99813068 0.0030924138 0.073141098 0.99611014 -0.061113827 -0.063479424 5.0180168 0 0 0 1 0.18352564 -0.00079150137 0.98301476 17.736855 0.10584474 -0.99417019 -0.020561354 0.073143005 0.97730011 0.10782045 -0.18237187 5.0180168 0 0 0 1 0.30674845 -0.000763744 0.95179009 17.736847 0.26821887 -0.95940197 -0.08721295 0.073139191 0.91321629 0.28204057 -0.29409009 5.018013 0 0 0 1 0.40704411 -0.00072138011 0.91340804 17.736847 0.38563168 -0.90637159 -0.17256559 0.073143005 0.82801187 0.42248088 -0.36865488 5.0180206 0 0 0 1 0.40704396 -0.00072179741 0.91340822 17.736853 0.38563153 -0.90637171 -0.17256601 0.073139191 0.82801169 0.42248109 -0.3686547 5.018013 0 0 0 1 0.38174373 -0.00073444832 0.92426783 17.736855 0.35768721 -0.92196405 -0.14846562 0.073139191 0.8522507 0.38727462 -0.35169134 5.018013 0 0 0 1 0.3557457 -0.00074546039 0.93458247 17.736855 0.32771757 -0.93640447 -0.12549151 0.073143005 0.8752408 0.35092217 -0.33287752 5.018013 0 0 0 1 0.32910249 -0.00075626385 0.94429392 17.736855 0.29581627 -0.94958234 -0.10385748 0.073141098 0.89676338 0.31351724 -0.31228614 5.0180187 0 0 0 1 0.30187008 -0.00076563645 0.95334876 17.736847 0.26210359 -0.96139741 -0.083765082 0.073143005 0.91661108 0.27516231 -0.29001653 5.0180225 0 0 0 1 0.27410892 -0.00077350426 0.96169811 17.736847 0.22672467 -0.97176033 -0.06540399 0.073143005 0.93459094 0.23596855 -0.26619285 5.0180187 0 0 0 1 0.24588165 -0.0007809177 0.96929955 17.736855 0.18984732 -0.98059285 -0.048948467 0.073139191 0.95052648 0.19605443 -0.24096155 5.0180168 0 0 0 1 0.21725456 -0.00078617036 0.97611451 17.736855 0.15166028 -0.98782873 -0.034550741 0.073143005 0.96426117 0.15554413 -0.21449108 5.0180092 0 0 0 1 0.18829612 -0.00079055876 0.98211205 17.736855 0.11237106 -0.99341512 -0.022344086 0.073143005 0.97566253 0.11456828 -0.18696749 5.0180168 0 0 0 1 0.15907753 -0.0007941277 0.98726583 17.736839 0.072202295 -0.99731266 -0.012436124 0.07314682 0.98462236 0.073261172 -0.15859282 5.0180206 0 0 0 1 0.12967013 -0.00079611887 0.99155688 17.736855 0.031388756 -0.99949551 -0.0049073366 0.073139191 0.99106026 0.031760082 -0.12957989 5.0180206 0 0 0 1 0.10014816 -0.00079696672 0.99497217 17.736855 -0.0098264879 -0.9999516 0.00018812157 0.073143005 0.99492413 -0.0097959209 -0.10015106 5.0180206 0 0 0 1 0.070586018 -0.00079516874 0.99750543 17.736847 -0.051195327 -0.9986847 0.0028266069 0.073139191 0.99619108 -0.051267128 -0.070533991 5.0180168 0 0 0 1 0.041059259 -0.00079264503 0.99915648 17.736855 -0.092469417 -0.99571121 0.0030100271 0.073139191 0.99486876 -0.092514999 -0.040956497 5.0180168 0 0 0 1 0.011641919 -0.00078920275 0.99993205 17.736855 -0.1334029 -0.99106181 0.00077098608 0.073140144 0.99099356 -0.13340279 -0.01164341 5.0180159 0 0 0 1 -0.017590642 -0.00078421825 0.99984509 17.736855 -0.17375694 -0.98478109 -0.0038293754 0.073140383 0.98463148 -0.17379734 0.017186644 5.0180159 0 0 0 1 </float_array>
        <technique_common>
          <accessor count="21" offset="0" source="#B_L_Clavicle_matrix-output-array" stride="16">
            <param name="TRANSFORM" type="float4x4" />
          </accessor>
        </technique_common>
      </source>
      <source id="B_L_Clavicle_matrix-interpolation">
        <Name_array id="B_L_Clavicle_matrix-interpolation-array" count="21"> LINEAR LINEAR LINEAR LINEAR LINEAR LINEAR LINEAR LINEAR LINEAR LINEAR LINEAR LINEAR LINEAR LINEAR LINEAR LINEAR LINEAR LINEAR LINEAR LINEAR LINEAR </Name_array>
        <technique_common>
          <accessor source="#B_L_Clavicle_matrix-interpolation-array" count="21" stride="1">
            <param name="INTERPOLATION" type="name"></param>
          </accessor>
        </technique_common>
      </source>
      <source id="B_L_Finger0_matrix-input" name="B_L_Finger0_matrix-input">
        <float_array id="B_L_Finger0_matrix-input-array" count="21"> 0 1 2 3 4 5 6 7 8 9 10 11 12 13 14 15 16 17 18 19 20 </float_array>
        <technique_common>
          <accessor count="21" offset="0" source="#B_L_Finger0_matrix-input-array" stride="1">
            <param name="TIME" type="float" />
          </accessor>
        </technique_common>
      </source>
      <source id="B_L_Finger0_matrix-output" name="B_L_Finger0_matrix-output">
        <float_array id="B_L_Finger0_matrix-output-array" count="336"> 0.80900669 0.13246359 0.57267964 1.4603271 0.15583245 0.89108157 -0.42625138 1.9355392 -0.56676686 0.43408215 0.70024884 -2.4376602 0 0 0 1 0.80900669 0.13246375 0.57267976 1.4603262 0.15583248 0.89108157 -0.42625165 1.9355392 -0.56676686 0.43408233 0.70024884 -2.4376526 0 0 0 1 0.80900645 0.13246372 0.57267958 1.4603233 0.15583242 0.89108115 -0.42625153 1.9355469 -0.56676674 0.43408215 0.70024866 -2.4376564 0 0 0 1 0.80900645 0.13246383 0.57267946 1.4603233 0.15583231 0.89108133 -0.42625159 1.9355392 -0.56676674 0.43408227 0.70024854 -2.4376564 0 0 0 1 0.80900663 0.1324639 0.57267964 1.4603271 0.15583235 0.89108127 -0.42625168 1.9355469 -0.56676698 0.43408224 0.70024872 -2.4376526 0 0 0 1 0.80900663 0.13246369 0.57267958 1.4603291 0.15583253 0.89108127 -0.42625147 1.9355469 -0.56676692 0.43408224 0.70024854 -2.4376602 0 0 0 1 0.80900651 0.13246369 0.57267952 1.4603271 0.15583241 0.89108127 -0.42625144 1.9355507 -0.56676674 0.43408212 0.7002486 -2.4376526 0 0 0 1 0.80900651 0.13246363 0.57267958 1.4603195 0.15583244 0.89108133 -0.42625144 1.9355469 -0.56676674 0.43408218 0.70024878 -2.4376545 0 0 0 1 0.80900651 0.13246365 0.57267946 1.460331 0.15583242 0.89108127 -0.42625135 1.9355469 -0.56676674 0.43408215 0.7002486 -2.4376526 0 0 0 1 0.80900657 0.13246359 0.57267964 1.4603271 0.15583244 0.89108157 -0.42625138 1.9355469 -0.5667668 0.43408215 0.70024884 -2.4376564 0 0 0 1 0.80900657 0.13246347 0.57267964 1.4603252 0.15583262 0.89108127 -0.42625129 1.9355469 -0.5667668 0.43408215 0.70024866 -2.4376507 0 0 0 1 0.80900645 0.13246371 0.57267964 1.4603291 0.15583242 0.89108151 -0.4262515 1.9355469 -0.56676674 0.43408221 0.70024878 -2.4376488 0 0 0 1 0.80900657 0.13246384 0.57267952 1.4603233 0.15583241 0.89108133 -0.42625165 1.9355469 -0.56676686 0.4340823 0.70024866 -2.4376526 0 0 0 1 0.80900657 0.1324636 0.57267952 1.4603271 0.15583251 0.89108121 -0.42625147 1.9355392 -0.5667668 0.43408221 0.7002486 -2.4376526 0 0 0 1 0.80900657 0.13246369 0.57267952 1.4603262 0.15583242 0.89108127 -0.42625144 1.9355469 -0.5667668 0.43408212 0.7002486 -2.4376526 0 0 0 1 0.80900651 0.13246365 0.57267946 1.4603252 0.15583242 0.89108127 -0.42625135 1.9355469 -0.56676674 0.43408215 0.7002486 -2.4376526 0 0 0 1 0.80900669 0.13246368 0.57267958 1.4603271 0.15583245 0.89108133 -0.42625147 1.9355545 -0.56676686 0.43408215 0.70024872 -2.4376526 0 0 0 1 0.80900681 0.1324636 0.57267946 1.4603271 0.15583247 0.89108121 -0.4262515 1.9355469 -0.56676674 0.43408221 0.70024878 -2.4376564 0 0 0 1 0.80900657 0.13246372 0.57267958 1.4603233 0.15583242 0.89108151 -0.42625147 1.9355392 -0.5667668 0.43408224 0.70024872 -2.4376526 0 0 0 1 0.80900663 0.13246362 0.57267982 1.4603233 0.15583251 0.89108133 -0.4262515 1.9355469 -0.56676692 0.43408212 0.7002489 -2.4376564 0 0 0 1 0.80900669 0.13246359 0.57267964 1.4603271 0.15583245 0.89108157 -0.42625138 1.9355392 -0.56676686 0.43408215 0.70024884 -2.4376602 0 0 0 1 </float_array>
        <technique_common>
          <accessor count="21" offset="0" source="#B_L_Finger0_matrix-output-array" stride="16">
            <param name="TRANSFORM" type="float4x4" />
          </accessor>
        </technique_common>
      </source>
      <source id="B_L_Finger0_matrix-interpolation">
        <Name_array id="B_L_Finger0_matrix-interpolation-array" count="21"> LINEAR LINEAR LINEAR LINEAR LINEAR LINEAR LINEAR LINEAR LINEAR LINEAR LINEAR LINEAR LINEAR LINEAR LINEAR LINEAR LINEAR LINEAR LINEAR LINEAR LINEAR </Name_array>
        <technique_common>
          <accessor source="#B_L_Finger0_matrix-interpolation-array" count="21" stride="1">
            <param name="INTERPOLATION" type="name"></param>
          </accessor>
        </technique_common>
      </source>
      <source id="B_L_Finger01_matrix-input" name="B_L_Finger01_matrix-input">
        <float_array id="B_L_Finger01_matrix-input-array" count="21"> 0 1 2 3 4 5 6 7 8 9 10 11 12 13 14 15 16 17 18 19 20 </float_array>
        <technique_common>
          <accessor count="21" offset="0" source="#B_L_Finger01_matrix-input-array" stride="1">
            <param name="TIME" type="float" />
          </accessor>
        </technique_common>
      </source>
      <source id="B_L_Finger01_matrix-output" name="B_L_Finger01_matrix-output">
