<?xml version="1.0" encoding="UTF-8" standalone="no" ?>
<COLLADA xmlns="http://www.collada.org/2005/11/COLLADASchema" version="1.4.1">
  <asset>
    <contributor>
      <author>Assimp</author>
      <authoring_tool>FBX SDK/FBX Plugins version 2013.1</authoring_tool>
    </contributor>
    <created>2020-08-21T10:30:53</created>
    <modified>2020-08-21T10:30:53</modified>
    <unit name="meter" meter="1" />
    <up_axis>Y_UP</up_axis>
  </asset>
  <library_geometries>
  </library_geometries>
  <library_controllers>
  </library_controllers>
  <library_visual_scenes>
    <visual_scene id="RootNode" name="RootNode">
      <node id="Motion_aAssimpFbxa_Translation"  name="Motion_$AssimpFbx$_Translation" type="NODE">
        <matrix sid="matrix">1 0 0 9.92585e-07 0 1 0 0 0 0 1 -0.17328988 0 0 0 1</matrix>
        <node id="Motion_aAssimpFbxa_PreRotation"  name="Motion_$AssimpFbx$_PreRotation" type="NODE">
          <matrix sid="matrix">1 0 0 0 0 -4.3711388e-08 1 0 0 -1 -4.3711388e-08 0 0 0 0 1</matrix>
          <node id="Motion_aAssimpFbxa_Rotation"  name="Motion_$AssimpFbx$_Rotation" type="NODE">
            <matrix sid="matrix">1.3868001e-06 1 0 0 -1 1.3868001e-06 0 0 0 0 1 0 0 0 0 1</matrix>
            <node id="Motion_aAssimpFbxa_Scaling"  name="Motion_$AssimpFbx$_Scaling" type="NODE">
              <matrix sid="matrix">1 0 0 0 0 1 0 0 0 0 1 0 0 0 0 1</matrix>
              <node id="Motion"  name="Motion" type="NODE">
                <matrix sid="matrix">1 0 0 0 0 1 0 0 0 0 1 0 0 0 0 1</matrix>
                <node id="B_Pelvis"  name="B_Pelvis" type="NODE">
                  <matrix sid="matrix">-4.3711388e-08 0.60876256 0.79335248 0.17329331 0 -0.79335248 0.60876256 2.6999989 1 2.6609857e-08 3.4678539e-08 98.622734 0 0 0 1</matrix>
                  <node id="B_Spine"  name="B_Spine" type="NODE">
                    <matrix sid="matrix">0.99823147 0.047404036 -0.035873137 7.6762924 -0.037805337 0.97190607 0.23231289 -1.6268327 0.045877893 -0.23054582 0.97197938 0.0023477077 0 0 0 1</matrix>
                    <node id="B_Spine1"  name="B_Spine1" type="NODE">
                      <matrix sid="matrix">0.99970514 -0.024198748 0.0019994131 12.747765 0.024175987 0.99965024 0.010716197 -0.014276028 -0.0022580323 -0.0106647 0.99994057 0.00015211105 0 0 0 1</matrix>
                      <node id="B_Spine2"  name="B_Spine2" type="NODE">
                        <matrix sid="matrix">0.9988209 -0.048403621 0.0037315544 17.935463 0.048312031 0.99859816 0.02162575 -0.026443243 -0.0047730878 -0.021419972 0.9997592 0.00054764748 0 0 0 1</matrix>
                        <node id="B_L_Clavicle"  name="B_L_Clavicle" type="NODE">
                          <matrix sid="matrix">-0.017590661 -0.00078421831 0.99984497 17.736847 -0.17375694 -0.98478115 -0.0038293824 0.073141098 0.98463148 -0.17379735 0.017186686 5.0180159 0 0 0 1</matrix>
                          <node id="B_L_UpperArm"  name="B_L_UpperArm" type="NODE">
                            <matrix sid="matrix">0.67658818 0.40229207 0.61675727 17.464663 -0.50647581 0.86222744 -0.0067963898 3.8146973e-06 -0.53451914 -0.30777425 0.7871241 0 0 0 0 1</matrix>
                            <node id="B_L_Forearm"  name="B_L_Forearm" type="NODE">
                              <matrix sid="matrix">-0.13640097 0.98478979 0.10762786 27.628185 -0.99065369 -0.13559353 -0.014819467 -3.8146973e-06 -4.1723257e-07 -0.10864334 0.99408078 0 0 0 0 1</matrix>
                              <node id="B_L_ForeArmTwist"  name="B_L_ForeArmTwist" type="NODE">
                                <matrix sid="matrix">1 9.1630078e-08 -2.8978337e-07 11.992634 -5.9604616e-08 0.99408078 0.10864351 -7.6293945e-06 2.9802308e-07 -0.10864351 0.99408078 1.5258789e-05 0 0 0 1</matrix>
                                <node id="B_L_Hand"  name="B_L_Hand" type="NODE">
                                  <matrix sid="matrix">0.96626526 -0.095602117 0.23914784 11.992645 -0.24727409 -0.084708601 0.96523571 0 -0.072020702 -0.99180877 -0.10549091 0 0 0 0 1</matrix>
                                  <node id="B_L_Finger0"  name="B_L_Finger0" type="NODE">
                                    <matrix sid="matrix">0.80900645 0.13246357 0.57267964 1.4603271 0.15583259 0.89108145 -0.42625123 1.9355469 -0.56676692 0.43408215 0.70024848 -2.437645 0 0 0 1</matrix>
                                    <node id="B_L_Finger01"  name="B_L_Finger01" type="NODE">
                                      <matrix sid="matrix">0.80299312 -0.59598833 -1.874772e-07 3.7140121 0.59598833 0.80299312 -1.8526514e-08 -7.6293945e-06 1.6158448e-07 -9.6857555e-08 1 -2.2888184e-05 0 0 0 1</matrix>
                                      <node id="B_L_Finger02"  name="B_L_Finger02" type="NODE">
                                        <matrix sid="matrix">0.55218464 -0.83372188 -2.9888046e-08 5.5299301 0.83372188 0.55218464 -2.4887409e-08 3.0517578e-05 3.7252896e-08 -1.1175871e-08 1 2.2888184e-05 0 0 0 1</matrix>
                                      </node>
                                    </node>
                                  </node>
                                  <node id="B_L_Finger1"  name="B_L_Finger1" type="NODE">
                                    <matrix sid="matrix">0.27254894 -0.95552635 0.11263394 11.625465 0.92804092 0.23019086 -0.29283473 3.1205368 0.25388402 0.18434072 0.94950587 -3.0983505 0 0 0 1</matrix>
                                    <node id="B_L_Finger11"  name="B_L_Finger11" type="NODE">
                                      <matrix sid="matrix">-0.25881925 -0.96592575 1.3236406e-07 4.4568329 0.96592575 -0.25881925 8.1747331e-08 0 -4.4703484e-08 1.4901164e-07 1 1.9073486e-05 0 0 0 1</matrix>
                                      <node id="B_L_Finger12"  name="B_L_Finger12" type="NODE">
                                        <matrix sid="matrix">0.57357574 -0.81915253 2.5694683e-07 3.3311691 0.81915253 0.57357574 -1.5262938e-07 -1.5258789e-05 -2.2351736e-08 2.9802317e-07 1 -2.2888184e-05 0 0 0 1</matrix>
                                      </node>
                                    </node>
                                  </node>
                                  <node id="B_L_Finger2"  name="B_L_Finger2" type="NODE">
                                    <matrix sid="matrix">0.25808468 -0.96503466 0.045829307 11.814079 0.96096504 0.25152317 -0.11524846 2.4380951 0.099691622 0.073784217 0.99227887 0.83572006 0 0 0 1</matrix>
                                    <node id="B_L_Finger21"  name="B_L_Finger21" type="NODE">
                                      <matrix sid="matrix">-0.62068564 -0.78405952 3.6364187e-07 5.1996307 0.78405952 -0.62068564 1.1682389e-07 1.5258789e-05 1.3411041e-07 3.5762778e-07 1 7.6293945e-06 0 0 0 1</matrix>
                                      <node id="B_L_Finger22"  name="B_L_Finger22" type="NODE">
                                        <matrix sid="matrix">0.44828629 -0.89389002 -2.6560063e-08 5.1996288 0.89389002 0.44828629 7.9999957e-08 1.5258789e-05 -5.9604652e-08 -5.9604659e-08 1 0 0 0 0 1</matrix>
                                      </node>
                                    </node>
                                  </node>
                                  <node id="B_L_Finger3"  name="B_L_Finger3" type="NODE">
                                    <matrix sid="matrix">0.1384702 -0.99036652 0.00029718305 11.814064 0.99036658 0.13847022 5.9347898e-05 1.9342422 -9.992718e-05 0.00028610224 0.99999994 4.6002426 0 0 0 1</matrix>
                                    <node id="B_L_Finger31"  name="B_L_Finger31" type="NODE">
                                      <matrix sid="matrix">-0.058766864 -0.99827176 -1.0044769e-06 4.4567871 0.99827176 -0.058766864 -1.1935809e-06 7.6293945e-06 1.1324881e-06 -1.0728838e-06 1 -1.1444092e-05 0 0 0 1</matrix>
                                      <node id="B_L_Finger32"  name="B_L_Finger32" type="NODE">
                                        <matrix sid="matrix">-0.058766626 -0.99827176 -1.9092395e-06 4.4567719 0.99827176 -0.058766626 -1.5453813e-06 -2.2888184e-05 1.4305109e-06 -1.9967567e-06 1 1.5258789e-05 0 0 0 1</matrix>
                                      </node>
                                    </node>
                                  </node>
                                  <node id="B_L_Finger4"  name="B_L_Finger4" type="NODE">
                                    <matrix sid="matrix">0.14714384 -0.98122936 -0.12464993 11.857208 0.9836868 0.15835436 -0.085346967 4.0528793 0.10348382 -0.11005821 0.98852324 6.5145187 0 0 0 1</matrix>
                                    <node id="B_L_Finger41"  name="B_L_Finger41" type="NODE">
                                      <matrix sid="matrix">-0.18123157 -0.98344046 -2.051373e-06 3.3276596 0.98344046 -0.18123157 -3.8327066e-06 1.5258789e-05 3.397465e-06 -2.7120107e-06 1 1.5258789e-05 0 0 0 1</matrix>
                                      <node id="B_L_Finger42"  name="B_L_Finger42" type="NODE">
                                        <matrix sid="matrix">0.0019772795 -0.99999803 -2.3011378e-06 3.327652 0.99999803 0.0019772795 -3.2141074e-06 -1.5258789e-05 3.2186513e-06 -2.2947781e-06 1 -2.6702881e-05 0 0 0 1</matrix>
                                      </node>
                                    </node>
                                  </node>
                                </node>
                              </node>
                            </node>
                          </node>
                        </node>
                        <node id="B_R_Clavicle"  name="B_R_Clavicle" type="NODE">
                          <matrix sid="matrix">-0.10452852 -0.00079658057 -0.9945215 17.736847 0.00023397958 -0.99999964 0.00077637588 0.074662209 -0.99452186 -0.00015154431 0.10452867 -5.0179634 0 0 0 1</matrix>
                          <node id="B_R_UpperArm"  name="B_R_UpperArm" type="NODE">
                            <matrix sid="matrix">0.65678823 0.18435097 -0.73119342 17.464649 -0.58112288 0.74166942 -0.3349964 1.0490417e-05 0.48054695 0.64493495 0.59425038 1.5258789e-05 0 0 0 1</matrix>
                            <node id="B_R_Forearm"  name="B_R_Forearm" type="NODE">
                              <matrix sid="matrix">0.1257856 0.99193633 -0.015499573 27.628189 -0.99205744 0.12577026 -0.0019651421 -7.6293945e-06 8.9406974e-08 0.015623654 0.99987793 -7.6293945e-06 0 0 0 1</matrix>
                              <node id="B_R_ForeArmTwist"  name="B_R_ForeArmTwist" type="NODE">
                                <matrix sid="matrix">1 2.9333059e-08 -3.026431e-08 11.992645 -2.9802322e-08 0.99987793 -0.015623779 -7.6293945e-06 2.9802322e-08 0.015623779 0.99987793 0 0 0 0 1</matrix>
                                <node id="B_R_Hand"  name="B_R_Hand" type="NODE">
                                  <matrix sid="matrix">0.86458033 -0.066815875 -0.49803263 11.992653 -0.49769527 0.022792328 -0.86705244 0 0.069284193 0.99750501 -0.013548149 -1.5258789e-05 0 0 0 1</matrix>
                                  <node id="B_R_Finger0"  name="B_R_Finger0" type="NODE">
                                    <matrix sid="matrix">0.80900657 0.13246366 -0.57267946 1.4603119 0.15583251 0.89108133 0.42625138 1.9355469 0.5667668 -0.43408227 0.70024854 2.4376602 0 0 0 1</matrix>
                                    <node id="B_R_Finger01"  name="B_R_Finger01" type="NODE">
                                      <matrix sid="matrix">0.80299306 -0.59598833 -3.5205088e-07 3.714035 0.59598833 0.80299306 -7.5724969e-08 -1.5258789e-05 3.2782563e-07 -1.4901161e-07 1 -7.6293945e-06 0 0 0 1</matrix>
                                      <node id="B_R_Finger02"  name="B_R_Finger02" type="NODE">
                                        <matrix sid="matrix">0.55218476 -0.83372176 1.4101504e-07 5.5299339 0.83372176 0.55218476 -1.6488832e-07 0 5.960462e-08 2.0861613e-07 1 2.2888184e-05 0 0 0 1</matrix>
                                      </node>
                                    </node>
                                  </node>
                                  <node id="B_R_Finger1"  name="B_R_Finger1" type="NODE">
                                    <matrix sid="matrix">0.27254859 -0.95552653 -0.11263388 11.625465 0.92804098 0.23019052 0.29283488 3.1205521 -0.25388423 -0.18434058 0.94950587 3.0983467 0 0 0 1</matrix>
                                    <node id="B_R_Finger11"  name="B_R_Finger11" type="NODE">
                                      <matrix sid="matrix">-0.25881937 -0.96592575 -8.3663394e-08 4.4568214 0.96592575 -0.25881937 -9.6177054e-08 1.5258789e-05 7.1246184e-08 -1.0570511e-07 1 7.6293945e-06 0 0 0 1</matrix>
                                      <node id="B_R_Finger12"  name="B_R_Finger12" type="NODE">
                                        <matrix sid="matrix">0.57357591 -0.81915241 2.6316815e-07 3.331131 0.81915241 0.57357591 9.3317574e-08 7.6293945e-06 -2.2738823e-07 1.620501e-07 1 -1.1444092e-05 0 0 0 1</matrix>
                                      </node>
                                    </node>
                                  </node>
                                  <node id="B_R_Finger2"  name="B_R_Finger2" type="NODE">
                                    <matrix sid="matrix">0.25808468 -0.96503472 -0.045829281 11.814049 0.9609651 0.25152323 0.11524831 2.438118 -0.09969148 -0.073784165 0.99227899 -0.83571625 0 0 0 1</matrix>
                                    <node id="B_R_Finger21"  name="B_R_Finger21" type="NODE">
                                      <matrix sid="matrix">-0.62068564 -0.78405952 -9.5657185e-08 5.199604 0.78405952 -0.62068564 -4.7217451e-08 0 -2.2351747e-08 -1.0430812e-07 1 -3.4332275e-05 0 0 0 1</matrix>
                                      <node id="B_R_Finger22"  name="B_R_Finger22" type="NODE">
                                        <matrix sid="matrix">0.44828629 -0.89389002 9.9800062e-09 5.1996002 0.89389002 0.44828629 -1.3339987e-08 1.5258789e-05 7.4505815e-09 1.4901161e-08 1 2.0980835e-05 0 0 0 1</matrix>
                                      </node>
                                    </node>
                                  </node>
                                  <node id="B_R_Finger3"  name="B_R_Finger3" type="NODE">
                                    <matrix sid="matrix">0.1384702 -0.99036652 -0.00029821307 11.814064 0.99036658 0.13847022 -5.9504808e-05 1.9342728 0.00010022521 -0.00028710064 0.99999994 -4.6002541 0 0 0 1</matrix>
                                    <node id="B_R_Finger31"  name="B_R_Finger31" type="NODE">
                                      <matrix sid="matrix">-0.058766745 -0.99827176 7.0055419e-09 4.4567947 0.99827176 -0.058766745 -1.1900327e-07 -1.5258789e-05 1.1920929e-07 0 1 -3.8146973e-06 0 0 0 1</matrix>
                                      <node id="B_R_Finger32"  name="B_R_Finger32" type="NODE">
                                        <matrix sid="matrix">-0.058766864 -0.99827176 6.3352394e-07 4.4568329 0.99827176 -0.058766864 -1.1197493e-07 1.5258789e-05 1.4901161e-07 6.258486e-07 1 -7.6293945e-06 0 0 0 1</matrix>
                                      </node>
                                    </node>
                                  </node>
                                  <node id="B_R_Finger4"  name="B_R_Finger4" type="NODE">
                                    <matrix sid="matrix">0.14714384 -0.98122966 0.12464789 11.857231 0.98368686 0.15835416 0.085347071 4.0529175 -0.10348359 0.11005619 0.98852354 -6.5145645 0 0 0 1</matrix>
                                    <node id="B_R_Finger41"  name="B_R_Finger41" type="NODE">
                                      <matrix sid="matrix">-0.18123135 -0.98344052 2.139771e-07 3.3276749 0.98344052 -0.18123135 8.1218809e-07 3.0517578e-05 -7.5995928e-07 3.5762767e-07 1 3.4332275e-05 0 0 0 1</matrix>
                                      <node id="B_R_Finger42"  name="B_R_Finger42" type="NODE">
                                        <matrix sid="matrix">0.0019769219 -0.99999803 3.2900309e-07 3.327713 0.99999803 0.0019769219 5.953973e-07 3.0517578e-05 -5.9604656e-07 3.278254e-07 1 -1.5258789e-05 0 0 0 1</matrix>
                                      </node>
                                    </node>
                                  </node>
                                </node>
                              </node>
                            </node>
                          </node>
                        </node>
                        <node id="B_Neck"  name="B_Neck" type="NODE">
                          <matrix sid="matrix">0.9745459 -0.20556869 -0.089452878 27.039749 0.2092856 0.97725385 0.034271002 1.128233 0.080373123 -0.052119866 0.99540126 0.00061297417 0 0 0 1</matrix>
                          <node id="B_Head"  name="B_Head" type="NODE">
                            <matrix sid="matrix">0.98408651 0.17358997 -0.037950266 10.019287 -0.16961543 0.85404325 -0.49177301 1.4083138 -0.052955694 0.49038413 0.86989599 1.9073486e-06 0 0 0 1</matrix>
                          </node>
                        </node>
                      </node>
                    </node>
                  </node>
                  <node id="B_L_Thigh"  name="B_L_Thigh" type="NODE">
                    <matrix sid="matrix">-0.88179511 0.28008237 -0.37946177 0 0.35161725 0.92662746 -0.13314213 1.7642975e-05 0.31432894 -0.2508294 -0.91557735 11.161455 0 0 0 1</matrix>
                    <node id="B_L_Calf"  name="B_L_Calf" type="NODE">
                      <matrix sid="matrix">0.87463635 0.4847796 4.6980176e-07 50.282753 -0.4847796 0.87463635 7.9173533e-06 -3.8146973e-06 3.4272659e-06 -7.1525556e-06 1 0 0 0 0 1</matrix>
                      <node id="B_L_Foot"  name="B_L_Foot" type="NODE">
                        <matrix sid="matrix">0.90702951 -0.23339254 -0.35046443 39.728127 0.18250482 0.96799028 -0.17229834 -2.8610229e-06 0.37945935 0.092318222 0.92059106 3.8146973e-06 0 0 0 1</matrix>
                        <node id="B_L_Toe0"  name="B_L_Toe0" type="NODE">
                          <matrix sid="matrix">-4.3711388e-08 -1 -5.6532912e-08 18.214443 1 -4.3711388e-08 -2.471132e-15 14.545952 0 -5.6532912e-08 1 0.020648956 0 0 0 1</matrix>
                        </node>
                      </node>
                    </node>
                  </node>
                  <node id="B_R_Thigh"  name="B_R_Thigh" type="NODE">
                    <matrix sid="matrix">-0.87342489 0.42952511 0.22942787 0 0.18168975 0.72456974 -0.66482139 -1.2397766e-05 -0.45179397 -0.53898686 -0.71089756 -11.161448 0 0 0 1</matrix>
                    <node id="B_R_Calf"  name="B_R_Calf" type="NODE">
                      <matrix sid="matrix">0.69287789 0.72105491 -9.9842964e-08 50.282757 -0.72105491 0.69287789 -4.7457406e-06 3.8146973e-06 -3.3527606e-06 3.3602109e-06 1 0 0 0 0 1</matrix>
                      <node id="B_R_Foot"  name="B_R_Foot" type="NODE">
                        <matrix sid="matrix">0.91488808 -0.31722879 0.24969117 39.72813 0.33217919 0.94302422 -0.019032814 -9.5367432e-07 -0.22942707 0.10035511 0.96813846 1.9073486e-06 0 0 0 1</matrix>
                        <node id="B_R_Toe0"  name="B_R_Toe0" type="NODE">
                          <matrix sid="matrix">-1.6292068e-07 -1 6.501507e-07 18.214441 1 -1.6292094e-07 -4.0233124e-07 14.545952 4.0233135e-07 6.5015064e-07 1 -0.020648956 0 0 0 1</matrix>
                        </node>
                      </node>
                    </node>
                  </node>
                </node>
              </node>
            </node>
          </node>
        </node>
      </node>
      <node id="Exporter_aAssimpFbxa_PreRotation"  name="Exporter_$AssimpFbx$_PreRotation" type="NODE">
        <matrix sid="matrix">1 0 0 0 0 -4.3711388e-08 1 0 0 -1 -4.3711388e-08 0 0 0 0 1</matrix>
        <node id="Exporter"  name="Exporter" type="NODE">
          <matrix sid="matrix">1 0 0 0 0 1 0 0 0 0 1 0 0 0 0 1</matrix>
        </node>
      </node>
    </visual_scene>
  </library_visual_scenes>
  <library_animations>
    <animation id="TakeW001AnimId0" name="Take 001">
      <source id="B_Head_matrix-input" name="B_Head_matrix-input">
        <float_array id="B_Head_matrix-input-array" count="23"> 0 1 2 3 4 5 6 7 8 9 10 11 12 13 14 15 16 17 18 19 20 21 22 </float_array>
        <technique_common>
          <accessor count="23" offset="0" source="#B_Head_matrix-input-array" stride="1">
            <param name="TIME" type="float" />
          </accessor>
        </technique_common>
      </source>
      <source id="B_Head_matrix-output" name="B_Head_matrix-output">
        <float_array id="B_Head_matrix-output-array" count="368"> 0.98408645 0.17358996 -0.037950262 10.019287 -0.16961543 0.85404319 -0.49177307 1.4083138 -0.052955694 0.49038413 0.86989611 1.9073486e-06 0 0 0 1 0.9601714 0.26659769 -0.083644435 10.019318 -0.27529275 0.85142404 -0.44642004 1.4083099 -0.04779768 0.45166647 0.89090562 0 0 0 0 1 0.87334865 0.48069802 -0.078684807 10.019318 -0.47541979 0.80606264 -0.35247532 1.4083252 -0.10600931 0.34524211 0.93250728 0 0 0 0 1 0.78098774 0.62330586 0.039341025 10.019318 -0.59901333 0.7653985 -0.23526135 1.4083176 -0.17675136 0.16017041 0.97113562 0 0 0 0 1 0.75850189 0.62512702 0.18409507 10.019287 -0.64059877 0.76709771 0.034559067 1.4083099 -0.11961506 -0.14414424 0.98230064 -1.9073486e-06 0 0 0 1 0.78132129 0.55217594 0.29092723 10.019287 -0.62412429 0.68942648 0.36764106 1.4083099 0.0024296194 -0.46882051 0.88329011 -1.9073486e-06 0 0 0 1 0.83127087 0.48770347 0.26670939 10.019287 -0.55067462 0.6570909 0.51477063 1.4083176 0.075803086 -0.57478392 0.81478649 -3.8146973e-06 0 0 0 1 0.90854323 0.41056135 0.077387214 10.019287 -0.41681585 0.903386 0.1007897 1.4082947 -0.028530169 -0.123828 0.99189359 1.5258789e-05 0 0 0 1 0.98408639 0.17358992 -0.037950266 10.019302 -0.16961539 0.85404319 -0.49177307 1.4082947 -0.052955665 0.49038413 0.86989611 -1.5258789e-05 0 0 0 1 0.81708968 -0.51682884 -0.25544509 10.019302 0.28745008 0.74931097 -0.59657824 1.4082947 0.49973655 0.41403025 0.76081699 -3.0517578e-05 0 0 0 1 0.90376538 -0.40244535 -0.14575925 10.019318 0.24353962 0.76353091 -0.59808767 1.4082947 0.3519893 0.50503278 0.78806418 0 0 0 0 1 0.93353212 -0.32785982 -0.14500268 10.019302 0.18433706 0.78591079 -0.59022367 1.4083252 0.30746982 0.52426344 0.79410958 -1.5258789e-05 0 0 0 1 0.96502656 -0.2240231 -0.13615113 10.019302 0.1067818 0.81023312 -0.57629812 1.4083252 0.23941833 0.5416047 0.8058182 -1.5258789e-05 0 0 0 1 0.98738146 -0.105472 -0.11812521 10.019318 0.022226345 0.83084393 -0.55606151 1.4083557 0.15679254 0.54641932 0.82270402 -1.5258789e-05 0 0 0 1 0.99572653 0.010824407 -0.091714323 10.019318 -0.05817879 0.84478569 -0.53193289 1.4082947 0.071721077 0.53499556 0.84180516 0 0 0 0 1 0.99219286 0.10829962 -0.061841365 10.019318 -0.12468921 0.85191035 -0.50862694 1.4082947 -0.0024008097 0.51236707 0.85876316 0 0 0 0 1 0.98408639 0.17358994 -0.037950266 10.019287 -0.16961543 0.85404307 -0.49177301 1.4082642 -0.052955687 0.49038413 0.86989588 0 0 0 0 1 0.97842556 0.20498835 -0.025748532 10.019318 -0.19166334 0.85408872 -0.48352596 1.4082947 -0.077125669 0.47802928 0.87495106 1.5258789e-05 0 0 0 1 0.97665268 0.21367279 -0.022200083 10.019318 -0.19777881 0.85400975 -0.48119706 1.4083252 -0.083859608 0.47435313 0.87633133 0 0 0 0 1 0.97792745 0.2074746 -0.024740567 10.019287 -0.19341329 0.85407037 -0.48286137 1.4082642 -0.079051279 0.47698858 0.87534726 -1.5258789e-05 0 0 0 1 0.98058474 0.19375226 -0.030225934 10.019302 -0.18376295 0.85413152 -0.48650816 1.4082642 -0.068445161 0.48261678 0.87315291 0 0 0 0 1 0.98303878 0.17991564 -0.035568759 10.019333 -0.17405038 0.85409361 -0.49013305 1.4083557 -0.057803545 0.4880105 0.87092155 0 0 0 0 1 0.98408645 0.17358996 -0.037950262 10.019287 -0.16961543 0.85404319 -0.49177307 1.4083252 -0.052955694 0.49038413 0.86989611 0 0 0 0 1 </float_array>
        <technique_common>
          <accessor count="23" offset="0" source="#B_Head_matrix-output-array" stride="16">
            <param name="TRANSFORM" type="float4x4" />
          </accessor>
        </technique_common>
      </source>
      <source id="B_Head_matrix-interpolation">
        <Name_array id="B_Head_matrix-interpolation-array" count="23"> LINEAR LINEAR LINEAR LINEAR LINEAR LINEAR LINEAR LINEAR LINEAR LINEAR LINEAR LINEAR LINEAR LINEAR LINEAR LINEAR LINEAR LINEAR LINEAR LINEAR LINEAR LINEAR LINEAR </Name_array>
        <technique_common>
          <accessor source="#B_Head_matrix-interpolation-array" count="23" stride="1">
            <param name="INTERPOLATION" type="name"></param>
          </accessor>
        </technique_common>
      </source>
      <source id="B_L_Calf_matrix-input" name="B_L_Calf_matrix-input">
        <float_array id="B_L_Calf_matrix-input-array" count="23"> 0 1 2 3 4 5 6 7 8 9 10 11 12 13 14 15 16 17 18 19 20 21 22 </float_array>
        <technique_common>
          <accessor count="23" offset="0" source="#B_L_Calf_matrix-input-array" stride="1">
            <param name="TIME" type="float" />
          </accessor>
        </technique_common>
      </source>
      <source id="B_L_Calf_matrix-output" name="B_L_Calf_matrix-output">
        <float_array id="B_L_Calf_matrix-output-array" count="368"> 0.87463653 0.48477969 4.6980199e-07 50.282753 -0.48477969 0.87463653 7.9173551e-06 -3.8146973e-06 3.4272668e-06 -7.1525587e-06 1 0 0 0 0 1 0.72553617 0.6881842 6.1106624e-07 50.282745 -0.68818402 0.72553635 7.7896793e-06 0 4.9173832e-06 -6.0722223e-06 0.99999994 -3.8146973e-06 0 0 0 1 0.66168159 0.74978507 7.3551678e-07 50.282734 -0.74978507 0.66168159 7.7242021e-06 -3.8146973e-06 5.3048129e-06 -5.6624417e-06 1 3.8146973e-06 0 0 0 1 0.43086112 0.90241855 8.2702468e-07 50.282753 -0.90241843 0.43086115 7.5365101e-06 1.9073486e-06 6.4447522e-06 -3.9935117e-06 1 3.8146973e-06 0 0 0 1 0.40171313 0.91576576 8.3487771e-07 50.282745 -0.91576576 0.40171313 7.4444665e-06 0 6.482006e-06 -3.7550926e-06 1 1.9073486e-06 0 0 0 1 0.40305761 0.91517478 8.8279478e-07 50.282753 -0.9151749 0.40305758 7.4553204e-06 0 6.4671035e-06 -3.8128346e-06 1.0000001 3.8146973e-06 0 0 0 1 0.3529695 0.93563521 9.0186631e-07 50.282745 -0.93563509 0.35296953 7.4194495e-06 -1.5258789e-05 6.6235662e-06 -3.4626573e-06 1 0 0 0 0 1 0.29320008 0.95605123 9.401806e-07 50.28273 -0.95605135 0.29320005 7.302101e-06 0 6.705523e-06 -3.0398371e-06 1 0 0 0 0 1 0.26389316 0.9645524 8.5012925e-07 50.282715 -0.96455204 0.26389325 7.3390306e-06 0 6.8545341e-06 -2.7567148e-06 1 -1.9073486e-06 0 0 0 1 0.40201762 0.91563201 9.5619941e-07 50.282749 -0.91563183 0.40201771 7.3851807e-06 0 6.3776965e-06 -3.8444991e-06 1.0000001 0 0 0 0 1 0.0063418159 0.99998009 9.0848312e-07 50.282745 -0.99998009 0.0063418159 7.1286595e-06 3.0517578e-05 7.1227551e-06 -9.5367375e-07 1 7.6293945e-06 0 0 0 1 -0.19511306 0.98078114 9.9231374e-07 50.282745 -0.98078078 -0.19511314 6.9737639e-06 0 7.0333467e-06 3.8743033e-07 1 1.5258789e-05 0 0 0 1 -0.1203853 0.99272758 9.2470384e-07 50.282761 -0.99272746 -0.12038532 6.8826753e-06 -3.0517578e-05 6.9439398e-06 -8.9406988e-08 1.0000001 0 0 0 0 1 0.057047546 0.99837184 9.4278357e-07 50.282761 -0.9983716 0.057047561 7.0091401e-06 0 6.9439416e-06 -1.3411033e-06 1 -1.5258789e-05 0 0 0 1 0.30839887 0.95125729 8.9954881e-07 50.282749 -0.95125729 0.30839887 7.3720789e-06 0 6.7353244e-06 -3.1292439e-06 0.99999988 1.5258789e-05 0 0 0 1 0.57726878 0.81655449 7.9438473e-07 50.282753 -0.81655449 0.57726878 7.6786382e-06 0 5.8114524e-06 -5.0812964e-06 1 0 0 0 0 1 0.77049148 0.63745064 5.7596066e-07 50.282745 -0.63745052 0.77049154 7.8492785e-06 3.0517578e-05 4.5597549e-06 -6.4149494e-06 0.99999994 0 0 0 0 1 0.8585099 0.5127973 4.8332936e-07 50.282749 -0.5127973 0.8585099 7.8994681e-06 -3.0517578e-05 3.6358831e-06 -7.0296214e-06 1 0 0 0 0 1 0.89523882 0.44558707 4.7210335e-07 50.282742 -0.44558698 0.895239 7.9043757e-06 -3.0517578e-05 3.0994415e-06 -7.2866683e-06 1 -1.5258789e-05 0 0 0 1 0.89710391 0.44181997 3.4754598e-07 50.282745 -0.44181991 0.89710402 7.8557596e-06 3.0517578e-05 3.1590466e-06 -7.2009866e-06 0.99999994 0 0 0 0 1 0.88216627 0.47093865 3.3800362e-07 50.282753 -0.47093865 0.88216627 7.9739575e-06 0 3.4570694e-06 -7.1935347e-06 1.0000001 0 0 0 0 1 0.86867732 0.49537882 4.5884349e-07 50.282753 -0.49537882 0.86867732 7.9035708e-06 0 3.5166743e-06 -7.0929541e-06 1 0 0 0 0 1 0.87463552 0.48478153 3.4388174e-07 50.282749 -0.48478153 0.87463552 7.9360425e-06 3.0517578e-05 3.5464759e-06 -7.107853e-06 0.99999994 -1.5258789e-05 0 0 0 1 </float_array>
        <technique_common>
          <accessor count="23" offset="0" source="#B_L_Calf_matrix-output-array" stride="16">
            <param name="TRANSFORM" type="float4x4" />
          </accessor>
        </technique_common>
      </source>
      <source id="B_L_Calf_matrix-interpolation">
        <Name_array id="B_L_Calf_matrix-interpolation-array" count="23"> LINEAR LINEAR LINEAR LINEAR LINEAR LINEAR LINEAR LINEAR LINEAR LINEAR LINEAR LINEAR LINEAR LINEAR LINEAR LINEAR LINEAR LINEAR LINEAR LINEAR LINEAR LINEAR LINEAR </Name_array>
        <technique_common>
          <accessor source="#B_L_Calf_matrix-interpolation-array" count="23" stride="1">
            <param name="INTERPOLATION" type="name"></param>
          </accessor>
        </technique_common>
      </source>
      <source id="B_L_Clavicle_matrix-input" name="B_L_Clavicle_matrix-input">
        <float_array id="B_L_Clavicle_matrix-input-array" count="23"> 0 1 2 3 4 5 6 7 8 9 10 11 12 13 14 15 16 17 18 19 20 21 22 </float_array>
        <technique_common>
          <accessor count="23" offset="0" source="#B_L_Clavicle_matrix-input-array" stride="1">
            <param name="TIME" type="float" />
          </accessor>
        </technique_common>
      </source>
      <source id="B_L_Clavicle_matrix-output" name="B_L_Clavicle_matrix-output">
        <float_array id="B_L_Clavicle_matrix-output-array" count="368"> -0.01759064 -0.00078422565 0.99984503 17.736847 -0.17375694 -0.98478109 -0.0038293749 0.073141098 0.98463148 -0.17379734 0.017186522 5.0180159 0 0 0 1 -0.017153382 -0.00078438234 0.9998526 17.736847 -0.17375866 -0.98478138 -0.0037535429 0.073143005 0.98463887 -0.17379744 0.016755998 5.0180178 0 0 0 1 -0.016484378 -0.00078406924 0.99986374 17.736851 -0.17376113 -0.98478109 -0.0036369781 0.073143005 0.98464984 -0.17379741 0.016097246 5.0180149 0 0 0 1 -0.017590642 -0.00078445667 0.99984509 17.736862 -0.17375693 -0.98478109 -0.0038296138 0.073139191 0.98463148 -0.17379734 0.017186644 5.0180149 0 0 0 1 -0.022915715 -0.00078449398 0.99973696 17.736832 -0.17373399 -0.98478127 -0.004755042 0.073143005 0.98452574 -0.17379734 0.022430597 5.018013 0 0 0 1 -0.030014519 -0.00078365201 0.99954915 17.736847 -0.173696 -0.98478109 -0.0059878305 0.073143005 0.98434198 -0.17379738 0.029421628 5.0180244 0 0 0 1 -0.033563733 -0.00078362226 0.99943638 17.736847 -0.17367378 -0.98478115 -0.0066045607 0.073162079 0.98423111 -0.17379755 0.032916788 5.0180054 0 0 0 1 -0.026576398 -0.0007842406 0.99964648 17.736877 -0.17371564 -0.98478109 -0.0053909267 0.073135376 0.98443717 -0.1737975 0.026035605 5.0180054 0 0 0 1 -0.01759064 -0.00078458339 0.99984503 17.736855 -0.17375679 -0.98478127 -0.0038297251 0.073120117 0.98463148 -0.17379725 0.017186522 5.0179901 0 0 0 1 -0.016592024 -0.00078418851 0.99986213 17.736855 -0.17376067 -0.98478127 -0.0036557987 0.0730896 0.98464805 -0.17379737 0.016203225 5.0180206 0 0 0 1 -0.01759064 -0.00078410649 0.99984503 17.736858 -0.17375691 -0.98478121 -0.0038292557 0.073150635 0.98463148 -0.17379734 0.017186522 5.0180206 0 0 0 1 -0.017590642 -0.00078421825 0.99984497 17.736855 -0.17375694 -0.98478109 -0.0038293749 0.073150635 0.98463148 -0.17379734 0.017186642 5.0180206 0 0 0 1 -0.01759064 -0.00078422565 0.99984497 17.736862 -0.17375694 -0.98478109 -0.0038293747 0.073150635 0.98463148 -0.17379734 0.017186521 5.0180206 0 0 0 1 -0.017590642 -0.00078421831 0.99984497 17.736862 -0.17375694 -0.98478115 -0.0038293749 0.073150635 0.98463148 -0.17379735 0.017186642 5.0180054 0 0 0 1 -0.017590644 -0.00078421831 0.99984509 17.736855 -0.17375696 -0.98478115 -0.0038293754 0.073150635 0.9846316 -0.17379735 0.017186644 5.0180206 0 0 0 1 -0.017590642 -0.00078421831 0.99984509 17.736847 -0.17375694 -0.98478115 -0.0038293754 0.073120117 0.98463148 -0.17379735 0.017186644 5.0180206 0 0 0 1 -0.017590642 -0.00078421825 0.99984497 17.736847 -0.17375694 -0.98478109 -0.0038293749 0.073150635 0.98463148 -0.17379734 0.017186642 5.0180054 0 0 0 1 -0.017590642 -0.00078421831 0.99984497 17.736862 -0.17375694 -0.98478115 -0.0038293749 0.073181152 0.98463148 -0.17379735 0.017186642 5.0180206 0 0 0 1 -0.01759064 -0.00078422565 0.99984497 17.736847 -0.17375694 -0.98478109 -0.0038293747 0.073150635 0.98463142 -0.17379734 0.017186521 5.0180054 0 0 0 1 -0.017590642 -0.00078421825 0.99984497 17.736862 -0.17375694 -0.98478109 -0.0038293749 0.073150635 0.98463148 -0.17379734 0.017186642 5.0179901 0 0 0 1 -0.01759064 -0.0007842257 0.99984491 17.736847 -0.17375694 -0.98478121 -0.003829367 0.073120117 0.98463148 -0.17379735 0.017186521 5.0180206 0 0 0 1 -0.01759064 -0.00078422576 0.99984503 17.736847 -0.17375694 -0.98478127 -0.0038293675 0.073120117 0.98463148 -0.17379737 0.017186522 5.0180359 0 0 0 1 -0.01759064 -0.00078422565 0.99984503 17.736847 -0.17375694 -0.98478109 -0.0038293749 0.073120117 0.98463148 -0.17379734 0.017186522 5.0180206 0 0 0 1 </float_array>
        <technique_common>
          <accessor count="23" offset="0" source="#B_L_Clavicle_matrix-output-array" stride="16">
            <param name="TRANSFORM" type="float4x4" />
          </accessor>
        </technique_common>
      </source>
      <source id="B_L_Clavicle_matrix-interpolation">
        <Name_array id="B_L_Clavicle_matrix-interpolation-array" count="23"> LINEAR LINEAR LINEAR LINEAR LINEAR LINEAR LINEAR LINEAR LINEAR LINEAR LINEAR LINEAR LINEAR LINEAR LINEAR LINEAR LINEAR LINEAR LINEAR LINEAR LINEAR LINEAR LINEAR </Name_array>
        <technique_common>
          <accessor source="#B_L_Clavicle_matrix-interpolation-array" count="23" stride="1">
            <param name="INTERPOLATION" type="name"></param>
          </accessor>
        </technique_common>
      </source>
      <source id="B_L_Finger0_matrix-input" name="B_L_Finger0_matrix-input">
        <float_array id="B_L_Finger0_matrix-input-array" count="23"> 0 1 2 3 4 5 6 7 8 9 10 11 12 13 14 15 16 17 18 19 20 21 22 </float_array>
        <technique_common>
          <accessor count="23" offset="0" source="#B_L_Finger0_matrix-input-array" stride="1">
            <param name="TIME" type="float" />
          </accessor>
        </technique_common>
      </source>
      <source id="B_L_Finger0_matrix-output" name="B_L_Finger0_matrix-output">
        <float_array id="B_L_Finger0_matrix-output-array" count="368"> 0.80900657 0.13246359 0.5726797 1.4603271 0.15583259 0.89108163 -0.42625132 1.9355469 -0.56676698 0.43408224 0.70024866 -2.437645 0 0 0 1 0.80875593 0.1324636 0.57303345 1.4603291 0.15601885 0.89108139 -0.42618313 1.9355316 -0.56707305 0.43408206 0.70000082 -2.4376602 0 0 0 1 0.80837262 0.13246369 0.5735743 1.460331 0.15630399 0.89108163 -0.4260788 1.9355469 -0.5675413 0.43408233 0.69962126 -2.4376564 0 0 0 1 0.80900657 0.13246383 0.57267958 1.4603291 0.15583241 0.89108145 -0.42625165 1.9355469 -0.56676686 0.43408236 0.70024872 -2.4376526 0 0 0 1 0.8120451 0.13246365 0.56836271 1.4603348 0.15356003 0.89108133 -0.4270753 1.9355316 -0.56302929 0.43408215 0.70325726 -2.4376564 0 0 0 1 0.81606102 0.13246381 0.56258142 1.4603195 0.15052302 0.89108133 -0.42815518 1.9355469 -0.55802083 0.43408209 0.70723814 -2.4376907 0 0 0 1 0.81805325 0.13246365 0.55968046 1.4603233 0.14900205 0.89108139 -0.42868686 1.9355469 -0.55550605 0.43408218 0.70921499 -2.4376831 0 0 0 1 0.81412089 0.13246362 0.5653854 1.4603233 0.15199517 0.89108133 -0.42763478 1.9355469 -0.56045032 0.43408215 0.70531434 -2.4376526 0 0 0 1 0.80900651 0.13246386 0.57267952 1.4603195 0.15583239 0.89108145 -0.42625165 1.9355469 -0.5667668 0.43408236 0.70024866 -2.4376526 0 0 0 1 0.80843425 0.13246375 0.57348722 1.4603577 0.156258 0.89108121 -0.42609566 1.9355316 -0.56746584 0.43408212 0.6996823 -2.4376526 0 0 0 1 0.80900651 0.13246357 0.57267958 1.4603577 0.1558325 0.89108133 -0.42625144 1.935524 -0.56676674 0.43408218 0.70024878 -2.4376526 0 0 0 1 0.80900633 0.13246365 0.57267976 1.4603424 0.15583257 0.89108121 -0.42625156 1.9355621 -0.56676686 0.43408221 0.70024866 -2.4376678 0 0 0 1 0.80900645 0.13246378 0.5726794 1.4602966 0.15583239 0.89108133 -0.42625147 1.9355469 -0.5667668 0.43408227 0.70024848 -2.4376526 0 0 0 1 0.80900669 0.13246365 0.57267964 1.4603271 0.15583247 0.89108139 -0.4262515 1.9355316 -0.56676686 0.43408221 0.70024884 -2.437645 0 0 0 1 0.80900645 0.13246365 0.57267964 1.4603271 0.15583245 0.89108133 -0.4262515 1.9355545 -0.56676674 0.43408218 0.70024878 -2.437645 0 0 0 1 0.80900657 0.13246372 0.57267958 1.4603271 0.15583244 0.89108115 -0.42625153 1.9355469 -0.5667668 0.43408215 0.70024866 -2.4376602 0 0 0 1 0.80900657 0.13246374 0.57267958 1.4602966 0.15583247 0.89108145 -0.42625153 1.9355392 -0.5667668 0.4340823 0.70024866 -2.4376678 0 0 0 1 0.80900669 0.13246381 0.5726794 1.4603271 0.15583241 0.89108121 -0.42625153 1.9355316 -0.56676692 0.43408221 0.70024848 -2.4376526 0 0 0 1 0.80900657 0.13246362 0.5726797 1.4603271 0.15583251 0.89108139 -0.42625132 1.9355469 -0.56676698 0.43408206 0.70024866 -2.4376831 0 0 0 1 0.80900657 0.13246375 0.57267964 1.4603271 0.15583245 0.89108139 -0.42625144 1.9355392 -0.56676698 0.43408218 0.70024854 -2.4376831 0 0 0 1 0.80900669 0.13246363 0.57267964 1.4603271 0.15583244 0.89108157 -0.42625132 1.9355545 -0.56676692 0.43408215 0.70024878 -2.4376526 0 0 0 1 0.80900633 0.1324638 0.57267952 1.4603271 0.15583234 0.89108139 -0.42625135 1.9355469 -0.56676686 0.43408209 0.70024848 -2.4376831 0 0 0 1 0.80900663 0.13246366 0.5726797 1.4602661 0.15583254 0.89108163 -0.4262515 1.9355507 -0.56676692 0.4340823 0.70024872 -2.4376526 0 0 0 1 </float_array>
        <technique_common>
          <accessor count="23" offset="0" source="#B_L_Finger0_matrix-output-array" stride="16">
            <param name="TRANSFORM" type="float4x4" />
          </accessor>
        </technique_common>
      </source>
      <source id="B_L_Finger0_matrix-interpolation">
        <Name_array id="B_L_Finger0_matrix-interpolation-array" count="23"> LINEAR LINEAR LINEAR LINEAR LINEAR LINEAR LINEAR LINEAR LINEAR LINEAR LINEAR LINEAR LINEAR LINEAR LINEAR LINEAR LINEAR LINEAR LINEAR LINEAR LINEAR LINEAR LINEAR </Name_array>
        <technique_common>
          <accessor source="#B_L_Finger0_matrix-interpolation-array" count="23" stride="1">
            <param name="INTERPOLATION" type="name"></param>
          </accessor>
        </technique_common>
      </source>
      <source id="B_L_Finger01_matrix-input" name="B_L_Finger01_matrix-input">
        <float_array id="B_L_Finger01_matrix-input-array" count="23"> 0 1 2 3 4 5 6 7 8 9 10 11 12 13 14 15 16 17 18 19 20 21 22 </float_array>
        <technique_common>
          <accessor count="23" offset="0" source="#B_L_Finger01_matrix-input-array" stride="1">
            <param name="TIME" type="float" />
          </accessor>
        </technique_common>
      </source>
      <source id="B_L_Finger01_matrix-output" name="B_L_Finger01_matrix-output">
