<?xml version="1.0" encoding="UTF-8" standalone="no" ?>
<COLLADA xmlns="http://www.collada.org/2005/11/COLLADASchema" version="1.4.1">
  <asset>
    <contributor>
      <author>Assimp</author>
      <authoring_tool>FBX SDK/FBX Plugins version 2013.1</authoring_tool>
    </contributor>
    <created>2020-08-21T10:32:01</created>
    <modified>2020-08-21T10:32:01</modified>
    <unit name="meter" meter="1" />
    <up_axis>Y_UP</up_axis>
  </asset>
  <library_geometries>
  </library_geometries>
  <library_controllers>
  </library_controllers>
  <library_visual_scenes>
    <visual_scene id="RootNode" name="RootNode">
      <node id="Motion_aAssimpFbxa_Translation"  name="Motion_$AssimpFbx$_Translation" type="NODE">
        <matrix sid="matrix">1 0 0 9.92585e-07 0 1 0 0 0 0 1 -0.17328988 0 0 0 1</matrix>
        <node id="Motion_aAssimpFbxa_PreRotation"  name="Motion_$AssimpFbx$_PreRotation" type="NODE">
          <matrix sid="matrix">1 0 0 0 0 -4.3711388e-08 1 0 0 -1 -4.3711388e-08 0 0 0 0 1</matrix>
          <node id="Motion_aAssimpFbxa_Rotation"  name="Motion_$AssimpFbx$_Rotation" type="NODE">
            <matrix sid="matrix">1.3868001e-06 1 0 0 -1 1.3868001e-06 0 0 0 0 1 0 0 0 0 1</matrix>
            <node id="Motion_aAssimpFbxa_Scaling"  name="Motion_$AssimpFbx$_Scaling" type="NODE">
              <matrix sid="matrix">1 0 0 0 0 1 0 0 0 0 1 0 0 0 0 1</matrix>
              <node id="Motion"  name="Motion" type="NODE">
                <matrix sid="matrix">1 0 0 0 0 1 0 0 0 0 1 0 0 0 0 1</matrix>
                <node id="B_Pelvis"  name="B_Pelvis" type="NODE">
                  <matrix sid="matrix">-4.3711388e-08 0.60876256 0.79335248 0.17328988 0 -0.79335248 0.60876256 -1.2122457e-06 1 2.6609857e-08 3.4678539e-08 98.599998 0 0 0 1</matrix>
                  <node id="B_Spine"  name="B_Spine" type="NODE">
                    <matrix sid="matrix">0.99823147 0.047404032 -0.03587313 7.6763 -0.037805337 0.97190607 0.23231289 -1.6268322 0.045877885 -0.23054582 0.97197938 0.0023476989 0 0 0 1</matrix>
                    <node id="B_Spine1"  name="B_Spine1" type="NODE">
                      <matrix sid="matrix">0.99970514 -0.024198731 0.0019994131 12.747765 0.02417597 0.99965024 0.010716197 -0.014275789 -0.0022580323 -0.0106647 0.99994057 0.00015211105 0 0 0 1</matrix>
                      <node id="B_Spine2"  name="B_Spine2" type="NODE">
                        <matrix sid="matrix">0.9988209 -0.048403613 0.0037315479 17.935455 0.048312023 0.99859816 0.021625748 -0.026443481 -0.0047730808 -0.02141997 0.9997592 0.00054764748 0 0 0 1</matrix>
                        <node id="B_L_Clavicle"  name="B_L_Clavicle" type="NODE">
                          <matrix sid="matrix">-0.017590661 -0.00078421831 0.99984497 17.736847 -0.17375694 -0.98478115 -0.0038293824 0.073141098 0.98463148 -0.17379735 0.017186686 5.0180159 0 0 0 1</matrix>
                          <node id="B_L_UpperArm"  name="B_L_UpperArm" type="NODE">
                            <matrix sid="matrix">0.67658818 0.4022921 0.61675727 17.464663 -0.50647581 0.86222738 -0.0067964494 3.8146973e-06 -0.53451914 -0.30777422 0.7871241 0 0 0 0 1</matrix>
                            <node id="B_L_Forearm"  name="B_L_Forearm" type="NODE">
                              <matrix sid="matrix">-0.13640097 0.98478979 0.10762779 27.628181 -0.99065369 -0.13559355 -0.014819367 -3.8146973e-06 -3.2782563e-07 -0.10864324 0.99408078 -1.5258789e-05 0 0 0 1</matrix>
                              <node id="B_L_ForeArmTwist"  name="B_L_ForeArmTwist" type="NODE">
                                <matrix sid="matrix">1 5.0429115e-08 -3.2426604e-07 11.992634 -1.4901155e-08 0.99408078 0.10864369 -7.6293945e-06 3.2782543e-07 -0.10864369 0.99408078 7.6293945e-06 0 0 0 1</matrix>
                                <node id="B_L_Hand"  name="B_L_Hand" type="NODE">
                                  <matrix sid="matrix">0.96626526 -0.09560217 0.2391479 11.992653 -0.24727416 -0.084708586 0.96523571 0 -0.072020747 -0.99180877 -0.10549091 0 0 0 0 1</matrix>
                                  <node id="B_L_Finger0"  name="B_L_Finger0" type="NODE">
                                    <matrix sid="matrix">0.80900651 0.13246357 0.57267952 1.4603348 0.15583251 0.89108139 -0.42625123 1.9355316 -0.5667668 0.43408212 0.70024854 -2.4376602 0 0 0 1</matrix>
                                    <node id="B_L_Finger01"  name="B_L_Finger01" type="NODE">
                                      <matrix sid="matrix">0.80299318 -0.59598827 1.2058758e-08 3.7140045 0.59598827 0.80299318 2.7507136e-08 -7.6293945e-06 -2.607703e-08 -1.4901163e-08 1 -2.2888184e-05 0 0 0 1</matrix>
                                      <node id="B_L_Finger02"  name="B_L_Finger02" type="NODE">
                                        <matrix sid="matrix">0.5521847 -0.83372182 -9.2086296e-08 5.5299349 0.83372182 0.5521847 4.3116884e-08 3.0517578e-05 1.4901156e-08 -1.0058284e-07 1 2.2888184e-05 0 0 0 1</matrix>
                                      </node>
                                    </node>
                                  </node>
                                  <node id="B_L_Finger1"  name="B_L_Finger1" type="NODE">
                                    <matrix sid="matrix">0.27254894 -0.95552641 0.11263379 11.625465 0.92804092 0.23019093 -0.29283464 3.1205292 0.25388396 0.18434054 0.94950593 -3.0983582 0 0 0 1</matrix>
                                    <node id="B_L_Finger11"  name="B_L_Finger11" type="NODE">
                                      <matrix sid="matrix">-0.25881925 -0.96592575 1.6886432e-07 4.4568329 0.96592575 -0.25881925 6.0673919e-08 7.6293945e-06 -1.4901163e-08 1.7881398e-07 1 1.5258789e-05 0 0 0 1</matrix>
                                      <node id="B_L_Finger12"  name="B_L_Finger12" type="NODE">
                                        <matrix sid="matrix">0.57357568 -0.81915259 2.526734e-07 3.3311539 0.81915259 0.57357568 -1.587325e-07 -1.5258789e-05 -1.4901159e-08 2.9802317e-07 1 -1.9073486e-05 0 0 0 1</matrix>
                                      </node>
                                    </node>
                                  </node>
                                  <node id="B_L_Finger2"  name="B_L_Finger2" type="NODE">
                                    <matrix sid="matrix">0.25808468 -0.96503466 0.0458293 11.814087 0.96096504 0.25152317 -0.11524842 2.4380951 0.099691592 0.073784202 0.99227887 0.83571625 0 0 0 1</matrix>
                                    <node id="B_L_Finger21"  name="B_L_Finger21" type="NODE">
                                      <matrix sid="matrix">-0.62068582 -0.78405941 3.2177721e-07 5.1996384 0.78405941 -0.62068582 1.2169289e-07 2.2888184e-05 1.0430809e-07 3.2782549e-07 1 7.6293945e-06 0 0 0 1</matrix>
                                      <node id="B_L_Finger22"  name="B_L_Finger22" type="NODE">
                                        <matrix sid="matrix">0.44828629 -0.89389002 1.1999995e-07 5.199625 0.89389002 0.44828629 3.9840081e-08 0 -8.9406988e-08 8.9406996e-08 1 3.8146973e-06 0 0 0 1</matrix>
                                      </node>
                                    </node>
                                  </node>
                                  <node id="B_L_Finger3"  name="B_L_Finger3" type="NODE">
                                    <matrix sid="matrix">0.13847044 -0.99036652 0.00029712808 11.814072 0.99036658 0.13847046 5.9385591e-05 1.9342422 -9.9956967e-05 0.00028604257 0.99999994 4.6002502 0 0 0 1</matrix>
                                    <node id="B_L_Finger31"  name="B_L_Finger31" type="NODE">
                                      <matrix sid="matrix">-0.058766864 -0.99827176 -1.0044769e-06 4.4567947 0.99827176 -0.058766864 -1.1935811e-06 0 1.1324883e-06 -1.0728838e-06 1 -7.6293945e-06 0 0 0 1</matrix>
                                      <node id="B_L_Finger32"  name="B_L_Finger32" type="NODE">
                                        <matrix sid="matrix">-0.058766745 -0.99827176 -1.8829912e-06 4.4567795 0.99827176 -0.058766745 -1.4841288e-06 -3.0517578e-05 1.3709065e-06 -1.9669544e-06 1 1.5258789e-05 0 0 0 1</matrix>
                                      </node>
                                    </node>
                                  </node>
                                  <node id="B_L_Finger4"  name="B_L_Finger4" type="NODE">
                                    <matrix sid="matrix">0.14714384 -0.98122936 -0.12464997 11.857201 0.98368686 0.15835436 -0.085346922 4.0528793 0.10348377 -0.11005827 0.9885233 6.5145302 0 0 0 1</matrix>
                                    <node id="B_L_Finger41"  name="B_L_Finger41" type="NODE">
                                      <matrix sid="matrix">-0.18123169 -0.9834404 -2.1288943e-06 3.327652 0.9834404 -0.18123169 -3.7409282e-06 1.5258789e-05 3.2931569e-06 -2.7716153e-06 1 3.8146973e-06 0 0 0 1</matrix>
                                      <node id="B_L_Finger42"  name="B_L_Finger42" type="NODE">
                                        <matrix sid="matrix">0.0019772795 -0.99999803 -2.3013736e-06 3.3276672 0.99999803 0.0019772795 -3.3333165e-06 -2.2888184e-05 3.3378606e-06 -2.2947781e-06 1 -1.9073486e-05 0 0 0 1</matrix>
                                      </node>
                                    </node>
                                  </node>
                                </node>
                              </node>
                            </node>
                          </node>
                        </node>
                        <node id="B_R_Clavicle"  name="B_R_Clavicle" type="NODE">
                          <matrix sid="matrix">-0.10452852 -0.00079656765 -0.9945215 17.736847 0.00023397958 -0.99999964 0.00077636295 0.074662209 -0.99452186 -0.00015154567 0.10452867 -5.0179634 0 0 0 1</matrix>
                          <node id="B_R_UpperArm"  name="B_R_UpperArm" type="NODE">
                            <matrix sid="matrix">0.65678829 0.18435103 -0.73119336 17.464649 -0.58112288 0.74166936 -0.33499646 1.0967255e-05 0.48054683 0.64493495 0.59425038 1.5258789e-05 0 0 0 1</matrix>
                            <node id="B_R_Forearm"  name="B_R_Forearm" type="NODE">
                              <matrix sid="matrix">0.12578572 0.99193633 -0.015499664 27.628181 -0.99205744 0.12577038 -0.0019651554 -7.6293945e-06 8.9406988e-08 0.015623745 0.99987793 -7.6293945e-06 0 0 0 1</matrix>
                              <node id="B_R_ForeArmTwist"  name="B_R_ForeArmTwist" type="NODE">
                                <matrix sid="matrix">1 -3.026431e-08 -2.9333059e-08 11.99263 2.9802322e-08 0.99987793 -0.015623782 -1.1444092e-05 2.9802322e-08 0.015623782 0.99987793 0 0 0 0 1</matrix>
                                <node id="B_R_Hand"  name="B_R_Hand" type="NODE">
                                  <matrix sid="matrix">0.86458033 -0.066815794 -0.49803269 11.992653 -0.49769533 0.022792283 -0.86705244 -3.8146973e-06 0.069284096 0.99750501 -0.013548149 -1.5258789e-05 0 0 0 1</matrix>
                                  <node id="B_R_Finger0"  name="B_R_Finger0" type="NODE">
                                    <matrix sid="matrix">0.80900657 0.13246368 -0.5726794 1.4603195 0.15583242 0.89108133 0.42625138 1.9355469 0.56676674 -0.43408221 0.7002486 2.437664 0 0 0 1</matrix>
                                    <node id="B_R_Finger01"  name="B_R_Finger01" type="NODE">
                                      <matrix sid="matrix">0.80299306 -0.59598833 -4.292674e-07 3.7140274 0.59598833 0.80299306 -2.169358e-08 -1.5258789e-05 3.5762787e-07 -2.3841858e-07 1 0 0 0 0 1</matrix>
                                      <node id="B_R_Finger02"  name="B_R_Finger02" type="NODE">
                                        <matrix sid="matrix">0.55218476 -0.83372176 1.8199377e-07 5.5299377 0.83372176 0.55218476 -4.9044612e-08 7.6293945e-06 -5.9604631e-08 1.7881386e-07 1 1.5258789e-05 0 0 0 1</matrix>
                                      </node>
                                    </node>
                                  </node>
                                  <node id="B_R_Finger1"  name="B_R_Finger1" type="NODE">
                                    <matrix sid="matrix">0.27254859 -0.95552653 -0.11263385 11.625458 0.92804098 0.2301905 0.29283497 3.1205521 -0.25388432 -0.18434058 0.94950587 3.0983467 0 0 0 1</matrix>
                                    <node id="B_R_Finger11"  name="B_R_Finger11" type="NODE">
                                      <matrix sid="matrix">-0.25881937 -0.96592575 -1.7666356e-07 4.4568138 0.96592575 -0.25881937 -6.0353301e-08 1.5258789e-05 1.2572856e-08 -1.8626449e-07 1 1.1444092e-05 0 0 0 1</matrix>
                                      <node id="B_R_Finger12"  name="B_R_Finger12" type="NODE">
                                        <matrix sid="matrix">0.57357585 -0.81915247 2.2099087e-07 3.3311157 0.81915247 0.57357585 4.6071825e-08 7.6293945e-06 -1.6449488e-07 1.5459953e-07 1 -7.6293945e-06 0 0 0 1</matrix>
                                      </node>
                                    </node>
                                  </node>
                                  <node id="B_R_Finger2"  name="B_R_Finger2" type="NODE">
                                    <matrix sid="matrix">0.25808468 -0.96503472 -0.045829259 11.814056 0.9609651 0.25152323 0.11524823 2.4381104 -0.099691421 -0.073784128 0.99227899 -0.83572006 0 0 0 1</matrix>
                                    <node id="B_R_Finger21"  name="B_R_Finger21" type="NODE">
                                      <matrix sid="matrix">-0.62068564 -0.78405952 -6.7177012e-08 5.1996002 0.78405952 -0.62068564 6.0851441e-08 0 -8.940696e-08 -1.4901158e-08 1 -2.8610229e-05 0 0 0 1</matrix>
                                      <node id="B_R_Finger22"  name="B_R_Finger22" type="NODE">
                                        <matrix sid="matrix">0.44828629 -0.89389002 -7.9920021e-08 5.1996002 0.89389002 0.44828629 4.0079932e-08 0 0 -8.9406996e-08 1 2.6702881e-05 0 0 0 1</matrix>
                                      </node>
                                    </node>
                                  </node>
                                  <node id="B_R_Finger3"  name="B_R_Finger3" type="NODE">
                                    <matrix sid="matrix">0.13847044 -0.99036652 -0.00029825731 11.814056 0.99036658 0.13847046 -5.9498532e-05 1.9342651 0.00010022519 -0.00028714529 0.99999994 -4.6002502 0 0 0 1</matrix>
                                    <node id="B_R_Finger31"  name="B_R_Finger31" type="NODE">
                                      <matrix sid="matrix">-0.058766745 -0.99827176 6.1298491e-09 4.4568024 0.99827176 -0.058766745 -1.0412786e-07 0 1.0430813e-07 0 1 0 0 0 0 1</matrix>
                                      <node id="B_R_Finger32"  name="B_R_Finger32" type="NODE">
                                        <matrix sid="matrix">-0.058766864 -0.99827176 6.3615096e-07 4.4568176 0.99827176 -0.058766864 -1.5660119e-07 7.6293945e-06 1.9371512e-07 6.2584854e-07 1 -1.5258789e-05 0 0 0 1</matrix>
                                      </node>
                                    </node>
                                  </node>
                                  <node id="B_R_Finger4"  name="B_R_Finger4" type="NODE">
                                    <matrix sid="matrix">0.14714384 -0.98122966 0.12464782 11.857239 0.98368686 0.15835415 0.085347079 4.0529175 -0.10348359 0.11005612 0.98852354 -6.5145645 0 0 0 1</matrix>
                                    <node id="B_R_Finger41"  name="B_R_Finger41" type="NODE">
                                      <matrix sid="matrix">-0.18123135 -0.98344052 2.4058528e-07 3.3276749 0.98344052 -0.18123135 8.3224359e-07 1.5258789e-05 -7.7486038e-07 3.8742991e-07 1 3.0517578e-05 0 0 0 1</matrix>
                                      <node id="B_R_Finger42"  name="B_R_Finger42" type="NODE">
                                        <matrix sid="matrix">0.0019769219 -0.99999803 2.8438808e-07 3.3277283 0.99999803 0.0019769219 6.4018906e-07 2.2888184e-05 -6.4075005e-07 2.8312195e-07 1 -1.1444092e-05 0 0 0 1</matrix>
                                      </node>
                                    </node>
                                  </node>
                                </node>
                              </node>
                            </node>
                          </node>
                        </node>
                        <node id="B_Neck"  name="B_Neck" type="NODE">
                          <matrix sid="matrix">0.9745459 -0.20556864 -0.089452855 27.039749 0.20928556 0.97725385 0.034271039 1.1282334 0.080373093 -0.052119896 0.99540126 0.00061273575 0 0 0 1</matrix>
                          <node id="B_Head"  name="B_Head" type="NODE">
                            <matrix sid="matrix">0.98408651 0.17358992 -0.037950255 10.019318 -0.16961537 0.85404325 -0.49177304 1.4083176 -0.05295568 0.49038416 0.86989599 0 0 0 0 1</matrix>
                          </node>
                        </node>
                      </node>
                    </node>
                  </node>
                  <node id="B_L_Thigh"  name="B_L_Thigh" type="NODE">
                    <matrix sid="matrix">-0.88179481 0.28008282 -0.37946218 0 0.35161784 0.92662722 -0.13314223 1.7642975e-05 0.31432912 -0.25082979 -0.91557723 11.161455 0 0 0 1</matrix>
                    <node id="B_L_Calf"  name="B_L_Calf" type="NODE">
                      <matrix sid="matrix">0.87463534 0.48478141 3.2865114e-07 50.282745 -0.48478141 0.87463534 7.9700412e-06 1.9073486e-06 3.576278e-06 -7.1302038e-06 1 7.6293945e-06 0 0 0 1</matrix>
                      <node id="B_L_Foot"  name="B_L_Foot" type="NODE">
                        <matrix sid="matrix">0.90702909 -0.23339412 -0.35046443 39.728134 0.18250622 0.96798992 -0.17229909 4.7683716e-07 0.37945965 0.092318349 0.92059094 -3.8146973e-06 0 0 0 1</matrix>
                        <node id="B_L_Toe0"  name="B_L_Toe0" type="NODE">
                          <matrix sid="matrix">-4.3711388e-08 -1 -5.6529217e-08 18.214443 1 -4.3711388e-08 -2.4709704e-15 14.545955 0 -5.6529217e-08 1 0.020645142 0 0 0 1</matrix>
                        </node>
                      </node>
                    </node>
                  </node>
                  <node id="B_R_Thigh"  name="B_R_Thigh" type="NODE">
                    <matrix sid="matrix">-0.87342459 0.42952567 0.22942799 0 0.18169013 0.72456968 -0.66482139 -1.2397766e-05 -0.45179439 -0.53898656 -0.71089756 -11.161447 0 0 0 1</matrix>
                    <node id="B_R_Calf"  name="B_R_Calf" type="NODE">
                      <matrix sid="matrix">0.69287807 0.72105479 -1.5851697e-07 50.282745 -0.72105479 0.69287807 -4.7814569e-06 0 -3.3378592e-06 3.4272659e-06 1 3.8146973e-06 0 0 0 1</matrix>
                      <node id="B_R_Foot"  name="B_R_Foot" type="NODE">
                        <matrix sid="matrix">0.91488838 -0.31722772 0.24969156 39.728127 0.33217824 0.94302452 -0.019033216 1.9073486e-06 -0.22942741 0.10035536 0.96813834 3.8146973e-06 0 0 0 1</matrix>
                        <node id="B_R_Toe0"  name="B_R_Toe0" type="NODE">
                          <matrix sid="matrix">-4.3711388e-08 -1 5.5847107e-07 18.214441 1 -4.3711481e-08 -1.6391274e-07 14.545954 1.6391277e-07 5.5847107e-07 1 -0.020656586 0 0 0 1</matrix>
                        </node>
                      </node>
                    </node>
                  </node>
                </node>
              </node>
            </node>
          </node>
        </node>
      </node>
      <node id="Exporter_aAssimpFbxa_PreRotation"  name="Exporter_$AssimpFbx$_PreRotation" type="NODE">
        <matrix sid="matrix">1 0 0 0 0 -4.3711388e-08 1 0 0 -1 -4.3711388e-08 0 0 0 0 1</matrix>
        <node id="Exporter"  name="Exporter" type="NODE">
          <matrix sid="matrix">1 0 0 0 0 1 0 0 0 0 1 0 0 0 0 1</matrix>
        </node>
      </node>
    </visual_scene>
  </library_visual_scenes>
  <library_animations>
    <animation id="TakeW001AnimId0" name="Take 001">
      <source id="B_Head_matrix-input" name="B_Head_matrix-input">
        <float_array id="B_Head_matrix-input-array" count="41"> 0 1 2 3 4 5 6 7 8 9 10 11 12 13 14 15 16 17 18 19 20 21 22 23 24 25 26 27 28 29 30 31 32 33 34 35 36 37 38 39 40 </float_array>
        <technique_common>
          <accessor count="41" offset="0" source="#B_Head_matrix-input-array" stride="1">
            <param name="TIME" type="float" />
          </accessor>
        </technique_common>
      </source>
      <source id="B_Head_matrix-output" name="B_Head_matrix-output">
        <float_array id="B_Head_matrix-output-array" count="656"> 0.98408645 0.17358989 -0.037950251 10.019318 -0.16961536 0.85404319 -0.49177313 1.4083176 -0.052955672 0.49038419 0.86989611 0 0 0 0 1 0.8957175 0.43502554 -0.091885991 10.019302 -0.43979219 0.83647537 -0.32694349 1.4083176 -0.065368384 0.33325973 0.94056642 0 0 0 0 1 0.57212156 0.82016855 0.00050617749 10.01931 -0.81734562 0.57020319 -0.082549207 1.4083099 -0.067992896 0.046814464 0.9965868 0 0 0 0 1 0.23421827 0.95641798 0.17437278 10.01931 -0.97062224 0.24021268 -0.013800651 1.4083099 -0.055085752 -0.16601768 0.98458302 0 0 0 0 1 0.089513429 0.96735519 0.23708923 10.01931 -0.99496955 0.097601891 -0.022576069 1.4083099 -0.044979449 -0.23387569 0.97122544 -9.5367432e-07 0 0 0 1 0.071588881 0.96997613 0.2324248 10.019318 -0.99655563 0.079335988 -0.024144292 1.4083176 -0.041859034 -0.22989574 0.97231466 0 0 0 0 1 0.23421805 0.9564181 0.17437279 10.01931 -0.97062218 0.2402125 -0.013800651 1.4083176 -0.055085734 -0.1660177 0.98458302 0 0 0 0 1 0.77578032 0.62610561 0.078465648 10.019318 -0.62609649 0.77925056 -0.027781254 1.4082947 -0.07853841 -0.027574915 0.99652958 -3.8146973e-06 0 0 0 1 0.99812227 -0.0050677047 0.061045073 10.019318 0.012821377 0.99178082 -0.12730344 1.4083099 -0.059898205 0.12784703 0.98998362 0 0 0 0 1 0.9911319 -0.09433113 0.093591921 10.019318 0.11369734 0.96656173 -0.22985062 1.4083138 -0.06878031 0.2384534 0.96871519 -3.8146973e-06 0 0 0 1 0.99568731 -0.033262137 0.086603969 10.019287 0.060641598 0.93982249 -0.33623827 1.4083099 -0.070208356 0.34004003 0.93778646 0 0 0 0 1 0.99422473 -0.080839664 0.070583917 10.019318 0.10368615 0.89323282 -0.43747488 1.4083176 -0.027682547 0.44226682 0.8964563 7.6293945e-06 0 0 0 1 0.9881829 -0.14288789 0.055476021 10.019287 0.15045188 0.83500236 -0.52927792 1.4083099 0.029304799 0.53136986 0.8466329 -3.8146973e-06 0 0 0 1 0.97654504 -0.2098055 0.0483886 10.019318 0.19551654 0.76994395 -0.6074205 1.4083138 0.090183638 0.60263419 0.79290551 0 0 0 0 1 0.96151537 -0.26987621 0.051525332 10.019287 0.23383187 0.70533115 -0.66920137 1.4083176 0.14425911 0.65549576 0.74129242 0 0 0 0 1 0.94818151 -0.31141666 0.063020088 10.019318 0.26093394 0.65004879 -0.71368748 1.4083157 0.18128806 0.69314939 0.69762343 -1.9073486e-06 0 0 0 1 0.93919635 -0.33395439 0.079903893 10.019318 0.27992326 0.6098398 -0.7414434 1.4083118 0.19887972 0.71872801 0.66624087 0 0 0 0 1 0.93348354 -0.3452639 0.09696126 10.019287 0.29494637 0.58534724 -0.75523192 1.4083128 0.20399833 0.73359478 0.64824635 -1.9073486e-06 0 0 0 1 0.93150562 -0.34722048 0.10833034 10.019318 0.30339095 0.57744116 -0.75796825 1.4083128 0.20062767 0.73891789 0.64323318 0 0 0 0 1 0.9334622 -0.34162551 0.10927129 10.019318 0.30250394 0.58616048 -0.75160319 1.4083152 0.19271627 0.73464799 0.65050191 0 0 0 0 1 0.9392513 -0.32965872 0.095562138 10.019348 0.28937602 0.61084402 -0.73697442 1.4083123 0.18457642 0.71985775 0.66913134 -5.7220459e-06 0 0 0 1 0.94818139 -0.31141672 0.063020103 10.019348 0.26093397 0.65004879 -0.71368754 1.4083138 0.18128806 0.69314933 0.69762343 0 0 0 0 1 0.96037269 -0.27857244 -0.0090306997 10.019348 0.19813648 0.70514232 -0.68082035 1.4083138 0.19602568 0.6520521 0.73239475 -2.8610229e-06 0 0 0 1 0.97062808 -0.19756278 -0.13729565 10.019348 0.079139322 0.80110383 -0.59327024 1.4083109 0.22719622 0.56497931 0.79320872 -3.8146973e-06 0 0 0 1 0.96277499 -0.024323754 -0.26920727 10.019318 -0.070612185 0.93872726 -0.3373498 1.4083061 0.26091781 0.34380129 0.90206558 -1.1444092e-05 0 0 0 1 0.86921132 0.33511409 0.36355233 10.019299 -0.47949499 0.75072908 0.45441228 1.4083099 -0.12064932 -0.56930184 0.81322765 7.6293945e-06 0 0 0 1 0.86296165 0.30067757 0.40606669 10.01931 -0.47530061 0.75573802 0.45049921 1.4083176 -0.17142501 -0.58176738 0.79508495 0 0 0 0 1 0.8569634 0.27920616 0.43319485 10.019291 -0.47403878 0.7568599 0.44994488 1.4083176 -0.20224045 -0.59093744 0.78095561 0 0 0 0 1 0.85352355 0.26835757 0.44663382 10.019325 -0.47438186 0.75480008 0.45303276 1.4083099 -0.21554446 -0.59854913 0.77154362 0 0 0 0 1 0.8533358 0.26670706 0.44797903 10.01931 -0.47541094 0.750772 0.45861313 1.4083176 -0.21401475 -0.60432535 0.76745588 0 0 0 0 1 0.85600418 0.27343118 0.43873924 10.019302 -0.47651678 0.74642467 0.4645232 1.4083099 -0.20047069 -0.60670042 0.76923716 1.1444092e-05 0 0 0 1 0.86044919 0.28783873 0.42044783 10.019314 -0.47743654 0.74369735 0.46794111 1.4083099 -0.1779944 -0.60337663 0.77733827 3.8146973e-06 0 0 0 1 0.8652854 0.30892909 0.39477032 10.019299 -0.47828776 0.74456918 0.46567929 1.4083176 -0.15007195 -0.59175938 0.79202205 3.8146973e-06 0 0 0 1 0.86921132 0.33511406 0.36355227 10.019295 -0.47949502 0.75072891 0.45441225 1.4083176 -0.12064932 -0.56930172 0.81322759 7.6293945e-06 0 0 0 1 0.90500575 0.32621986 0.27302942 10.01931 -0.41494042 0.81838983 0.39757064 1.4083099 -0.093749084 -0.47309458 0.87600958 0 0 0 0 1 0.93184453 0.3187902 0.17331682 10.019302 -0.35859752 0.88204265 0.30562788 1.4083176 -0.055441681 -0.34694862 0.93624395 0 0 0 0 1 0.94893569 0.30569103 0.077934466 10.019295 -0.31491834 0.93250954 0.17678352 1.4083023 -0.0186335 -0.19229922 0.98115933 -1.9073486e-06 0 0 0 1 0.95918709 0.28277105 0.00090808538 10.019318 -0.28274411 0.95903999 0.017260129 1.4083176 0.0040097754 -0.016812446 0.99985051 3.8146973e-06 0 0 0 1 0.96703613 0.25035739 -0.046499502 10.01931 -0.25459939 0.95384836 -0.15922409 1.4083405 0.0044905464 0.16581413 0.98614705 4.7683716e-06 0 0 0 1 0.97540563 0.21241949 -0.058834385 10.019318 -0.21974578 0.91634488 -0.33469957 1.4083176 -0.017184122 0.33939657 0.94048637 7.6293945e-06 0 0 0 1 0.98408639 0.17358993 -0.037950229 10.019318 -0.16961536 0.85404325 -0.4917731 1.4083138 -0.052955709 0.49038419 0.86989611 0 0 0 0 1 </float_array>
        <technique_common>
          <accessor count="41" offset="0" source="#B_Head_matrix-output-array" stride="16">
            <param name="TRANSFORM" type="float4x4" />
          </accessor>
        </technique_common>
      </source>
      <source id="B_Head_matrix-interpolation">
        <Name_array id="B_Head_matrix-interpolation-array" count="41"> LINEAR LINEAR LINEAR LINEAR LINEAR LINEAR LINEAR LINEAR LINEAR LINEAR LINEAR LINEAR LINEAR LINEAR LINEAR LINEAR LINEAR LINEAR LINEAR LINEAR LINEAR LINEAR LINEAR LINEAR LINEAR LINEAR LINEAR LINEAR LINEAR LINEAR LINEAR LINEAR LINEAR LINEAR LINEAR LINEAR LINEAR LINEAR LINEAR LINEAR LINEAR </Name_array>
        <technique_common>
          <accessor source="#B_Head_matrix-interpolation-array" count="41" stride="1">
            <param name="INTERPOLATION" type="name"></param>
          </accessor>
        </technique_common>
      </source>
      <source id="B_L_Calf_matrix-input" name="B_L_Calf_matrix-input">
        <float_array id="B_L_Calf_matrix-input-array" count="41"> 0 1 2 3 4 5 6 7 8 9 10 11 12 13 14 15 16 17 18 19 20 21 22 23 24 25 26 27 28 29 30 31 32 33 34 35 36 37 38 39 40 </float_array>
        <technique_common>
          <accessor count="41" offset="0" source="#B_L_Calf_matrix-input-array" stride="1">
            <param name="TIME" type="float" />
          </accessor>
        </technique_common>
      </source>
      <source id="B_L_Calf_matrix-output" name="B_L_Calf_matrix-output">
        <float_array id="B_L_Calf_matrix-output-array" count="656"> 0.87463552 0.48478153 3.2865114e-07 50.282745 -0.48478153 0.87463552 7.9700412e-06 1.9073486e-06 3.5762789e-06 -7.1302056e-06 1 7.6293945e-06 0 0 0 1 0.38552645 0.92269719 1.0037812e-06 50.282753 -0.92269707 0.38552651 7.2991234e-06 0 6.3478942e-06 -3.740191e-06 1.0000001 -3.8146973e-06 0 0 0 1 -0.297434 0.95474261 8.7496733e-07 50.282745 -0.95474249 -0.29743403 6.7664096e-06 0 6.7204237e-06 1.177192e-06 1 0 0 0 0 1 -0.67579144 0.73709327 6.8070131e-07 50.282745 -0.73709327 -0.67579144 6.4313344e-06 3.8146973e-06 5.2005048e-06 3.8444991e-06 1 5.7220459e-06 0 0 0 1 -0.79437733 0.60742438 5.2520562e-07 50.282749 -0.60742426 -0.79437757 6.3292182e-06 5.7220459e-06 4.2617316e-06 4.7087656e-06 1.0000001 3.8146973e-06 0 0 0 1 -0.83470756 0.55069429 5.2645049e-07 50.282757 -0.55069423 -0.83470768 6.3455814e-06 -1.9073486e-06 3.9339066e-06 5.0067911e-06 1.0000001 5.7220459e-06 0 0 0 1 -0.67579138 0.73709297 6.9077259e-07 50.282745 -0.73709297 -0.67579138 6.4423189e-06 3.8146973e-06 5.215406e-06 3.8445e-06 1 0 0 0 0 1 -0.22439533 0.97449839 8.8916386e-07 50.282757 -0.97449839 -0.22439533 6.7832898e-06 7.6293945e-06 6.8098298e-06 6.5565035e-07 1 3.8146973e-06 0 0 0 1 0.944112 0.32962564 3.4219786e-07 50.282745 -0.32962561 0.94411212 8.0266582e-06 9.5367432e-07 2.3227185e-06 -7.6908618e-06 1.0000001 3.8146973e-06 0 0 0 1 0.98266071 0.18541403 1.6281274e-07 50.282745 -0.18541406 0.98266059 7.9351685e-06 9.5367432e-07 1.3113021e-06 -7.8277653e-06 1 3.8146973e-06 0 0 0 1 0.94411439 0.32961878 3.3976812e-07 50.282745 -0.32961884 0.94411427 8.0255168e-06 -1.9073486e-06 2.3245811e-06 -7.6889992e-06 1 4.7683716e-06 0 0 0 1 0.8929987 0.45005977 4.5505817e-07 50.282745 -0.45005977 0.8929987 7.9220872e-06 3.8146973e-06 3.1590462e-06 -7.2792168e-06 1 0 0 0 0 1 0.80592328 0.59202033 4.7905769e-07 50.282745 -0.59202033 0.80592328 7.8759404e-06 5.7220459e-06 4.2766333e-06 -6.6310158e-06 1 7.6293945e-06 0 0 0 1 0.69151431 0.72236317 6.8694823e-07 50.282745 -0.72236311 0.69151437 7.8156509e-06 3.8146973e-06 5.1707029e-06 -5.9008603e-06 1.0000001 7.6293945e-06 0 0 0 1 0.57441729 0.81856275 8.2736346e-07 50.282745 -0.81856263 0.57441735 7.5891567e-06 3.8146973e-06 5.736948e-06 -5.036592e-06 1 7.6293945e-06 0 0 0 1 0.48908585 0.87223583 8.591507e-07 50.282745 -0.87223583 0.48908585 7.4861332e-06 3.8146973e-06 6.1094752e-06 -4.4107442e-06 0.99999994 7.6293945e-06 0 0 0 1 0.44872963 0.89366782 9.0035519e-07 50.282776 -0.89366758 0.44872975 7.438563e-06 0 6.2435865e-06 -4.1425233e-06 1 0 0 0 0 1 0.4372586 0.89933598 9.2304583e-07 50.282745 -0.89933598 0.4372586 7.5072116e-06 7.6293945e-06 6.3478951e-06 -4.1127205e-06 1.0000001 -1.5258789e-05 0 0 0 1 0.44545978 0.89530224 9.1439688e-07 50.282776 -0.89530212 0.44545984 7.5285434e-06 7.6293945e-06 6.3329935e-06 -4.1723251e-06 1 0 0 0 0 1 0.46337056 0.88616472 8.1566418e-07 50.282776 -0.88616472 0.46337056 7.5730259e-06 0 6.3329935e-06 -4.2319302e-06 1 0 0 0 0 1 0.48109394 0.87666917 8.8196828e-07 50.282776 -0.87666905 0.481094 7.6229426e-06 3.8146973e-06 6.2584868e-06 -4.4405456e-06 1.0000001 7.6293945e-06 0 0 0 1 0.48908591 0.87223589 8.6170212e-07 50.282745 -0.87223589 0.48908591 7.5729831e-06 0 6.183981e-06 -4.4554463e-06 1 0 0 0 0 1 0.53045982 0.84771031 8.7568321e-07 50.282745 -0.84771025 0.53045988 7.5616376e-06 0 5.9455624e-06 -4.7534709e-06 1.0000001 7.6293945e-06 0 0 0 1 0.57060635 0.82122391 8.0517884e-07 50.282761 -0.82122374 0.57060647 7.5634539e-06 -5.7220459e-06 5.7518478e-06 -4.9769878e-06 1 3.8146973e-06 0 0 0 1 0.48908585 0.87223589 9.2620144e-07 50.282738 -0.87223583 0.48908591 7.5493576e-06 -9.5367432e-07 6.1318278e-06 -4.5001502e-06 1 3.3378601e-06 0 0 0 1 -0.34738457 0.93772304 8.451284e-07 50.282761 -0.9377228 -0.34738466 6.7424298e-06 -3.8146973e-06 6.6161142e-06 1.5497204e-06 1 0 0 0 0 1 -0.55168182 0.83405483 7.861621e-07 50.282761 -0.83405483 -0.55168182 6.590637e-06 0 5.9306631e-06 2.980232e-06 1.0000001 -3.8146973e-06 0 0 0 1 -0.64108527 0.76746988 6.1619284e-07 50.282738 -0.76746976 -0.64108533 6.4556089e-06 3.8146973e-06 5.3495169e-06 3.6656866e-06 0.99999994 1.1444092e-05 0 0 0 1 -0.66084087 0.75052601 6.9986345e-07 50.282745 -0.75052601 -0.66084087 6.4320407e-06 0 5.2899122e-06 3.7252898e-06 1 7.6293945e-06 0 0 0 1 -0.63381606 0.77348393 6.9997282e-07 50.282745 -0.77348393 -0.63381606 6.4966725e-06 0 5.4687257e-06 3.5762782e-06 1 7.6293945e-06 0 0 0 1 -0.57344532 0.81924421 8.1044118e-07 50.282753 -0.81924409 -0.57344538 6.5627705e-06 -3.8146973e-06 5.8412547e-06 3.0994413e-06 1 3.8146973e-06 0 0 0 1 -0.49276596 0.87016201 8.6155308e-07 50.282761 -0.87016201 -0.49276596 6.6016855e-06 0 6.1690794e-06 2.5033951e-06 1.0000001 -3.8146973e-06 0 0 0 1 -0.40952238 0.91230041 8.9614366e-07 50.282761 -0.91230035 -0.40952244 6.6538505e-06 0 6.4373016e-06 1.9073491e-06 0.99999988 0 0 0 0 1 -0.34738454 0.93772304 8.6583441e-07 50.282742 -0.93772274 -0.34738466 6.7983228e-06 0 6.6757193e-06 1.54972e-06 1 1.1444092e-05 0 0 0 1 -0.21118155 0.97744721 9.4208747e-07 50.282749 -0.97744709 -0.21118157 6.9006201e-06 -3.8146973e-06 6.9439411e-06 5.3644237e-07 1.0000001 1.1444092e-05 0 0 0 1 -0.034477588 0.99940574 1.0379493e-06 50.282753 -0.99940544 -0.034477599 7.1806444e-06 0 7.2121611e-06 -7.8976126e-07 0.99999994 1.1444092e-05 0 0 0 1 0.068876743 0.99762523 9.2370817e-07 50.282742 -0.99762523 0.068876743 7.1736099e-06 0 7.0929527e-06 -1.4156099e-06 0.99999988 0 0 0 0 1 0.17149584 0.98518509 9.4606435e-07 50.282742 -0.98518509 0.17149584 7.4248028e-06 -3.8146973e-06 7.1525583e-06 -2.2053716e-06 1 1.5258789e-05 0 0 0 1 0.33279362 0.94299996 9.1604647e-07 50.282761 -0.94299996 0.33279362 7.4341224e-06 0 6.7055234e-06 -3.3378599e-06 1 -7.6293945e-06 0 0 0 1 0.61804581 0.78614223 8.4979536e-07 50.282753 -0.78614223 0.61804581 7.7192717e-06 0 5.5432324e-06 -5.4389225e-06 1.0000001 3.8146973e-06 0 0 0 1 0.87463516 0.48478216 3.5111245e-07 50.282757 -0.48478222 0.8746351 7.9490783e-06 3.8146973e-06 3.546477e-06 -7.1227564e-06 0.99999994 -7.6293945e-06 0 0 0 1 </float_array>
        <technique_common>
          <accessor count="41" offset="0" source="#B_L_Calf_matrix-output-array" stride="16">
            <param name="TRANSFORM" type="float4x4" />
          </accessor>
        </technique_common>
      </source>
      <source id="B_L_Calf_matrix-interpolation">
        <Name_array id="B_L_Calf_matrix-interpolation-array" count="41"> LINEAR LINEAR LINEAR LINEAR LINEAR LINEAR LINEAR LINEAR LINEAR LINEAR LINEAR LINEAR LINEAR LINEAR LINEAR LINEAR LINEAR LINEAR LINEAR LINEAR LINEAR LINEAR LINEAR LINEAR LINEAR LINEAR LINEAR LINEAR LINEAR LINEAR LINEAR LINEAR LINEAR LINEAR LINEAR LINEAR LINEAR LINEAR LINEAR LINEAR LINEAR </Name_array>
        <technique_common>
          <accessor source="#B_L_Calf_matrix-interpolation-array" count="41" stride="1">
            <param name="INTERPOLATION" type="name"></param>
          </accessor>
        </technique_common>
      </source>
      <source id="B_L_Clavicle_matrix-input" name="B_L_Clavicle_matrix-input">
        <float_array id="B_L_Clavicle_matrix-input-array" count="41"> 0 1 2 3 4 5 6 7 8 9 10 11 12 13 14 15 16 17 18 19 20 21 22 23 24 25 26 27 28 29 30 31 32 33 34 35 36 37 38 39 40 </float_array>
        <technique_common>
          <accessor count="41" offset="0" source="#B_L_Clavicle_matrix-input-array" stride="1">
            <param name="TIME" type="float" />
          </accessor>
        </technique_common>
      </source>
      <source id="B_L_Clavicle_matrix-output" name="B_L_Clavicle_matrix-output">
