<?xml version="1.0" encoding="UTF-8" standalone="no" ?>
<COLLADA xmlns="http://www.collada.org/2005/11/COLLADASchema" version="1.4.1">
  <asset>
    <contributor>
      <author>Assimp</author>
      <authoring_tool>FBX SDK/FBX Plugins version 2013.1</authoring_tool>
    </contributor>
    <created>2020-08-21T10:28:52</created>
    <modified>2020-08-21T10:28:52</modified>
    <unit name="meter" meter="1" />
    <up_axis>Y_UP</up_axis>
  </asset>
  <library_geometries>
  </library_geometries>
  <library_controllers>
  </library_controllers>
  <library_visual_scenes>
    <visual_scene id="RootNode" name="RootNode">
      <node id="Motion_aAssimpFbxa_Translation"  name="Motion_$AssimpFbx$_Translation" type="NODE">
        <matrix sid="matrix">1 0 0 9.92585e-07 0 1 0 0 0 0 1 -0.17328988 0 0 0 1</matrix>
        <node id="Motion_aAssimpFbxa_PreRotation"  name="Motion_$AssimpFbx$_PreRotation" type="NODE">
          <matrix sid="matrix">1 0 0 0 0 -4.3711388e-08 1 0 0 -1 -4.3711388e-08 0 0 0 0 1</matrix>
          <node id="Motion_aAssimpFbxa_Rotation"  name="Motion_$AssimpFbx$_Rotation" type="NODE">
            <matrix sid="matrix">1.3868001e-06 1 0 0 -1 1.3868001e-06 0 0 0 0 1 0 0 0 0 1</matrix>
            <node id="Motion_aAssimpFbxa_Scaling"  name="Motion_$AssimpFbx$_Scaling" type="NODE">
              <matrix sid="matrix">1 0 0 0 0 1 0 0 0 0 1 0 0 0 0 1</matrix>
              <node id="Motion"  name="Motion" type="NODE">
                <matrix sid="matrix">1 0 0 0 0 1 0 0 0 0 1 0 0 0 0 1</matrix>
                <node id="B_Pelvis"  name="B_Pelvis" type="NODE">
                  <matrix sid="matrix">-4.3711388e-08 0.70710796 0.70710558 -6.5141559 0 -0.70710558 0.70710796 8.2648585e-06 1 3.0908669e-08 3.0908566e-08 106.04314 0 0 0 1</matrix>
                  <node id="B_Spine"  name="B_Spine" type="NODE">
                    <matrix sid="matrix">0.9999997 -0.00079487468 1.1321886e-08 7.676796 0.00079487468 0.9999997 3.2186019e-06 -1.6271181 -1.3880268e-08 -3.2185917e-06 1 7.1525574e-06 0 0 0 1</matrix>
                    <node id="B_Spine1"  name="B_Spine1" type="NODE">
                      <matrix sid="matrix">0.98768836 0.15643449 2.8872847e-07 12.745178 -0.15643449 0.98768836 -5.5808336e-09 -0.014103413 -2.8604677e-07 -3.9654964e-08 1 0 0 0 0 1</matrix>
                      <node id="B_Spine2"  name="B_Spine2" type="NODE">
                        <matrix sid="matrix">1 6.9404676e-13 -4.6356092e-09 17.934128 0 1 0.00014972073 -0.026482582 4.6356092e-09 -0.00014972073 1 -1.5258789e-05 0 0 0 1</matrix>
                        <node id="B_L_Clavicle"  name="B_L_Clavicle" type="NODE">
                          <matrix sid="matrix">0.25881895 -0.00079632812 0.96592551 17.736862 -0.00035247215 -0.99999964 -0.00072997494 0.073140144 0.96592581 -0.0001515305 -0.25881913 5.0180144 0 0 0 1</matrix>
                          <node id="B_L_UpperArm"  name="B_L_UpperArm" type="NODE">
                            <matrix sid="matrix">0.26425436 0.8635233 0.42953134 17.464657 -0.9610793 0.27299136 0.042453274 4.7683716e-06 -0.08059895 -0.42403212 0.90205353 -1.5258789e-05 0 0 0 1</matrix>
                            <node id="B_L_Forearm"  name="B_L_Forearm" type="NODE">
                              <matrix sid="matrix">-0.65676653 0.74566299 0.11244757 27.628185 -0.75409395 -0.6494236 -0.097934954 -7.6293945e-06 -3.576279e-07 -0.14911644 0.98881966 -1.5258789e-05 0 0 0 1</matrix>
                              <node id="B_L_ForeArmTwist"  name="B_L_ForeArmTwist" type="NODE">
                                <matrix sid="matrix">1 5.1106227e-08 -3.3889478e-07 11.99264 0 0.9888196 0.14911661 -9.5367432e-06 3.4272659e-07 -0.14911661 0.9888196 3.0517578e-05 0 0 0 1</matrix>
                                <node id="B_L_Hand"  name="B_L_Hand" type="NODE">
                                  <matrix sid="matrix">0.96213591 0.26033428 0.080749929 11.992647 -0.038128197 -0.16479526 0.98559058 -4.7683716e-07 0.26989022 -0.95135093 -0.14862935 1.5258789e-05 0 0 0 1</matrix>
                                  <node id="B_L_Finger0"  name="B_L_Finger0" type="NODE">
                                    <matrix sid="matrix">0.14005807 0.30600399 0.94167155 1.4603195 0.32329175 0.88478947 -0.33560404 1.9355469 -0.9358772 0.3514387 0.024993338 -2.4376602 0 0 0 1</matrix>
                                    <node id="B_L_Finger01"  name="B_L_Finger01" type="NODE">
                                      <matrix sid="matrix">0.99805844 0.062284097 -2.7876972e-08 3.7140055 -0.062284097 0.99805844 -8.7841222e-08 0 2.2351736e-08 8.9406967e-08 1 -3.0517578e-05 0 0 0 1</matrix>
                                      <node id="B_L_Finger02"  name="B_L_Finger02" type="NODE">
                                        <matrix sid="matrix">0.99956012 0.029657263 -8.3923339e-08 5.5299392 -0.029657263 0.99956012 9.1936322e-08 -1.5258789e-05 8.6613007e-08 -8.9406946e-08 1 2.2888184e-05 0 0 0 1</matrix>
                                      </node>
                                    </node>
                                  </node>
                                  <node id="B_L_Finger1"  name="B_L_Finger1" type="NODE">
                                    <matrix sid="matrix">0.79034954 -0.60652405 0.086464189 11.625443 0.60378176 0.74717134 -0.27781749 3.1205444 0.10389945 0.27177843 0.95673472 -3.0983505 0 0 0 1</matrix>
                                    <node id="B_L_Finger11"  name="B_L_Finger11" type="NODE">
                                      <matrix sid="matrix">0.95044631 -0.31088868 1.2719985e-07 4.4568253 0.31088868 0.95044631 -5.4274487e-09 1.5258789e-05 -1.192093e-07 4.4703494e-08 1 1.5258789e-05 0 0 0 1</matrix>
                                      <node id="B_L_Finger12"  name="B_L_Finger12" type="NODE">
                                        <matrix sid="matrix">0.94713211 -0.32084376 1.2897074e-07 3.3311386 0.32084376 0.94713211 -3.5750031e-07 -3.0517578e-05 -7.4505806e-09 3.799795e-07 1 -2.4795532e-05 0 0 0 1</matrix>
                                      </node>
                                    </node>
                                  </node>
                                  <node id="B_L_Finger2"  name="B_L_Finger2" type="NODE">
                                    <matrix sid="matrix">0.92219144 -0.38084328 0.067240499 11.814072 0.38559702 0.89215612 -0.23531333 2.4380798 0.029628482 0.24293166 0.96959078 0.83571815 0 0 0 1</matrix>
                                    <node id="B_L_Finger21"  name="B_L_Finger21" type="NODE">
                                      <matrix sid="matrix">0.93455952 -0.35580686 5.0892015e-07 5.1996045 0.35580686 0.93455952 -1.7508896e-08 0 -4.6938641e-07 1.9744039e-07 1 1.0490417e-05 0 0 0 1</matrix>
                                      <node id="B_L_Finger22"  name="B_L_Finger22" type="NODE">
                                        <matrix sid="matrix">0.9506709 -0.31020123 -8.1305586e-08 5.1996231 0.31020123 0.9506709 -3.0182399e-09 0 7.8231118e-08 -2.235174e-08 1 -4.7683716e-06 0 0 0 1</matrix>
                                      </node>
                                    </node>
                                  </node>
                                  <node id="B_L_Finger3"  name="B_L_Finger3" type="NODE">
                                    <matrix sid="matrix">0.8187449 -0.57415742 0.00029731411 11.814049 0.57415736 0.81874496 6.0238825e-05 1.9342499 -0.00027801099 0.00012138485 0.99999994 4.6002426 0 0 0 1</matrix>
                                    <node id="B_L_Finger31"  name="B_L_Finger31" type="NODE">
                                      <matrix sid="matrix">0.94367874 -0.33086315 7.3053286e-08 4.4568214 0.33086315 0.94367874 1.5193727e-07 0 -1.1920928e-07 -1.1920933e-07 1 -1.9073486e-06 0 0 0 1</matrix>
                                      <node id="B_L_Finger32"  name="B_L_Finger32" type="NODE">
                                        <matrix sid="matrix">0.94367868 -0.33086333 -6.6371803e-07 4.4567795 0.33086333 0.94367868 4.0680931e-07 0 4.9173826e-07 -6.034972e-07 1 1.9073486e-06 0 0 0 1</matrix>
                                      </node>
                                    </node>
                                  </node>
                                  <node id="B_L_Finger4"  name="B_L_Finger4" type="NODE">
                                    <matrix sid="matrix">0.87575912 -0.47286084 -0.097204 11.85717 0.48075852 0.87254953 0.086767256 4.052887 0.04378647 -0.12271886 0.99147505 6.5145283 0 0 0 1</matrix>
                                    <node id="B_L_Finger41"  name="B_L_Finger41" type="NODE">
                                      <matrix sid="matrix">0.95456445 -0.2980046 -7.9481697e-07 3.3276768 0.2980046 0.95456445 -4.0423748e-07 1.5258789e-05 8.7916862e-07 1.490116e-07 1 1.1444092e-05 0 0 0 1</matrix>
                                      <node id="B_L_Finger42"  name="B_L_Finger42" type="NODE">
                                        <matrix sid="matrix">0.95456475 -0.29800364 -7.8586515e-07 3.3276672 0.29800364 0.95456475 -1.8289597e-07 -1.5258789e-05 8.0466282e-07 -5.9604638e-08 1 -1.5258789e-05 0 0 0 1</matrix>
                                      </node>
                                    </node>
                                  </node>
                                </node>
                              </node>
                            </node>
                          </node>
                        </node>
                        <node id="B_R_Clavicle"  name="B_R_Clavicle" type="NODE">
                          <matrix sid="matrix">0.25881895 -0.00079643296 -0.96592557 17.736862 -5.9764843e-05 -0.9999997 0.00080851407 0.074661255 -0.96592587 -0.00015153037 -0.25881889 -5.0179634 0 0 0 1</matrix>
                          <node id="B_R_UpperArm"  name="B_R_UpperArm" type="NODE">
                            <matrix sid="matrix">0.055809569 0.96212029 -0.26685169 17.464672 -0.97337258 0.11194387 0.20003606 1.2397766e-05 0.22233117 0.2485822 0.94274902 1.5258789e-05 0 0 0 1</matrix>
                            <node id="B_R_Forearm"  name="B_R_Forearm" type="NODE">
                              <matrix sid="matrix">-0.54150254 0.81460756 -0.20782064 27.628178 -0.84069908 -0.52469677 0.13385935 -7.6293945e-06 2.9802317e-08 0.24719982 0.96896452 0 0 0 0 1</matrix>
                              <node id="B_R_ForeArmTwist"  name="B_R_ForeArmTwist" type="NODE">
                                <matrix sid="matrix">1 6.1898803e-08 1.509286e-09 11.99263 -5.9604652e-08 0.96896458 -0.24719967 -1.1444092e-05 -1.6763808e-08 0.24719967 0.96896458 1.5258789e-05 0 0 0 1</matrix>
                                <node id="B_R_Hand"  name="B_R_Hand" type="NODE">
                                  <matrix sid="matrix">0.93903512 0.34127346 -0.041778345 11.992652 0.046389405 -0.24615939 -0.96811861 -7.6293945e-06 -0.34067732 0.90715933 -0.24698378 -1.5258789e-05 0 0 0 1</matrix>
                                  <node id="B_R_Finger0"  name="B_R_Finger0" type="NODE">
                                    <matrix sid="matrix">0.14005828 0.30600399 -0.94167149 1.4603233 0.32329166 0.88478947 0.33560407 1.9355392 0.9358772 -0.35143867 0.024993546 2.4376678 0 0 0 1</matrix>
                                    <node id="B_R_Finger01"  name="B_R_Finger01" type="NODE">
                                      <matrix sid="matrix">0.99805844 0.062284082 -3.550773e-07 3.7140121 -0.062284082 0.99805844 5.2018983e-08 -2.2888184e-05 3.5762787e-07 -2.9802322e-08 1 0 0 0 0 1</matrix>
                                      <node id="B_R_Finger02"  name="B_R_Finger02" type="NODE">
                                        <matrix sid="matrix">0.99956012 0.029657511 2.6810287e-07 5.5299225 -0.029657511 0.99956012 -7.9547631e-09 1.5258789e-05 -2.6822084e-07 0 1 3.8146973e-05 0 0 0 1</matrix>
                                      </node>
                                    </node>
                                  </node>
                                  <node id="B_R_Finger1"  name="B_R_Finger1" type="NODE">
                                    <matrix sid="matrix">0.79034954 -0.60652411 -0.086464033 11.625454 0.60378176 0.74717128 0.27781761 3.1205521 -0.10389966 -0.27177843 0.95673472 3.0983429 0 0 0 1</matrix>
                                    <node id="B_R_Finger11"  name="B_R_Finger11" type="NODE">
                                      <matrix sid="matrix">0.95044637 -0.31088856 -2.3097172e-07 4.4568176 0.31088856 0.95044637 -1.2837965e-08 1.5258789e-05 2.235174e-07 -5.9604666e-08 1 0 0 0 0 1</matrix>
                                      <node id="B_R_Finger12"  name="B_R_Finger12" type="NODE">
                                        <matrix sid="matrix">0.94713211 -0.32084391 2.3583473e-07 3.3311386 0.32084391 0.94713211 -4.5973671e-08 0 -2.0861627e-07 1.1920928e-07 1 -1.5258789e-05 0 0 0 1</matrix>
                                      </node>
                                    </node>
                                  </node>
                                  <node id="B_R_Finger2"  name="B_R_Finger2" type="NODE">
                                    <matrix sid="matrix">0.92219144 -0.38084337 -0.067240745 11.81406 0.38559717 0.89215612 0.23531324 2.4381256 -0.029628247 -0.24293169 0.96959084 -0.83573151 0 0 0 1</matrix>
                                    <node id="B_R_Finger21"  name="B_R_Finger21" type="NODE">
                                      <matrix sid="matrix">0.93455952 -0.35580677 -1.6379011e-07 5.1996098 0.35580677 0.93455952 -3.0469238e-08 -3.0517578e-05 1.6391276e-07 -2.9802312e-08 1 -2.2888184e-05 0 0 0 1</matrix>
                                      <node id="B_R_Finger22"  name="B_R_Finger22" type="NODE">
                                        <matrix sid="matrix">0.95067102 -0.31020093 8.5594664e-08 5.1996155 0.31020093 0.95067102 1.2197548e-07 1.5258789e-05 -1.1920928e-07 -8.9407003e-08 1 7.6293945e-06 0 0 0 1</matrix>
                                      </node>
                                    </node>
                                  </node>
                                  <node id="B_R_Finger3"  name="B_R_Finger3" type="NODE">
                                    <matrix sid="matrix">0.81874484 -0.57415748 -0.00029827291 11.814072 0.57415742 0.8187449 -5.9637248e-05 1.9342651 0.00027845058 -0.00012242791 0.99999994 -4.6002579 0 0 0 1</matrix>
                                    <node id="B_R_Finger31"  name="B_R_Finger31" type="NODE">
                                      <matrix sid="matrix">0.94367874 -0.33086321 -1.2509952e-07 4.4567909 0.33086321 0.94367874 -1.3860415e-07 -7.6293945e-06 1.6391276e-07 8.9406967e-08 1 -7.6293945e-06 0 0 0 1</matrix>
                                      <node id="B_R_Finger32"  name="B_R_Finger32" type="NODE">
                                        <matrix sid="matrix">0.94367874 -0.33086324 1.2818639e-07 4.4568176 0.33086324 0.94367874 -3.6560957e-07 -1.5258789e-05 0 3.8743013e-07 1 -1.5258789e-05 0 0 0 1</matrix>
                                      </node>
                                    </node>
                                  </node>
                                  <node id="B_R_Finger4"  name="B_R_Finger4" type="NODE">
                                    <matrix sid="matrix">0.87575912 -0.47286114 0.097202606 11.857224 0.48075852 0.87254971 -0.086765334 4.0528641 -0.043786149 0.12271651 0.99147534 -6.5145569 0 0 0 1</matrix>
                                    <node id="B_R_Finger41"  name="B_R_Finger41" type="NODE">
                                      <matrix sid="matrix">0.95456463 -0.29800403 1.8845184e-07 3.3276219 0.29800403 0.95456463 -3.6092125e-09 7.6293945e-06 -1.7881389e-07 5.9604631e-08 1 4.5776367e-05 0 0 0 1</matrix>
                                      <node id="B_R_Finger42"  name="B_R_Finger42" type="NODE">
                                        <matrix sid="matrix">0.95456463 -0.298004 1.0310714e-07 3.3277092 0.298004 0.95456463 -3.0252849e-08 3.0517578e-05 -8.940696e-08 5.9604638e-08 1 -2.2888184e-05 0 0 0 1</matrix>
                                      </node>
                                    </node>
                                  </node>
                                </node>
                              </node>
                            </node>
                          </node>
                        </node>
                        <node id="B_Neck"  name="B_Neck" type="NODE">
                          <matrix sid="matrix">0.96592587 0.25881886 7.4594209e-07 27.035965 -0.25881886 0.96592587 -0.00014880778 1.1283283 -3.9234787e-05 0.00014354422 1 0.00018262863 0 0 0 1</matrix>
                          <node id="B_Head"  name="B_Head" type="NODE">
                            <matrix sid="matrix">0.9999997 0.0007976293 2.070705e-08 10.019318 -0.0007976293 0.9999997 -1.5049734e-07 1.4083061 -2.0827084e-08 1.5048077e-07 1 4.7683716e-07 0 0 0 1</matrix>
                          </node>
                        </node>
                      </node>
                    </node>
                  </node>
                  <node id="B_L_Thigh"  name="B_L_Thigh" type="NODE">
                    <matrix sid="matrix">-0.86336178 0.50279266 -0.042497069 0 0.4714714 0.83384418 0.28708646 1.8119812e-05 0.17978089 0.22782332 -0.95696151 11.161454 0 0 0 1</matrix>
                    <node id="B_L_Calf"  name="B_L_Calf" type="NODE">
                      <matrix sid="matrix">0.92250037 0.38599613 3.632872e-07 50.282749 -0.38599613 0.92250037 7.9714418e-06 -3.8146973e-06 2.7418132e-06 -7.4938857e-06 1 3.8146973e-06 0 0 0 1</matrix>
                      <node id="B_L_Foot"  name="B_L_Foot" type="NODE">
                        <matrix sid="matrix">0.93265605 0.26710331 -0.24250486 39.728134 -0.31550992 0.9298594 -0.18924865 -1.9073486e-06 0.17494649 0.25301659 0.95151263 -5.7220459e-06 0 0 0 1</matrix>
                        <node id="B_L_Toe0"  name="B_L_Toe0" type="NODE">
                          <matrix sid="matrix">-4.3711388e-08 -1 -2.9802322e-08 18.214443 1 -4.3711388e-08 -7.4505815e-09 14.545954 7.4505806e-09 -2.9802322e-08 1 0.020653725 0 0 0 1</matrix>
                        </node>
                      </node>
                    </node>
                  </node>
                  <node id="B_R_Thigh"  name="B_R_Thigh" type="NODE">
                    <matrix sid="matrix">-0.98810649 -0.046925411 0.14643617 0 -0.046569519 0.99889785 0.0058595417 -1.1920929e-05 -0.14654973 -0.0010296101 -0.98920274 -11.161447 0 0 0 1</matrix>
                    <node id="B_R_Calf"  name="B_R_Calf" type="NODE">
                      <matrix sid="matrix">0.58664834 0.80984181 -4.1414978e-08 50.282738 -0.80984181 0.58664834 -4.8324241e-06 3.8146973e-06 -3.8892031e-06 2.8684731e-06 1 1.9073486e-06 0 0 0 1</matrix>
                      <node id="B_R_Foot"  name="B_R_Foot" type="NODE">
                        <matrix sid="matrix">0.95760244 -0.029930409 0.28653392 39.728134 -0.042862084 0.96871787 0.24443512 -1.1444092e-05 -0.28488657 -0.24635312 0.92636371 5.7220459e-06 0 0 0 1</matrix>
                        <node id="B_R_Toe0"  name="B_R_Toe0" type="NODE">
                          <matrix sid="matrix">-4.3711388e-08 -1 8.9406967e-08 18.214443 1 -4.3711385e-08 4.4703487e-08 14.545956 -4.4703484e-08 8.9406967e-08 1 -0.020648956 0 0 0 1</matrix>
                        </node>
                      </node>
                    </node>
                  </node>
                </node>
              </node>
            </node>
          </node>
        </node>
      </node>
      <node id="Exporter_aAssimpFbxa_PreRotation"  name="Exporter_$AssimpFbx$_PreRotation" type="NODE">
        <matrix sid="matrix">1 0 0 0 0 -4.3711388e-08 1 0 0 -1 -4.3711388e-08 0 0 0 0 1</matrix>
        <node id="Exporter"  name="Exporter" type="NODE">
          <matrix sid="matrix">1 0 0 0 0 1 0 0 0 0 1 0 0 0 0 1</matrix>
        </node>
      </node>
    </visual_scene>
  </library_visual_scenes>
  <library_animations>
    <animation id="TakeW001AnimId0" name="Take 001">
      <source id="B_Head_matrix-input" name="B_Head_matrix-input">
        <float_array id="B_Head_matrix-input-array" count="81"> 0 1 2 3 4 5 6 7 8 9 10 11 12 13 14 15 16 17 18 19 20 21 22 23 24 25 26 27 28 29 30 31 32 33 34 35 36 37 38 39 40 41 42 43 44 45 46 47 48 49 50 51 52 53 54 55 56 57 58 59 60 61 62 63 64 65 66 67 68 69 70 71 72 73 74 75 76 77 78 79 80 </float_array>
        <technique_common>
          <accessor count="81" offset="0" source="#B_Head_matrix-input-array" stride="1">
            <param name="TIME" type="float" />
          </accessor>
        </technique_common>
      </source>
      <source id="B_Head_matrix-output" name="B_Head_matrix-output">
        <float_array id="B_Head_matrix-output-array" count="1296"> 0.99999982 0.00079762918 2.070705e-08 10.019318 -0.00079762941 0.99999958 -1.5049734e-07 1.4083061 -2.0827088e-08 1.5048076e-07 1 4.7683716e-07 0 0 0 1 0.99996233 0.0085065337 0.0017040208 10.019318 -0.0085009625 0.99995852 -0.0032501703 1.4083138 -0.0017315978 0.0032355618 0.99999326 -4.7683716e-07 0 0 0 1 0.99979109 0.020280082 0.0025888106 10.019302 -0.020269334 0.99978602 -0.0041140793 1.4083176 -0.0026716914 0.0040607462 0.99998808 4.7683716e-07 0 0 0 1 0.99938452 0.034962546 0.0028328702 10.019302 -0.034953862 0.99938405 -0.0030613334 1.4083138 -0.0029381579 0.0029604293 0.9999913 0 0 0 0 1 0.99867475 0.051400479 0.0026013928 10.019302 -0.051399171 0.99867797 -0.00056848401 1.4083176 -0.0026271744 0.0004340212 0.99999642 0 0 0 0 1 0.99765313 0.068442091 0.0020473788 10.019318 -0.068447851 0.9976505 0.0028835423 1.4083176 -0.0018452131 -0.0030169133 0.99999374 9.5367432e-07 0 0 0 1 0.99638534 0.08493863 0.0013120747 10.019302 -0.084945641 0.99636221 0.0068084528 1.4083176 -0.00072900113 -0.0068952967 0.99997598 4.7683716e-07 0 0 0 1 0.99501282 0.09974575 0.00052686688 10.019302 -0.099745646 0.99495536 0.010717037 1.4083176 0.00054476969 -0.010716142 0.99994242 -2.3841858e-07 0 0 0 1 0.99373895 0.11172523 -0.00018383356 10.019302 -0.11171151 0.99364024 0.014118002 1.4083176 0.0017600014 -0.014009075 0.99990016 9.5367432e-07 0 0 0 1 0.99280453 0.11974366 -0.00069960195 10.019302 -0.11971587 0.99267071 0.016519336 1.4083099 0.0026725603 -0.016316719 0.99986315 0 0 0 0 1 0.99244714 0.12266862 -0.0008991824 10.019302 -0.12263447 0.99229878 0.017429167 1.4083252 0.0030302692 -0.017187256 0.99984771 7.1525574e-07 0 0 0 1 0.99292183 0.11876794 -0.00056017342 10.019333 -0.11874297 0.99279016 0.016356846 1.4083176 0.0024988034 -0.016174551 0.99986607 2.3841858e-07 0 0 0 1 0.99412352 0.10825137 0.00031841162 10.019302 -0.10824572 0.99403185 0.013549091 1.4083099 0.0011501963 -0.013503937 0.99990815 0 0 0 0 1 0.99567467 0.092894264 0.0015337461 10.019302 -0.092904791 0.99562818 0.0096221538 1.4083176 -0.00063319813 -0.0097230272 0.99995244 -4.7683716e-07 0 0 0 1 0.99721855 0.07447882 0.0028774962 10.019333 -0.074493021 0.997208 0.0051852032 1.4083176 -0.0024832748 -0.0053851339 0.99998236 1.4305115e-06 0 0 0 1 0.99848878 0.054800041 0.0041257399 10.019302 -0.054803912 0.99849677 0.00083203614 1.4083252 -0.0040739416 -0.0010568853 0.99999124 -4.7683716e-07 0 0 0 1 0.99935126 0.035664406 0.0050348626 10.019318 -0.035650313 0.99935997 -0.0028637988 1.4083099 -0.0051337783 0.0026824456 0.99998319 0 0 0 0 1 0.99980736 0.018885542 0.005343887 10.019318 -0.018856971 0.99980783 -0.0053475164 1.4083099 -0.0054438519 0.0052457163 0.99997133 0 0 0 0 1 0.99996871 0.0062757093 0.0047819102 10.019318 -0.0062466273 0.99996197 -0.0060723759 1.4083099 -0.0048198365 0.0060423161 0.99997014 0 0 0 0 1 0.99999499 -0.00035596752 0.0030820218 10.019302 0.00036978722 0.99998963 -0.0044845566 1.4083176 -0.0030803941 0.0044856747 0.99998516 9.5367432e-07 0 0 0 1 0.99999964 0.00079762941 4.4572726e-08 10.019318 -0.00079762941 0.99999964 -1.6394837e-07 1.4083176 -4.470348e-08 1.6391276e-07 0.99999994 0 0 0 0 1 0.99991453 0.01195126 -0.0052786693 10.019302 -0.011903673 0.99988884 0.008956315 1.4083176 0.0053851232 -0.008892714 0.99994582 1.9073486e-06 0 0 0 1 0.99939042 0.032459866 -0.012841051 10.019318 -0.032161418 0.9992224 0.022802927 1.4083099 0.013571247 -0.022376042 0.99965745 9.5367432e-07 0 0 0 1 0.99797082 0.059823025 -0.02180299 10.019318 -0.058908433 0.99744463 0.040419649 1.4083138 0.024165303 -0.039053246 0.99894488 1.9073486e-06 0 0 0 1 0.99531084 0.091517605 -0.031322788 10.019302 -0.089502752 0.99414092 0.060606331 1.4083099 0.036685821 -0.057518657 0.99767011 0 0 0 0 1 0.99132222 0.12501079 -0.040649686 10.019302 -0.12138057 0.98921049 0.082034469 1.4083099 0.050466273 -0.076388523 0.99580026 0 0 0 0 1 0.98624861 0.15778959 -0.049156506 10.019302 -0.15211715 0.98295575 0.10323927 1.4083099 0.064608768 -0.094342038 0.99344099 0 0 0 0 1 0.98066777 0.18739058 -0.056350637 10.019318 -0.17946883 0.97608948 0.12263761 1.4083138 0.077984408 -0.11015356 0.99085039 0 0 0 0 1 0.97543621 0.21141808 -0.061859149 10.019302 -0.20137893 0.96966225 0.1385701 1.4083099 0.089278705 -0.12270918 0.98841876 1.9073486e-06 0 0 0 1 0.97157186 0.22753635 -0.065386035 10.019318 -0.21592754 0.96492016 0.14934722 1.4083099 0.097074226 -0.13098294 0.98662043 0 0 0 0 1 0.97008765 0.23342909 -0.066638976 10.019302 -0.22121695 0.96310014 0.15330043 1.4083138 0.099964805 -0.13397318 0.98593003 0 0 0 0 1 0.97173655 0.22686343 -0.065275878 10.019302 -0.21529368 0.96509266 0.1491452 1.4083138 0.096832886 -0.13087636 0.98665833 1.9073486e-06 0 0 0 1 0.97598064 0.20901608 -0.06143263 10.019302 -0.19910632 0.97023058 0.13787326 1.4083176 0.088421561 -0.12233002 0.98854268 0 0 0 0 1 0.98161805 0.18263544 -0.055410203 10.019318 -0.17494126 0.97707427 0.12133042 1.4083176 0.076299131 -0.10940658 0.99106431 0 0 0 0 1 0.98746574 0.15050514 -0.047537781 10.019318 -0.14512812 0.9842059 0.10137299 1.4083176 0.062044129 -0.093203269 0.99371207 -9.5367432e-07 0 0 0 1 0.99257129 0.11548637 -0.03828048 10.019318 -0.11216578 0.99048036 0.079793528 1.4083176 0.047131151 -0.074906975 0.99607611 0 0 0 0 1 0.99635142 0.080518074 -0.028293228 10.019333 -0.078769863 0.99518901 0.058256101 1.4083138 0.032847784 -0.0558149 0.99790055 0 0 0 0 1 0.998649 0.048585996 -0.01842707 10.019302 -0.047854491 0.9981212 0.038253896 1.4083138 0.02025106 -0.03732039 0.99909806 0 0 0 0 1 0.99969578 0.022680646 -0.0096922843 10.019318 -0.022472203 0.99952465 0.02109962 1.4083176 0.010166232 -0.020875394 0.99973035 9.5367432e-07 0 0 0 1 0.99997824 0.005769324 -0.0031872999 10.019318 -0.0057437713 0.99995172 0.0079687992 1.4083176 0.0032331203 -0.007950319 0.99996316 -4.7683716e-07 0 0 0 1 0.99999982 0.00079762918 4.7942429e-08 10.019318 -0.00079762941 0.99999958 -1.3839733e-07 1.4083061 -4.8052812e-08 1.3835903e-07 1 4.7683716e-07 0 0 0 1 0.99997997 0.0062202727 0.0012822035 10.019318 -0.006214262 0.99996978 -0.004641253 1.4083252 -0.0013110349 0.0046331915 0.99998838 -2.3841858e-07 0 0 0 1 0.9998427 0.017533598 0.0026470283 10.019318 -0.017510114 0.99980915 -0.0086489031 1.4083099 -0.0027981696 0.0086011924 0.99995911 -2.3841858e-07 0 0 0 1 0.99943995 0.033237055 0.0039769216 10.019318 -0.033186853 0.999376 -0.012089425 1.4083138 -0.0043762587 0.011950669 0.99991894 -4.7683716e-07 0 0 0 1 0.9986428 0.051823311 0.0051834895 10.019302 -0.051740523 0.99854761 -0.015002717 1.4083099 -0.0059534535 0.014714157 0.99987394 -9.5367432e-07 0 0 0 1 0.99740112 0.071780346 0.0062009422 10.019302 -0.071663164 0.99727684 -0.017409714 1.4083176 -0.0074337306 0.016920088 0.99982935 -9.5367432e-07 0 0 0 1 0.99577165 0.091597609 0.0069793449 10.019318 -0.091448486 0.99562234 -0.019318311 1.4083138 -0.0087183043 0.018598376 0.99978888 -9.5367432e-07 0 0 0 1 0.99392867 0.10977214 0.0074784034 10.019318 -0.10959753 0.99375963 -0.02073116 1.4083176 -0.0097074416 0.019785676 0.99975699 9.5367432e-07 0 0 0 1 0.99215066 0.12481325 0.0076603936 10.019302 -0.12462311 0.9919678 -0.021650735 1.4083138 -0.010301164 0.02052613 0.99973619 9.5367432e-07 0 0 0 1 0.99078453 0.13524231 0.0074830269 10.019318 -0.13504939 0.99059254 -0.022086665 1.4083176 -0.010399685 0.020872541 0.9997282 0 0 0 0 1 0.9901858 0.13958657 0.0068926848 10.019302 -0.13940534 0.98998952 -0.022059055 1.4083099 -0.009902834 0.020881686 0.99973291 0 0 0 0 1 0.9904983 0.13738653 0.0061588036 10.019302 -0.13722569 0.99030507 -0.021559415 1.4083099 -0.0090610674 0.020509418 0.99974859 0 0 0 0 1 0.9915179 0.12985036 0.0055665076 10.019318 -0.12971118 0.99133819 -0.020586362 1.4083138 -0.0081914365 0.019689713 0.99977261 -1.9073486e-06 0 0 0 1 0.99300104 0.11799777 0.0050665117 10.019333 -0.1178811 0.99284244 -0.019180778 1.4083138 -0.0072935373 0.018449282 0.9998033 0 0 0 0 1 0.99468613 0.10284974 0.0046035228 10.019302 -0.1027557 0.99455458 -0.017380668 1.4083138 -0.0063660517 0.016815269 0.99983835 0 0 0 0 1 0.99633557 0.08543238 0.0041219792 10.019302 -0.085360706 0.99623376 -0.015221397 1.4083099 -0.0054068556 0.014813762 0.99987566 0 0 0 0 1 0.99776137 0.066781543 0.0035708107 10.019333 -0.066731185 0.99768972 -0.012734997 1.4083176 -0.0044130236 0.012468199 0.99991268 9.5367432e-07 0 0 0 1 0.99884588 0.047941066 0.0029069085 10.019287 -0.047910009 0.99880195 -0.0099494699 1.4083099 -0.0033804139 0.009798714 0.99994642 9.5367432e-07 0 0 0 1 0.99954879 0.029961899 0.0020988127 10.019318 -0.029946802 0.99952775 -0.0068882746 1.4083099 -0.0023042073 0.0068223136 0.99997407 9.5367432e-07 0 0 0 1 0.99990273 0.013896522 0.0011297426 10.019318 -0.01389241 0.99989712 -0.0035683888 1.4083176 -0.0011792147 0.0035523474 0.99999291 4.7683716e-07 0 0 0 1 0.9999997 0.00079765928 -2.6197373e-08 10.019318 -0.00079765916 0.99999982 -1.5085341e-07 1.4083176 2.6077032e-08 1.5087427e-07 1.0000001 -4.7683716e-07 0 0 0 1 0.99996638 -0.0078625819 -0.0023202689 10.019302 0.007876426 0.999951 0.0060195187 1.4083099 0.0022728259 -0.0060375929 0.9999792 -4.7683716e-07 0 0 0 1 0.99990737 -0.011869304 -0.0066493475 10.019302 0.011973948 0.99980146 0.015925284 1.4083176 0.0064590056 -0.016003432 0.99985099 -2.3841858e-06 0 0 0 1 0.99984795 -0.012050002 -0.012588823 10.019318 0.012405872 0.99951434 0.028584024 1.4083099 0.012238272 -0.028735859 0.99951208 -4.7683716e-07 0 0 0 1 0.99976397 -0.0092390496 -0.019661348 10.019302 0.010075778 0.9990288 0.042892382 1.4083099 0.019245969 -0.043080356 0.99888623 -9.5367432e-07 0 0 0 1 0.99961734 -0.0042922064 -0.027325083 10.019318 0.0058659911 0.99831223 0.057777878 1.4083099 0.027030969 -0.057916056 0.99795544 0 0 0 0 1 0.99938577 0.0019001795 -0.034990095 10.019318 0.00063136179 0.99739009 0.072197415 1.4083176 0.035035968 -0.072175168 0.99677628 0 0 0 0 1 0.99908066 0.0084094051 -0.042036477 10.019318 -0.0048044017 0.99635792 0.085135348 1.4083099 0.042599313 -0.084855132 0.99548221 -1.9073486e-06 0 0 0 1 0.99875331 0.014274513 -0.047832571 10.019318 -0.0096477857 0.99537313 0.095598243 1.4083099 0.048975881 -0.09501759 0.99426997 9.5367432e-07 0 0 0 1 0.99848825 0.018512074 -0.051751647 10.019302 -0.013122708 0.99463564 0.1026035 1.4083099 0.053373441 -0.10176928 0.99337512 0 0 0 0 1 0.99838138 0.02013967 -0.053187504 10.019302 -0.014455975 0.99435002 0.10516195 1.4083099 0.055004925 -0.10422287 0.99303168 9.5367432e-07 0 0 0 1 0.9984774 0.019052474 -0.05176555 10.019318 -0.013653249 0.99461645 0.10272162 1.4083176 0.053443961 -0.10185846 0.99336219 0 0 0 0 1 0.99872077 0.016196059 -0.047899667 10.019333 -0.011536148 0.99531394 0.096008278 1.4083176 0.049230136 -0.095332891 0.99422747 1.9073486e-06 0 0 0 1 0.99903381 0.012192732 -0.042221662 10.019302 -0.0085280556 0.99626607 0.085913025 1.4083176 0.043111522 -0.085469939 0.9954077 0 0 0 0 1 0.99934483 0.0076635894 -0.035372294 10.019318 -0.0050523574 0.99729478 0.073328979 1.4083099 0.035838574 -0.073102213 0.99668032 -9.5367432e-07 0 0 0 1 0.99960363 0.0032086475 -0.027968075 10.019318 -0.0015485884 0.99824631 0.059176277 1.4083176 0.0281089 -0.059109502 0.99785578 4.7683716e-07 0 0 0 1 0.99978817 -0.0006049595 -0.02057467 10.019287 0.0015185772 0.99901181 0.044418391 1.4083023 0.020527469 -0.044440221 0.99880099 -9.5367432e-07 0 0 0 1 0.99990094 -0.0032453698 -0.013689904 10.019302 0.0036557915 0.99954128 0.030062201 1.4083176 0.013586061 -0.030109273 0.9994542 0 0 0 0 1 0.99996114 -0.0042108591 -0.0077368687 10.019318 0.004343092 0.9998433 0.017154668 1.4083176 0.0076634195 -0.017187599 0.99982303 4.7683716e-07 0 0 0 1 0.99999064 -0.0030205301 -0.0030709996 10.019318 0.0030412672 0.99997234 0.0067703594 1.4083176 0.0030504649 -0.0067796358 0.99997228 0 0 0 0 1 0.99999982 0.00079762918 2.070705e-08 10.019318 -0.00079762941 0.99999958 -1.5049734e-07 1.4083061 -2.0827088e-08 1.5048076e-07 1 4.7683716e-07 0 0 0 1 </float_array>
        <technique_common>
          <accessor count="81" offset="0" source="#B_Head_matrix-output-array" stride="16">
            <param name="TRANSFORM" type="float4x4" />
          </accessor>
        </technique_common>
      </source>
      <source id="B_Head_matrix-interpolation">
        <Name_array id="B_Head_matrix-interpolation-array" count="81"> LINEAR LINEAR LINEAR LINEAR LINEAR LINEAR LINEAR LINEAR LINEAR LINEAR LINEAR LINEAR LINEAR LINEAR LINEAR LINEAR LINEAR LINEAR LINEAR LINEAR LINEAR LINEAR LINEAR LINEAR LINEAR LINEAR LINEAR LINEAR LINEAR LINEAR LINEAR LINEAR LINEAR LINEAR LINEAR LINEAR LINEAR LINEAR LINEAR LINEAR LINEAR LINEAR LINEAR LINEAR LINEAR LINEAR LINEAR LINEAR LINEAR LINEAR LINEAR LINEAR LINEAR LINEAR LINEAR LINEAR LINEAR LINEAR LINEAR LINEAR LINEAR LINEAR LINEAR LINEAR LINEAR LINEAR LINEAR LINEAR LINEAR LINEAR LINEAR LINEAR LINEAR LINEAR LINEAR LINEAR LINEAR LINEAR LINEAR LINEAR LINEAR </Name_array>
        <technique_common>
          <accessor source="#B_Head_matrix-interpolation-array" count="81" stride="1">
            <param name="INTERPOLATION" type="name"></param>
          </accessor>
        </technique_common>
      </source>
      <source id="B_L_Calf_matrix-input" name="B_L_Calf_matrix-input">
        <float_array id="B_L_Calf_matrix-input-array" count="81"> 0 1 2 3 4 5 6 7 8 9 10 11 12 13 14 15 16 17 18 19 20 21 22 23 24 25 26 27 28 29 30 31 32 33 34 35 36 37 38 39 40 41 42 43 44 45 46 47 48 49 50 51 52 53 54 55 56 57 58 59 60 61 62 63 64 65 66 67 68 69 70 71 72 73 74 75 76 77 78 79 80 </float_array>
        <technique_common>
          <accessor count="81" offset="0" source="#B_L_Calf_matrix-input-array" stride="1">
            <param name="TIME" type="float" />
          </accessor>
        </technique_common>
      </source>
      <source id="B_L_Calf_matrix-output" name="B_L_Calf_matrix-output">
