<?xml version="1.0" encoding="UTF-8" standalone="no" ?>
<COLLADA xmlns="http://www.collada.org/2005/11/COLLADASchema" version="1.4.1">
  <asset>
    <contributor>
      <author>Assimp</author>
      <authoring_tool>FBX SDK/FBX Plugins version 2013.1</authoring_tool>
    </contributor>
    <created>2020-08-21T10:31:51</created>
    <modified>2020-08-21T10:31:51</modified>
    <unit name="meter" meter="1" />
    <up_axis>Y_UP</up_axis>
  </asset>
  <library_geometries>
  </library_geometries>
  <library_controllers>
  </library_controllers>
  <library_visual_scenes>
    <visual_scene id="RootNode" name="RootNode">
      <node id="Motion_aAssimpFbxa_Translation"  name="Motion_$AssimpFbx$_Translation" type="NODE">
        <matrix sid="matrix">1 0 0 9.92585e-07 0 1 0 0 0 0 1 -0.17328988 0 0 0 1</matrix>
        <node id="Motion_aAssimpFbxa_PreRotation"  name="Motion_$AssimpFbx$_PreRotation" type="NODE">
          <matrix sid="matrix">1 0 0 0 0 -4.3711388e-08 1 0 0 -1 -4.3711388e-08 0 0 0 0 1</matrix>
          <node id="Motion_aAssimpFbxa_Rotation"  name="Motion_$AssimpFbx$_Rotation" type="NODE">
            <matrix sid="matrix">1.3868001e-06 1 0 0 -1 1.3868001e-06 0 0 0 0 1 0 0 0 0 1</matrix>
            <node id="Motion_aAssimpFbxa_Scaling"  name="Motion_$AssimpFbx$_Scaling" type="NODE">
              <matrix sid="matrix">1 0 0 0 0 1 0 0 0 0 1 0 0 0 0 1</matrix>
              <node id="Motion"  name="Motion" type="NODE">
                <matrix sid="matrix">1 0 0 0 0 1 0 0 0 0 1 0 0 0 0 1</matrix>
                <node id="B_Pelvis"  name="B_Pelvis" type="NODE">
                  <matrix sid="matrix">-4.3711388e-08 0.60876256 0.79335248 0.17329331 0 -0.79335248 0.60876256 2.6999989 1 2.6609857e-08 3.4678539e-08 98.599998 0 0 0 1</matrix>
                  <node id="B_Spine"  name="B_Spine" type="NODE">
                    <matrix sid="matrix">0.99823147 0.047404032 -0.03587313 7.6762924 -0.037805337 0.97190607 0.23231289 -1.6268322 0.045877885 -0.23054582 0.97197938 0.0023474693 0 0 0 1</matrix>
                    <node id="B_Spine1"  name="B_Spine1" type="NODE">
                      <matrix sid="matrix">0.99970514 -0.024198724 0.0019994134 12.747765 0.024175962 0.99965024 0.010716196 -0.014275551 -0.0022580323 -0.0106647 0.99994057 0.00015211105 0 0 0 1</matrix>
                      <node id="B_Spine2"  name="B_Spine2" type="NODE">
                        <matrix sid="matrix">0.9988209 -0.04840361 0.0037315511 17.935463 0.04831202 0.99859816 0.021625748 -0.026443481 -0.0047730841 -0.02141997 0.9997592 0.00054764748 0 0 0 1</matrix>
                        <node id="B_L_Clavicle"  name="B_L_Clavicle" type="NODE">
                          <matrix sid="matrix">-0.017590661 -0.00078421831 0.99984497 17.736847 -0.17375694 -0.98478115 -0.0038293824 0.073141098 0.98463148 -0.17379735 0.017186686 5.0180159 0 0 0 1</matrix>
                          <node id="B_L_UpperArm"  name="B_L_UpperArm" type="NODE">
                            <matrix sid="matrix">0.67658818 0.4022921 0.61675727 17.464663 -0.50647581 0.86222738 -0.0067964494 3.3378601e-06 -0.53451914 -0.30777422 0.7871241 0 0 0 0 1</matrix>
                            <node id="B_L_Forearm"  name="B_L_Forearm" type="NODE">
                              <matrix sid="matrix">-0.13640097 0.98478979 0.10762779 27.628178 -0.99065369 -0.13559355 -0.014819367 -3.8146973e-06 -3.2782563e-07 -0.10864324 0.99408078 0 0 0 0 1</matrix>
                              <node id="B_L_ForeArmTwist"  name="B_L_ForeArmTwist" type="NODE">
                                <matrix sid="matrix">1 5.0429115e-08 -3.2426604e-07 11.992638 -1.4901155e-08 0.99408078 0.10864369 -7.6293945e-06 3.2782543e-07 -0.10864369 0.99408078 1.5258789e-05 0 0 0 1</matrix>
                                <node id="B_L_Hand"  name="B_L_Hand" type="NODE">
                                  <matrix sid="matrix">0.96626526 -0.09560217 0.2391479 11.992653 -0.24727416 -0.084708586 0.96523571 0 -0.072020747 -0.99180877 -0.10549091 0 0 0 0 1</matrix>
                                  <node id="B_L_Finger0"  name="B_L_Finger0" type="NODE">
                                    <matrix sid="matrix">0.80900651 0.13246357 0.57267952 1.4603348 0.15583251 0.89108139 -0.42625123 1.9355392 -0.5667668 0.43408212 0.70024854 -2.4376602 0 0 0 1</matrix>
                                    <node id="B_L_Finger01"  name="B_L_Finger01" type="NODE">
                                      <matrix sid="matrix">0.80299318 -0.59598827 1.2058758e-08 3.7140045 0.59598827 0.80299318 2.7507136e-08 -1.5258789e-05 -2.607703e-08 -1.4901163e-08 1 -2.2888184e-05 0 0 0 1</matrix>
                                      <node id="B_L_Finger02"  name="B_L_Finger02" type="NODE">
                                        <matrix sid="matrix">0.5521847 -0.83372182 -9.2086296e-08 5.5299339 0.83372182 0.5521847 4.3116884e-08 1.5258789e-05 1.4901156e-08 -1.0058284e-07 1 2.2888184e-05 0 0 0 1</matrix>
                                      </node>
                                    </node>
                                  </node>
                                  <node id="B_L_Finger1"  name="B_L_Finger1" type="NODE">
                                    <matrix sid="matrix">0.27254894 -0.95552641 0.11263379 11.625465 0.92804092 0.23019093 -0.29283464 3.1205444 0.25388396 0.18434054 0.94950593 -3.0983582 0 0 0 1</matrix>
                                    <node id="B_L_Finger11"  name="B_L_Finger11" type="NODE">
                                      <matrix sid="matrix">-0.25881925 -0.96592575 1.6886432e-07 4.4568329 0.96592575 -0.25881925 6.0673919e-08 7.6293945e-06 -1.4901163e-08 1.7881398e-07 1 1.9073486e-05 0 0 0 1</matrix>
                                      <node id="B_L_Finger12"  name="B_L_Finger12" type="NODE">
                                        <matrix sid="matrix">0.57357568 -0.81915259 2.526734e-07 3.3311615 0.81915259 0.57357568 -1.587325e-07 -1.5258789e-05 -1.4901159e-08 2.9802317e-07 1 -2.2888184e-05 0 0 0 1</matrix>
                                      </node>
                                    </node>
                                  </node>
                                  <node id="B_L_Finger2"  name="B_L_Finger2" type="NODE">
                                    <matrix sid="matrix">0.25808468 -0.96503466 0.0458293 11.814087 0.96096504 0.25152317 -0.11524842 2.4381027 0.099691592 0.073784202 0.99227887 0.83571625 0 0 0 1</matrix>
                                    <node id="B_L_Finger21"  name="B_L_Finger21" type="NODE">
                                      <matrix sid="matrix">-0.62068582 -0.78405941 3.2177721e-07 5.1996384 0.78405941 -0.62068582 1.2169289e-07 2.2888184e-05 1.0430809e-07 3.2782549e-07 1 7.6293945e-06 0 0 0 1</matrix>
                                      <node id="B_L_Finger22"  name="B_L_Finger22" type="NODE">
                                        <matrix sid="matrix">0.44828629 -0.89389002 1.1999995e-07 5.199625 0.89389002 0.44828629 3.9840081e-08 0 -8.9406988e-08 8.9406996e-08 1 3.8146973e-06 0 0 0 1</matrix>
                                      </node>
                                    </node>
                                  </node>
                                  <node id="B_L_Finger3"  name="B_L_Finger3" type="NODE">
                                    <matrix sid="matrix">0.13847044 -0.99036652 0.00029712808 11.814079 0.99036658 0.13847046 5.9385591e-05 1.9342499 -9.9956967e-05 0.00028604257 0.99999994 4.6002464 0 0 0 1</matrix>
                                    <node id="B_L_Finger31"  name="B_L_Finger31" type="NODE">
                                      <matrix sid="matrix">-0.058766864 -0.99827176 -1.0044769e-06 4.4567871 0.99827176 -0.058766864 -1.1935811e-06 7.6293945e-06 1.1324883e-06 -1.0728838e-06 1 -7.6293945e-06 0 0 0 1</matrix>
                                      <node id="B_L_Finger32"  name="B_L_Finger32" type="NODE">
                                        <matrix sid="matrix">-0.058766745 -0.99827176 -1.8829912e-06 4.4567795 0.99827176 -0.058766745 -1.4841288e-06 -3.0517578e-05 1.3709065e-06 -1.9669544e-06 1 1.9073486e-05 0 0 0 1</matrix>
                                      </node>
                                    </node>
                                  </node>
                                  <node id="B_L_Finger4"  name="B_L_Finger4" type="NODE">
                                    <matrix sid="matrix">0.14714384 -0.98122936 -0.12464996 11.857201 0.98368686 0.15835436 -0.085346863 4.052887 0.10348372 -0.11005826 0.9885233 6.5145264 0 0 0 1</matrix>
                                    <node id="B_L_Finger41"  name="B_L_Finger41" type="NODE">
                                      <matrix sid="matrix">-0.18123157 -0.98344046 -2.080682e-06 3.327652 0.98344046 -0.18123157 -3.8381081e-06 1.5258789e-05 3.3974654e-06 -2.7418132e-06 1 7.6293945e-06 0 0 0 1</matrix>
                                      <node id="B_L_Finger42"  name="B_L_Finger42" type="NODE">
                                        <matrix sid="matrix">0.0019772795 -0.99999803 -2.2412978e-06 3.3276596 0.99999803 0.0019772795 -3.0950173e-06 -3.0517578e-05 3.0994429e-06 -2.2351737e-06 1 -1.9073486e-05 0 0 0 1</matrix>
                                      </node>
                                    </node>
                                  </node>
                                </node>
                              </node>
                            </node>
                          </node>
                        </node>
                        <node id="B_R_Clavicle"  name="B_R_Clavicle" type="NODE">
                          <matrix sid="matrix">-0.10452852 -0.00079657161 -0.9945215 17.736847 0.00023397958 -0.99999964 0.00077636691 0.074661255 -0.99452186 -0.00015154525 0.10452867 -5.0179625 0 0 0 1</matrix>
                          <node id="B_R_UpperArm"  name="B_R_UpperArm" type="NODE">
                            <matrix sid="matrix">0.65678829 0.184351 -0.73119342 17.464647 -0.58112288 0.74166942 -0.33499646 1.2397766e-05 0.48054689 0.64493501 0.59425038 1.5258789e-05 0 0 0 1</matrix>
                            <node id="B_R_Forearm"  name="B_R_Forearm" type="NODE">
                              <matrix sid="matrix">0.1257856 0.99193633 -0.015499667 27.628185 -0.99205744 0.12577026 -0.0019651239 -7.6293945e-06 1.1920932e-07 0.015623745 0.99987793 -1.5258789e-05 0 0 0 1</matrix>
                              <node id="B_R_ForeArmTwist"  name="B_R_ForeArmTwist" type="NODE">
                                <matrix sid="matrix">1 -1.3968749e-09 -8.9396053e-08 11.99263 0 0.99987793 -0.015623782 -1.1444092e-05 8.9406967e-08 0.015623782 0.99987793 0 0 0 0 1</matrix>
                                <node id="B_R_Hand"  name="B_R_Hand" type="NODE">
                                  <matrix sid="matrix">0.86458033 -0.066815831 -0.49803263 11.992653 -0.49769527 0.022792298 -0.86705244 3.8146973e-06 0.069284134 0.99750501 -0.013548149 -1.5258789e-05 0 0 0 1</matrix>
                                  <node id="B_R_Finger0"  name="B_R_Finger0" type="NODE">
                                    <matrix sid="matrix">0.80900657 0.13246369 -0.57267946 1.4603195 0.15583244 0.89108133 0.42625135 1.9355469 0.5667668 -0.43408221 0.7002486 2.4376564 0 0 0 1</matrix>
                                    <node id="B_R_Finger01"  name="B_R_Finger01" type="NODE">
                                      <matrix sid="matrix">0.802993 -0.59598845 -2.5669956e-07 3.7140274 0.59598845 0.802993 -7.918252e-08 -2.2888184e-05 2.5331983e-07 -8.9406974e-08 1 0 0 0 0 1</matrix>
                                      <node id="B_R_Finger02"  name="B_R_Finger02" type="NODE">
                                        <matrix sid="matrix">0.55218488 -0.8337217 6.6474541e-08 5.5299377 0.8337217 0.55218488 -1.1551919e-07 7.6293945e-06 5.9604623e-08 1.1920922e-07 1 2.2888184e-05 0 0 0 1</matrix>
                                      </node>
                                    </node>
                                  </node>
                                  <node id="B_R_Finger1"  name="B_R_Finger1" type="NODE">
                                    <matrix sid="matrix">0.27254859 -0.95552653 -0.11263388 11.625465 0.92804098 0.2301905 0.29283494 3.1205597 -0.25388429 -0.1843406 0.94950587 3.0983505 0 0 0 1</matrix>
                                    <node id="B_R_Finger11"  name="B_R_Finger11" type="NODE">
                                      <matrix sid="matrix">-0.25881925 -0.96592575 -8.8178652e-08 4.4568138 0.96592575 -0.25881925 -8.2924259e-08 0 5.7276349e-08 -1.0663643e-07 1 0 0 0 0 1</matrix>
                                      <node id="B_R_Finger12"  name="B_R_Finger12" type="NODE">
                                        <matrix sid="matrix">0.57357585 -0.81915247 2.1793508e-07 3.331131 0.81915247 0.57357585 5.2261825e-08 0 -1.678127e-07 1.4854594e-07 1 -1.1444092e-05 0 0 0 1</matrix>
                                      </node>
                                    </node>
                                  </node>
                                  <node id="B_R_Finger2"  name="B_R_Finger2" type="NODE">
                                    <matrix sid="matrix">0.25808468 -0.96503466 -0.045829348 11.814064 0.96096504 0.25152317 0.11524836 2.438118 -0.099691525 -0.073784232 0.99227887 -0.83572006 0 0 0 1</matrix>
                                    <node id="B_R_Finger21"  name="B_R_Finger21" type="NODE">
                                      <matrix sid="matrix">-0.62068546 -0.7840597 -1.5163972e-07 5.1995964 0.7840597 -0.62068546 -7.2529758e-08 0 -3.7252914e-08 -1.6391276e-07 1 -3.8146973e-05 0 0 0 1</matrix>
                                      <node id="B_R_Finger22"  name="B_R_Finger22" type="NODE">
                                        <matrix sid="matrix">0.44828618 -0.89389008 3.3399923e-09 5.1996002 0.89389008 0.44828618 6.6600001e-09 3.0517578e-05 -7.4505806e-09 0 1 2.6702881e-05 0 0 0 1</matrix>
                                      </node>
                                    </node>
                                  </node>
                                  <node id="B_R_Finger3"  name="B_R_Finger3" type="NODE">
                                    <matrix sid="matrix">0.1384702 -0.99036652 -0.00029823845 11.814064 0.99036658 0.13847022 -5.9471171e-05 1.9342728 0.00010019541 -0.00028713042 0.99999994 -4.6002541 0 0 0 1</matrix>
                                    <node id="B_R_Finger31"  name="B_R_Finger31" type="NODE">
                                      <matrix sid="matrix">-0.058766745 -0.99827176 9.63262e-09 4.4567947 0.99827176 -0.058766745 -1.6362949e-07 0 1.6391277e-07 0 1 -3.8146973e-06 0 0 0 1</matrix>
                                      <node id="B_R_Finger32"  name="B_R_Finger32" type="NODE">
                                        <matrix sid="matrix">-0.058766864 -0.99827176 6.9477699e-07 4.4568024 0.99827176 -0.058766864 -1.3822297e-07 0 1.7881393e-07 6.8545324e-07 1 -1.1444092e-05 0 0 0 1</matrix>
                                      </node>
                                    </node>
                                  </node>
                                  <node id="B_R_Finger4"  name="B_R_Finger4" type="NODE">
                                    <matrix sid="matrix">0.14714384 -0.98122966 0.12464786 11.857231 0.98368686 0.15835416 0.085347079 4.0529175 -0.10348359 0.11005617 0.98852354 -6.5145607 0 0 0 1</matrix>
                                    <node id="B_R_Finger41"  name="B_R_Finger41" type="NODE">
                                      <matrix sid="matrix">-0.18123135 -0.98344052 1.993227e-07 3.3276672 0.98344052 -0.18123135 8.0948757e-07 3.0517578e-05 -7.5995928e-07 3.4272651e-07 1 2.6702881e-05 0 0 0 1</matrix>
                                      <node id="B_R_Finger42"  name="B_R_Finger42" type="NODE">
                                        <matrix sid="matrix">0.0019766835 -0.99999803 3.1413128e-07 3.327713 0.99999803 0.0019766835 6.1032796e-07 3.0517578e-05 -6.1094772e-07 3.1292427e-07 1 -1.5258789e-05 0 0 0 1</matrix>
                                      </node>
                                    </node>
                                  </node>
                                </node>
                              </node>
                            </node>
                          </node>
                        </node>
                        <node id="B_Neck"  name="B_Neck" type="NODE">
                          <matrix sid="matrix">0.9745459 -0.20556861 -0.089452863 27.039749 0.20928553 0.97725385 0.034271039 1.128233 0.080373101 -0.052119896 0.99540126 0.00061225891 0 0 0 1</matrix>
                          <node id="B_Head"  name="B_Head" type="NODE">
                            <matrix sid="matrix">0.98408651 0.17358989 -0.037950236 10.019318 -0.16961534 0.85404325 -0.49177301 1.4083176 -0.052955683 0.49038416 0.86989599 0 0 0 0 1</matrix>
                          </node>
                        </node>
                      </node>
                    </node>
                  </node>
                  <node id="B_L_Thigh"  name="B_L_Thigh" type="NODE">
                    <matrix sid="matrix">-0.88179493 0.28008324 -0.37946168 0 0.35161811 0.92662716 -0.13314211 1.7642975e-05 0.31432858 -0.25082961 -0.91557741 11.161455 0 0 0 1</matrix>
                    <node id="B_L_Calf"  name="B_L_Calf" type="NODE">
                      <matrix sid="matrix">0.87463468 0.48478261 4.6543414e-07 50.282745 -0.48478261 0.87463468 7.9709007e-06 0 3.4570689e-06 -7.1972604e-06 1 7.6293945e-06 0 0 0 1</matrix>
                      <node id="B_L_Foot"  name="B_L_Foot" type="NODE">
                        <matrix sid="matrix">0.90702915 -0.23339491 -0.35046384 39.728127 0.18250696 0.96798968 -0.17229946 -3.0994415e-06 0.37945923 0.092318535 0.92059106 -7.6293945e-06 0 0 0 1</matrix>
                        <node id="B_L_Toe0"  name="B_L_Toe0" type="NODE">
                          <matrix sid="matrix">-4.3711388e-08 -1 -5.652916e-08 18.214443 1 -4.3711388e-08 -2.4709681e-15 14.545954 0 -5.652916e-08 1 0.020648956 0 0 0 1</matrix>
                        </node>
                      </node>
                    </node>
                  </node>
                  <node id="B_R_Thigh"  name="B_R_Thigh" type="NODE">
                    <matrix sid="matrix">-0.87342447 0.42952597 0.22942802 0 0.18169031 0.72456962 -0.66482151 -1.2397766e-05 -0.45179462 -0.5389865 -0.71089745 -11.161448 0 0 0 1</matrix>
                    <node id="B_R_Calf"  name="B_R_Calf" type="NODE">
                      <matrix sid="matrix">0.69287783 0.72105497 -1.1721977e-07 50.282753 -0.72105497 0.69287783 -4.8244351e-06 7.6293945e-06 -3.3974641e-06 3.4272664e-06 1 0 0 0 0 1</matrix>
                      <node id="B_R_Foot"  name="B_R_Foot" type="NODE">
                        <matrix sid="matrix">0.91488844 -0.31722769 0.24969149 39.72813 0.33217809 0.94302464 -0.019032903 -9.5367432e-07 -0.22942744 0.10035501 0.9681384 3.8146973e-06 0 0 0 1</matrix>
                        <node id="B_R_Toe0"  name="B_R_Toe0" type="NODE">
                          <matrix sid="matrix">1.9470718e-07 -1 4.0707951e-07 18.214439 1 1.9470694e-07 -5.960465e-07 14.545952 5.9604645e-07 4.0707963e-07 1 -0.020650864 0 0 0 1</matrix>
                        </node>
                      </node>
                    </node>
                  </node>
                </node>
              </node>
            </node>
          </node>
        </node>
      </node>
      <node id="Exporter_aAssimpFbxa_PreRotation"  name="Exporter_$AssimpFbx$_PreRotation" type="NODE">
        <matrix sid="matrix">1 0 0 0 0 -4.3711388e-08 1 0 0 -1 -4.3711388e-08 0 0 0 0 1</matrix>
        <node id="Exporter"  name="Exporter" type="NODE">
          <matrix sid="matrix">1 0 0 0 0 1 0 0 0 0 1 0 0 0 0 1</matrix>
        </node>
      </node>
    </visual_scene>
  </library_visual_scenes>
  <library_animations>
    <animation id="TakeW001AnimId0" name="Take 001">
      <source id="B_Head_matrix-input" name="B_Head_matrix-input">
        <float_array id="B_Head_matrix-input-array" count="16"> 0 1 2 3 4 5 6 7 8 9 10 11 12 13 14 15 </float_array>
        <technique_common>
          <accessor count="16" offset="0" source="#B_Head_matrix-input-array" stride="1">
            <param name="TIME" type="float" />
          </accessor>
        </technique_common>
      </source>
      <source id="B_Head_matrix-output" name="B_Head_matrix-output">
        <float_array id="B_Head_matrix-output-array" count="256"> 0.98408645 0.17358987 -0.037950236 10.019318 -0.16961531 0.85404319 -0.49177313 1.4083176 -0.052955672 0.49038419 0.86989611 0 0 0 0 1 0.94923192 0.31446844 -0.0082446067 10.019318 -0.29758576 0.88915706 -0.34762323 1.4083252 -0.1019858 0.33242857 0.93759799 7.6293945e-06 0 0 0 1 0.76599342 0.56348652 -0.30941346 10.019312 -0.6377728 0.6057654 -0.47570363 1.4083099 -0.080620639 0.56172127 0.82338893 0 0 0 0 1 -0.035901073 0.96523482 0.25890684 10.019318 -0.82032347 0.11950419 -0.55927503 1.4083138 -0.57077223 -0.23246574 0.78751445 7.6293945e-06 0 0 0 1 -0.17637515 0.93504727 0.30753607 10.019302 -0.87818205 -0.0083516836 -0.4782536 1.4083176 -0.44462126 -0.35442472 0.82261479 1.1444092e-05 0 0 0 1 -0.053402316 0.94618511 0.31919017 10.019302 -0.92204952 0.075995222 -0.37953901 1.4083138 -0.38337111 -0.31457743 0.86837077 0 0 0 0 1 0.17849387 0.94304609 0.28072131 10.019318 -0.92547774 0.25778943 -0.27755341 1.4083195 -0.33411258 -0.21025972 0.91878176 -7.6293945e-06 0 0 0 1 0.36117396 0.90364254 0.23018169 10.01931 -0.88373137 0.41047502 -0.2247875 1.4083118 -0.29761139 -0.12223136 0.94682997 0 0 0 0 1 0.46975172 0.85941899 0.20182295 10.019318 -0.83113432 0.50760955 -0.22704259 1.4083157 -0.29757196 -0.061088361 0.95274282 7.6293945e-06 0 0 0 1 0.57371366 0.80012667 0.1750713 10.019318 -0.76036513 0.59974933 -0.24929038 1.4083118 -0.30446276 0.0099031925 0.95247275 0 0 0 0 1 0.6692335 0.72849357 0.14636852 10.019302 -0.67597234 0.67867917 -0.28715158 1.4083157 -0.30852523 0.093230374 0.94663638 0 0 0 0 1 0.75466776 0.64631331 0.11294096 10.019318 -0.58375812 0.74000645 -0.33409128 1.4083138 -0.2995047 0.18619776 0.93574959 7.6293945e-06 0 0 0 1 0.82995617 0.55288178 0.074125133 10.019302 -0.48826891 0.78427845 -0.38275397 1.4083128 -0.2697525 0.28147593 0.92087179 0 0 0 0 1 0.89487934 0.44513559 0.032330129 10.019302 -0.39031261 0.81567824 -0.4269951 1.4083157 -0.21644175 0.36949024 0.90367568 0 0 0 0 1 0.94758415 0.31942511 -0.0071924711 10.019302 -0.286208 0.83860844 -0.46348774 1.4083176 -0.14201792 0.44125217 0.8860743 4.7683716e-07 0 0 0 1 0.98408639 0.17358993 -0.037950244 10.019318 -0.16961536 0.85404325 -0.4917731 1.4083176 -0.052955694 0.49038419 0.86989611 0 0 0 0 1 </float_array>
        <technique_common>
          <accessor count="16" offset="0" source="#B_Head_matrix-output-array" stride="16">
            <param name="TRANSFORM" type="float4x4" />
          </accessor>
        </technique_common>
      </source>
      <source id="B_Head_matrix-interpolation">
        <Name_array id="B_Head_matrix-interpolation-array" count="16"> LINEAR LINEAR LINEAR LINEAR LINEAR LINEAR LINEAR LINEAR LINEAR LINEAR LINEAR LINEAR LINEAR LINEAR LINEAR LINEAR </Name_array>
        <technique_common>
          <accessor source="#B_Head_matrix-interpolation-array" count="16" stride="1">
            <param name="INTERPOLATION" type="name"></param>
          </accessor>
        </technique_common>
      </source>
      <source id="B_L_Calf_matrix-input" name="B_L_Calf_matrix-input">
        <float_array id="B_L_Calf_matrix-input-array" count="16"> 0 1 2 3 4 5 6 7 8 9 10 11 12 13 14 15 </float_array>
        <technique_common>
          <accessor count="16" offset="0" source="#B_L_Calf_matrix-input-array" stride="1">
            <param name="TIME" type="float" />
          </accessor>
        </technique_common>
      </source>
      <source id="B_L_Calf_matrix-output" name="B_L_Calf_matrix-output">
        <float_array id="B_L_Calf_matrix-output-array" count="256"> 0.8746348 0.48478267 4.6543431e-07 50.282745 -0.48478267 0.8746348 7.9708998e-06 0 3.4570694e-06 -7.1972618e-06 0.99999988 7.6293945e-06 0 0 0 1 -0.19944339 0.97990948 7.8896301e-07 50.282745 -0.9799096 -0.19944337 6.8649015e-06 0 6.8843365e-06 5.960465e-07 1 7.6293945e-06 0 0 0 1 0.79266298 0.60966039 6.2821164e-07 50.282742 -0.60966033 0.79266304 7.8071207e-06 1.9073486e-06 4.2617316e-06 -6.5714116e-06 1 3.8146973e-06 0 0 0 1 0.84184355 0.53972197 4.3204363e-07 50.282753 -0.53972203 0.84184349 7.9626525e-06 -1.9073486e-06 3.9339061e-06 -6.9364905e-06 1 7.6293945e-06 0 0 0 1 0.85631818 0.51644903 5.3187819e-07 50.282753 -0.51644903 0.85631818 7.9220608e-06 5.7220459e-06 3.6358836e-06 -7.0584933e-06 1 0 0 0 0 1 0.86939555 0.49411735 4.81195e-07 50.282753 -0.49411747 0.86939538 7.9637393e-06 -3.8146973e-06 3.516674e-06 -7.1614045e-06 1 7.6293945e-06 0 0 0 1 0.87784392 0.4789474 3.9405313e-07 50.282753 -0.4789474 0.87784392 7.9403017e-06 -3.8146973e-06 3.4570699e-06 -7.1590757e-06 1 7.6293945e-06 0 0 0 1 0.87871432 0.47734851 4.2204124e-07 50.282753 -0.47734857 0.8787142 8.0191357e-06 3.8146973e-06 3.4570696e-06 -7.2479888e-06 1 0 0 0 0 1 0.87456471 0.48490894 4.7626094e-07 50.282753 -0.48490888 0.87456483 7.8653666e-06 0 3.3974652e-06 -7.1097165e-06 0.99999988 3.8146973e-06 0 0 0 1 0.87005115 0.49296185 5.0433687e-07 50.282753 -0.49296179 0.87005121 7.9029824e-06 0 3.4570696e-06 -7.1246186e-06 1 3.8146973e-06 0 0 0 1 0.86620891 0.4996824 4.0198893e-07 50.282745 -0.49968234 0.86620897 7.9136025e-06 0 3.6060806e-06 -7.0557003e-06 1 3.8146973e-06 0 0 0 1 0.86384434 0.50375915 4.1541165e-07 50.282749 -0.50375909 0.86384439 7.9298497e-06 1.9073486e-06 3.6358833e-06 -7.0594251e-06 0.99999988 3.8146973e-06 0 0 0 1 0.86347038 0.50440013 4.3012011e-07 50.282753 -0.50440019 0.86347026 7.8855592e-06 1.9073486e-06 3.6060815e-06 -7.0258984e-06 1.0000001 0 0 0 0 1 0.86528116 0.50128728 4.8726491e-07 50.282745 -0.50128734 0.86528111 7.9752654e-06 3.8146973e-06 3.5762787e-06 -7.1451063e-06 0.99999994 0 0 0 0 1 0.86914676 0.4945547 4.1807422e-07 50.282753 -0.4945547 0.86914676 7.9057872e-06 -1.9073486e-06 3.5464764e-06 -7.0780511e-06 0.99999994 7.6293945e-06 0 0 0 1 0.87463474 0.48478273 4.7988232e-07 50.282749 -0.48478273 0.87463474 7.9969668e-06 1.9073486e-06 3.4570696e-06 -7.2270645e-06 0.99999994 3.8146973e-06 0 0 0 1 </float_array>
        <technique_common>
          <accessor count="16" offset="0" source="#B_L_Calf_matrix-output-array" stride="16">
            <param name="TRANSFORM" type="float4x4" />
          </accessor>
        </technique_common>
      </source>
      <source id="B_L_Calf_matrix-interpolation">
        <Name_array id="B_L_Calf_matrix-interpolation-array" count="16"> LINEAR LINEAR LINEAR LINEAR LINEAR LINEAR LINEAR LINEAR LINEAR LINEAR LINEAR LINEAR LINEAR LINEAR LINEAR LINEAR </Name_array>
        <technique_common>
          <accessor source="#B_L_Calf_matrix-interpolation-array" count="16" stride="1">
            <param name="INTERPOLATION" type="name"></param>
          </accessor>
        </technique_common>
      </source>
      <source id="B_L_Clavicle_matrix-input" name="B_L_Clavicle_matrix-input">
        <float_array id="B_L_Clavicle_matrix-input-array" count="16"> 0 1 2 3 4 5 6 7 8 9 10 11 12 13 14 15 </float_array>
        <technique_common>
          <accessor count="16" offset="0" source="#B_L_Clavicle_matrix-input-array" stride="1">
            <param name="TIME" type="float" />
          </accessor>
        </technique_common>
      </source>
      <source id="B_L_Clavicle_matrix-output" name="B_L_Clavicle_matrix-output">
        <float_array id="B_L_Clavicle_matrix-output-array" count="256"> -0.01759064 -0.00078422565 0.99984503 17.736847 -0.17375694 -0.98478109 -0.0038293749 0.073141098 0.98463148 -0.17379734 0.017186522 5.0180159 0 0 0 1 -0.017338393 -0.00078849489 0.9998492 17.736847 0.1429749 -0.98972481 0.001698829 0.073131561 0.98957431 0.14298283 0.017273007 5.018013 0 0 0 1 -0.017115949 -0.00072140974 0.99985331 17.736862 0.42243037 -0.90637136 0.0065774024 0.073127747 0.90623379 0.42248088 0.015818059 5.0180149 0 0 0 1 -0.017342446 -0.00078779453 0.99984914 17.736847 0.13805653 -0.99042302 0.0016142351 0.073143005 0.99027246 0.13806371 0.017285105 5.0180168 0 0 0 1 -0.01759064 -0.00078374136 0.99984503 17.736855 -0.17375694 -0.98478115 -0.0038288832 0.073143005 0.98463148 -0.17379735 0.017186582 5.0180149 0 0 0 1 -0.017652985 -0.00077056867 0.99984378 17.736855 -0.25213704 -0.96767747 -0.0051974421 0.073143005 0.96753043 -0.25218943 0.016888019 5.0180168 0 0 0 1 -0.017657401 -0.00076946645 0.9998439 17.736847 -0.25739375 -0.96629274 -0.0052892417 0.073150635 0.96614546 -0.25744697 0.016864002 5.0180149 0 0 0 1 -0.017648697 -0.00077188027 0.99984396 17.736855 -0.24662228 -0.96909845 -0.0051013674 0.073143005 0.96895105 -0.24667387 0.016912876 5.0180168 0 0 0 1 -0.017647024 -0.0007715447 0.99984396 17.736862 -0.2445052 -0.96963465 -0.0050636898 0.073150635 0.96948719 -0.24455643 0.016922353 5.0180187 0 0 0 1 -0.017642379 -0.00077320635 0.99984401 17.736847 -0.23871221 -0.97107768 -0.0049630995 0.073135376 0.9709301 -0.23876254 0.016947625 5.0180168 0 0 0 1 -0.017635465 -0.00077483058 0.99984419 17.736847 -0.23007785 -0.97316039 -0.0048123151 0.073143005 0.97301245 -0.23012687 0.016983747 5.0180206 0 0 0 1 -0.01762688 -0.00077725202 0.99984443 17.736862 -0.21943678 -0.97561586 -0.0046270117 0.073143005 0.9754675 -0.21948421 0.017026424 5.018013 0 0 0 1 -0.017617581 -0.00077898044 0.99984455 17.736847 -0.20763044 -0.97819716 -0.0044206381 0.073137283 0.97804862 -0.20767602 0.017071724 5.0180168 0 0 0 1 -0.017608047 -0.00078101456 0.99984467 17.736862 -0.19550808 -0.9806931 -0.0042090933 0.073142052 0.98054403 -0.19555181 0.017115353 5.0180163 0 0 0 1 -0.017598629 -0.00078277278 0.99984467 17.736847 -0.18392821 -0.9829312 -0.0040069367 0.073141098 0.98278213 -0.18397015 0.017154394 5.0180159 0 0 0 1 -0.01759064 -0.00078422565 0.99984503 17.736847 -0.17375694 -0.98478109 -0.0038293749 0.073140144 0.98463148 -0.17379734 0.017186522 5.0180159 0 0 0 1 </float_array>
        <technique_common>
          <accessor count="16" offset="0" source="#B_L_Clavicle_matrix-output-array" stride="16">
            <param name="TRANSFORM" type="float4x4" />
          </accessor>
        </technique_common>
      </source>
      <source id="B_L_Clavicle_matrix-interpolation">
        <Name_array id="B_L_Clavicle_matrix-interpolation-array" count="16"> LINEAR LINEAR LINEAR LINEAR LINEAR LINEAR LINEAR LINEAR LINEAR LINEAR LINEAR LINEAR LINEAR LINEAR LINEAR LINEAR </Name_array>
        <technique_common>
          <accessor source="#B_L_Clavicle_matrix-interpolation-array" count="16" stride="1">
            <param name="INTERPOLATION" type="name"></param>
          </accessor>
        </technique_common>
      </source>
      <source id="B_L_Finger0_matrix-input" name="B_L_Finger0_matrix-input">
        <float_array id="B_L_Finger0_matrix-input-array" count="16"> 0 1 2 3 4 5 6 7 8 9 10 11 12 13 14 15 </float_array>
        <technique_common>
          <accessor count="16" offset="0" source="#B_L_Finger0_matrix-input-array" stride="1">
            <param name="TIME" type="float" />
          </accessor>
        </technique_common>
      </source>
      <source id="B_L_Finger0_matrix-output" name="B_L_Finger0_matrix-output">
        <float_array id="B_L_Finger0_matrix-output-array" count="256"> 0.80900669 0.13246357 0.57267964 1.4603348 0.15583248 0.89108169 -0.42625138 1.9355392 -0.56676686 0.43408218 0.70024884 -2.4376602 0 0 0 1 0.60738665 0.31979963 0.727193 1.4603233 0.037923303 0.90267533 -0.42864761 1.9355392 -0.79350048 0.28793231 0.53614527 -2.4376564 0 0 0 1 0.60738665 0.31979951 0.72719312 1.4603233 0.037923362 0.90267533 -0.42864755 1.9355469 -0.79350048 0.28793234 0.53614539 -2.4376583 0 0 0 1 0.60738665 0.31979951 0.727193 1.4603271 0.037923273 0.90267557 -0.42864746 1.9355469 -0.79350048 0.28793225 0.53614539 -2.4376564 0 0 0 1 0.60738659 0.31979969 0.72719318 1.4603291 0.037923362 0.90267551 -0.42864767 1.9355545 -0.79350054 0.2879324 0.53614527 -2.4376526 0 0 0 1 0.60253614 0.3230978 0.72976589 1.4603291 0.035541128 0.90261835 -0.42897186 1.9355392 -0.79729968 0.28440771 0.53237712 -2.4376526 0 0 0 1 0.59765804 0.32637408 0.73231477 1.460331 0.033160903 0.9025498 -0.42930695 1.9355469 -0.80106479 0.28086302 0.52859342 -2.4376602 0 0 0 1 0.60738653 0.31979969 0.72719324 1.4603271 0.037923228 0.90267545 -0.42864761 1.9355469 -0.7935006 0.28793225 0.53614527 -2.437664 0 0 0 1 0.63072973 0.30334175 0.71425772 1.4603271 0.049607359 0.90278792 -0.42721593 1.9355469 -0.77441514 0.30489022 0.55436736 -2.4376602 0 0 0 1 0.6565032 0.28396454 0.69883323 1.4603291 0.062961385 0.90257609 -0.42590165 1.9355469 -0.75169086 0.32360518 0.57466561 -2.4376602 0 0 0 1 0.68364817 0.26203519 0.68114835 1.4603243 0.077598043 0.90193075 -0.42485243 1.9355469 -0.72567469 0.34330526 0.59627014 -2.4376526 0 0 0 1 0.71117061 0.23799717 0.66150886 1.4603286 0.093116365 0.9007746 -0.42418721 1.9355469 -0.69682539 0.36326674 0.61844319 -2.4376602 0 0 0 1 0.73817253 0.21237537 0.64031118 1.4603271 0.10910769 0.8990739 -0.42398375 1.9355392 -0.6657303 0.38283598 0.64049989 -2.4376526 0 0 0 1 0.76387727 0.18577895 0.6180436 1.4603271 0.12516013 0.89684165 -0.42427653 1.9355392 -0.63310838 0.40144962 0.66182494 -2.4376678 0 0 0 1 0.78764987 0.15889274 0.59528202 1.4603271 0.14086671 0.89414018 -0.42505258 1.9355469 -0.59980327 0.41864794 0.68188697 -2.4376602 0 0 0 1 0.80900669 0.13246357 0.57267964 1.4603348 0.15583248 0.89108169 -0.42625138 1.9355392 -0.56676686 0.43408218 0.70024884 -2.4376602 0 0 0 1 </float_array>
        <technique_common>
          <accessor count="16" offset="0" source="#B_L_Finger0_matrix-output-array" stride="16">
            <param name="TRANSFORM" type="float4x4" />
          </accessor>
        </technique_common>
      </source>
      <source id="B_L_Finger0_matrix-interpolation">
        <Name_array id="B_L_Finger0_matrix-interpolation-array" count="16"> LINEAR LINEAR LINEAR LINEAR LINEAR LINEAR LINEAR LINEAR LINEAR LINEAR LINEAR LINEAR LINEAR LINEAR LINEAR LINEAR </Name_array>
        <technique_common>
          <accessor source="#B_L_Finger0_matrix-interpolation-array" count="16" stride="1">
            <param name="INTERPOLATION" type="name"></param>
          </accessor>
        </technique_common>
      </source>
      <source id="B_L_Finger01_matrix-input" name="B_L_Finger01_matrix-input">
        <float_array id="B_L_Finger01_matrix-input-array" count="16"> 0 1 2 3 4 5 6 7 8 9 10 11 12 13 14 15 </float_array>
        <technique_common>
          <accessor count="16" offset="0" source="#B_L_Finger01_matrix-input-array" stride="1">
            <param name="TIME" type="float" />
          </accessor>
        </technique_common>
      </source>
      <source id="B_L_Finger01_matrix-output" name="B_L_Finger01_matrix-output">
        <float_array id="B_L_Finger01_matrix-output-array" count="256"> 0.80299318 -0.59598821 1.2058756e-08 3.7140045 0.59598827 0.80299312 2.7507133e-08 -1.5258789e-05 -2.607703e-08 -1.4901163e-08 0.99999982 -2.2888184e-05 0 0 0 1 0.96679771 -0.25554386 -1.0167e-07 3.7140045 0.25554392 0.96679747 3.4778218e-08 0 8.9406974e-08 -5.9604641e-08 0.99999988 -2.2888184e-05 0 0 0 1 0.96679777 -0.25554377 -4.7657792e-08 3.7140007 0.25554377 0.96679777 1.6302289e-08 0 4.1909512e-08 -2.7939677e-08 0.9999997 -2.6702881e-05 0 0 0 1 0.96679771 -0.2555438 -1.8728318e-07 3.7140045 0.25554389 0.96679741 -4.9502674e-08 0 1.9371511e-07 1.7763567e-15 0.9999997 -2.2888184e-05 0 0 0 1 0.96679783 -0.25554386 -1.1406927e-07 3.7139988 0.25554389 0.96679771 1.6087931e-08 0 1.0617077e-07 -4.4703484e-08 0.99999976 -1.9073486e-05 0 0 0 1 0.96873134 -0.24811289 -2.2717786e-07 3.7140064 0.24811295 0.96873111 -8.894942e-08 7.6293945e-06 2.4214387e-07 2.9802319e-08 0.99999982 -3.0517578e-05 0 0 0 1 0.97060782 -0.24066705 -2.1635609e-08 3.7140064 0.24066713 0.97060746 2.5340137e-08 -7.6293945e-06 1.4901159e-08 -2.9802315e-08 0.99999958 -2.6702881e-05 0 0 0 1 0.96679783 -0.25554386 1.7182799e-08 3.7140026 0.25554395 0.96679747 6.619338e-08 -7.6293945e-06 -3.3527613e-08 -5.9604645e-08 0.99999976 -2.2888184e-05 0 0 0 1 0.95651096 -0.29169673 1.5819795e-08 3.7140064 0.29169676 0.95651084 -2.6332927e-08 7.6293945e-06 -7.4505788e-09 2.9802322e-08 0.9999997 -2.2888184e-05 0 0 0 1 0.94313645 -0.33240688 -7.0269062e-09 3.7140026 0.33240691 0.94313633 -2.4766216e-09 -1.5258789e-05 7.4505806e-09 0 0.99999964 -2.4795532e-05 0 0 0 1 0.92651373 -0.37626123 -9.7485646e-08 3.7140045 0.37626135 0.92651343 1.2124106e-07 0 4.4703484e-08 -1.4901158e-07 0.99999964 -2.2888184e-05 0 0 0 1 0.90666151 -0.42185941 -3.8465298e-09 3.7139969 0.42185956 0.90666115 -1.8224947e-08 1.5258789e-05 1.1175871e-08 1.4901159e-08 0.9999997 -1.9073486e-05 0 0 0 1 0.88380975 -0.46784672 -7.0714137e-09 3.7140083 0.46784681 0.88380957 -5.4323696e-08 0 3.1664964e-08 4.470348e-08 0.99999952 -2.4795532e-05 0 0 0 1 0.85841984 -0.51294762 -2.8138054e-08 3.7140121 0.51294774 0.85841966 -1.0360798e-07 0 7.7299774e-08 7.4505806e-08 0.99999958 -2.3841858e-05 0 0 0 1 0.83118093 -0.55600202 -1.2169096e-07 3.7139969 0.55600202 0.83118093 1.9440513e-08 1.5258789e-05 9.0338276e-08 -8.3819032e-08 0.99999964 -2.2888184e-05 0 0 0 1 0.80299318 -0.59598821 1.2058756e-08 3.7140045 0.59598827 0.80299312 2.7507133e-08 -1.5258789e-05 -2.607703e-08 -1.4901163e-08 0.99999982 -2.2888184e-05 0 0 0 1 </float_array>
        <technique_common>
          <accessor count="16" offset="0" source="#B_L_Finger01_matrix-output-array" stride="16">
            <param name="TRANSFORM" type="float4x4" />
          </accessor>
        </technique_common>
      </source>
      <source id="B_L_Finger01_matrix-interpolation">
        <Name_array id="B_L_Finger01_matrix-interpolation-array" count="16"> LINEAR LINEAR LINEAR LINEAR LINEAR LINEAR LINEAR LINEAR LINEAR LINEAR LINEAR LINEAR LINEAR LINEAR LINEAR LINEAR </Name_array>
        <technique_common>
          <accessor source="#B_L_Finger01_matrix-interpolation-array" count="16" stride="1">
            <param name="INTERPOLATION" type="name"></param>
          </accessor>
        </technique_common>
      </source>
      <source id="B_L_Finger02_matrix-input" name="B_L_Finger02_matrix-input">
        <float_array id="B_L_Finger02_matrix-input-array" count="16"> 0 1 2 3 4 5 6 7 8 9 10 11 12 13 14 15 </float_array>
        <technique_common>
          <accessor count="16" offset="0" source="#B_L_Finger02_matrix-input-array" stride="1">
            <param name="TIME" type="float" />
          </accessor>
        </technique_common>
      </source>
      <source id="B_L_Finger02_matrix-output" name="B_L_Finger02_matrix-output">
