<?xml version="1.0" encoding="UTF-8" standalone="no" ?>
<COLLADA xmlns="http://www.collada.org/2005/11/COLLADASchema" version="1.4.1">
  <asset>
    <contributor>
      <author>Assimp</author>
      <authoring_tool>FBX SDK/FBX Plugins version 2013.1</authoring_tool>
    </contributor>
    <created>2020-08-21T10:28:41</created>
    <modified>2020-08-21T10:28:41</modified>
    <unit name="meter" meter="1" />
    <up_axis>Y_UP</up_axis>
  </asset>
  <library_geometries>
  </library_geometries>
  <library_controllers>
  </library_controllers>
  <library_visual_scenes>
    <visual_scene id="RootNode" name="RootNode">
      <node id="Motion_aAssimpFbxa_Translation"  name="Motion_$AssimpFbx$_Translation" type="NODE">
        <matrix sid="matrix">1 0 0 9.92585e-07 0 1 0 0 0 0 1 -0.17328988 0 0 0 1</matrix>
        <node id="Motion_aAssimpFbxa_PreRotation"  name="Motion_$AssimpFbx$_PreRotation" type="NODE">
          <matrix sid="matrix">1 0 0 0 0 -4.3711388e-08 1 0 0 -1 -4.3711388e-08 0 0 0 0 1</matrix>
          <node id="Motion_aAssimpFbxa_Rotation"  name="Motion_$AssimpFbx$_Rotation" type="NODE">
            <matrix sid="matrix">1.3868001e-06 1 0 0 -1 1.3868001e-06 0 0 0 0 1 0 0 0 0 1</matrix>
            <node id="Motion_aAssimpFbxa_Scaling"  name="Motion_$AssimpFbx$_Scaling" type="NODE">
              <matrix sid="matrix">1 0 0 0 0 1 0 0 0 0 1 0 0 0 0 1</matrix>
              <node id="Motion"  name="Motion" type="NODE">
                <matrix sid="matrix">1 0 0 0 0 1 0 0 0 0 1 0 0 0 0 1</matrix>
                <node id="B_Pelvis"  name="B_Pelvis" type="NODE">
                  <matrix sid="matrix">-4.3711388e-08 0.60876256 0.79335248 0.17329331 0 -0.79335248 0.60876256 2.6999989 1 2.6609857e-08 3.4678539e-08 98.58812 0 0 0 1</matrix>
                  <node id="B_Spine"  name="B_Spine" type="NODE">
                    <matrix sid="matrix">0.99823147 0.047404028 -0.03587313 7.6762924 -0.037805334 0.97190607 0.23231289 -1.6268322 0.045877878 -0.23054582 0.97197938 0.0023473501 0 0 0 1</matrix>
                    <node id="B_Spine1"  name="B_Spine1" type="NODE">
                      <matrix sid="matrix">0.99970514 -0.02419873 0.0019994173 12.747772 0.024175968 0.99965024 0.010716196 -0.014275551 -0.0022580363 -0.010664699 0.99994057 0.00015187263 0 0 0 1</matrix>
                      <node id="B_Spine2"  name="B_Spine2" type="NODE">
                        <matrix sid="matrix">0.9988209 -0.048403613 0.003731553 17.93544 0.048312023 0.99859816 0.021625748 -0.026444197 -0.0047730859 -0.02141997 0.9997592 0.00054860115 0 0 0 1</matrix>
                        <node id="B_L_Clavicle"  name="B_L_Clavicle" type="NODE">
                          <matrix sid="matrix">-0.017590661 -0.00078421831 0.99984497 17.736847 -0.17375694 -0.98478115 -0.0038293824 0.073141098 0.98463148 -0.17379735 0.017186686 5.0180159 0 0 0 1</matrix>
                          <node id="B_L_UpperArm"  name="B_L_UpperArm" type="NODE">
                            <matrix sid="matrix">0.67658818 0.4022921 0.61675727 17.464664 -0.50647587 0.86222738 -0.0067963898 2.8610229e-06 -0.53451914 -0.30777431 0.78712404 -1.5258789e-05 0 0 0 1</matrix>
                            <node id="B_L_Forearm"  name="B_L_Forearm" type="NODE">
                              <matrix sid="matrix">-0.13640097 0.98478979 0.10762782 27.628185 -0.99065369 -0.13559353 -0.0148194 -3.8146973e-06 -3.576279e-07 -0.10864328 0.99408078 -1.5258789e-05 0 0 0 1</matrix>
                              <node id="B_L_ForeArmTwist"  name="B_L_ForeArmTwist" type="NODE">
                                <matrix sid="matrix">1 5.8766357e-08 -2.6339526e-07 11.992641 -2.9802308e-08 0.99408078 0.10864355 -2.2888184e-05 2.6822076e-07 -0.10864355 0.99408078 1.5258789e-05 0 0 0 1</matrix>
                                <node id="B_L_Hand"  name="B_L_Hand" type="NODE">
                                  <matrix sid="matrix">0.96626526 -0.095602185 0.2391479 11.992641 -0.24727416 -0.084708698 0.96523571 1.5258789e-05 -0.072020732 -0.99180877 -0.10549102 -7.6293945e-06 0 0 0 1</matrix>
                                  <node id="B_L_Finger0"  name="B_L_Finger0" type="NODE">
                                    <matrix sid="matrix">0.80900651 0.13246325 0.57267964 1.4603348 0.15583278 0.89108145 -0.42625105 1.9355469 -0.5667668 0.43408212 0.70024866 -2.4376526 0 0 0 1</matrix>
                                    <node id="B_L_Finger01"  name="B_L_Finger01" type="NODE">
                                      <matrix sid="matrix">0.80299312 -0.59598833 -7.9646554e-08 3.7140198 0.59598833 0.80299312 1.5113731e-08 0 5.4948025e-08 -5.9604638e-08 1 -2.2888184e-05 0 0 0 1</matrix>
                                      <node id="B_L_Finger02"  name="B_L_Finger02" type="NODE">
                                        <matrix sid="matrix">0.5521847 -0.83372182 5.0701924e-08 5.5299358 0.83372182 0.5521847 -2.4644009e-08 1.5258789e-05 -7.4505788e-09 5.5879344e-08 1 2.2888184e-05 0 0 0 1</matrix>
                                      </node>
                                    </node>
                                  </node>
                                  <node id="B_L_Finger1"  name="B_L_Finger1" type="NODE">
                                    <matrix sid="matrix">0.272549 -0.95552641 0.1126333 11.625473 0.92804086 0.2301911 -0.29283473 3.1205368 0.25388414 0.1843401 0.94950593 -3.0983582 0 0 0 1</matrix>
                                    <node id="B_L_Finger11"  name="B_L_Finger11" type="NODE">
                                      <matrix sid="matrix">-0.25881916 -0.96592581 1.421443e-07 4.4568329 0.96592581 -0.25881916 -6.9900267e-08 0 1.0430814e-07 1.1920932e-07 1 1.9073486e-05 0 0 0 1</matrix>
                                      <node id="B_L_Finger12"  name="B_L_Finger12" type="NODE">
                                        <matrix sid="matrix">0.57357574 -0.81915253 3.2836766e-07 3.3311691 0.81915253 0.57357574 -1.0258847e-07 -2.2888184e-05 -1.0430812e-07 3.2782546e-07 1 -2.2888184e-05 0 0 0 1</matrix>
                                      </node>
                                    </node>
                                  </node>
                                  <node id="B_L_Finger2"  name="B_L_Finger2" type="NODE">
                                    <matrix sid="matrix">0.25808468 -0.96503472 0.045829099 11.814087 0.9609651 0.25152326 -0.11524809 2.4381027 0.099691324 0.073783934 0.99227899 0.83571625 0 0 0 1</matrix>
                                    <node id="B_L_Finger21"  name="B_L_Finger21" type="NODE">
                                      <matrix sid="matrix">-0.62068564 -0.78405952 4.7536247e-07 5.1996231 0.78405952 -0.62068564 1.1974223e-07 7.6293945e-06 2.0116562e-07 4.4703475e-07 1 1.1444092e-05 0 0 0 1</matrix>
                                      <node id="B_L_Finger22"  name="B_L_Finger22" type="NODE">
                                        <matrix sid="matrix">0.44828618 -0.89389008 -9.30402e-08 5.199625 0.89389008 0.44828618 2.1335984e-07 0 -1.4901161e-07 -1.7881398e-07 1 -3.8146973e-06 0 0 0 1</matrix>
                                      </node>
                                    </node>
                                  </node>
                                  <node id="B_L_Finger3"  name="B_L_Finger3" type="NODE">
                                    <matrix sid="matrix">0.13847008 -0.99036658 0.00029721679 11.814064 0.99036664 0.1384701 5.937336e-05 1.9342346 -9.9957033e-05 0.00028613216 0.99999994 4.6002464 0 0 0 1</matrix>
                                    <node id="B_L_Finger31"  name="B_L_Finger31" type="NODE">
                                      <matrix sid="matrix">-0.058766745 -0.99827176 -1.0937293e-06 4.4568024 0.99827176 -0.058766745 -1.1988349e-06 7.6293945e-06 1.132488e-06 -1.1622907e-06 1 -7.6293945e-06 0 0 0 1</matrix>
                                      <node id="B_L_Finger32"  name="B_L_Finger32" type="NODE">
                                        <matrix sid="matrix">-0.058766864 -0.99827176 -1.8497374e-06 4.4567719 0.99827176 -0.058766864 -1.5418792e-06 -2.2888184e-05 1.4305111e-06 -1.9371519e-06 1 3.8146973e-06 0 0 0 1</matrix>
                                      </node>
                                    </node>
                                  </node>
                                  <node id="B_L_Finger4"  name="B_L_Finger4" type="NODE">
                                    <matrix sid="matrix">0.14714432 -0.98122925 -0.12465028 11.857208 0.9836868 0.15835483 -0.085346669 4.052887 0.10348362 -0.11005857 0.98852324 6.5145111 0 0 0 1</matrix>
                                    <node id="B_L_Finger41"  name="B_L_Finger41" type="NODE">
                                      <matrix sid="matrix">-0.18123157 -0.98344046 -2.1180924e-06 3.327652 0.98344046 -0.18123157 -3.7995451e-06 7.6293945e-06 3.352761e-06 -2.7716153e-06 1 1.5258789e-05 0 0 0 1</matrix>
                                      <node id="B_L_Finger42"  name="B_L_Finger42" type="NODE">
                                        <matrix sid="matrix">0.0019772795 -0.99999803 -2.3755847e-06 3.3276596 0.99999803 0.0019772795 -3.1841575e-06 -3.0517578e-05 3.1888487e-06 -2.3692839e-06 1 -1.9073486e-05 0 0 0 1</matrix>
                                      </node>
                                    </node>
                                  </node>
                                </node>
                              </node>
                            </node>
                          </node>
                        </node>
                        <node id="B_R_Clavicle"  name="B_R_Clavicle" type="NODE">
                          <matrix sid="matrix">-0.10452852 -0.00079656718 -0.9945215 17.736847 0.00023397958 -0.99999964 0.00077636249 0.074662209 -0.99452186 -0.00015154571 0.10452867 -5.0179639 0 0 0 1</matrix>
                          <node id="B_R_UpperArm"  name="B_R_UpperArm" type="NODE">
                            <matrix sid="matrix">0.65678829 0.18435103 -0.73119342 17.464649 -0.58112288 0.74166942 -0.33499652 1.2397766e-05 0.48054683 0.64493501 0.59425038 1.5258789e-05 0 0 0 1</matrix>
                            <node id="B_R_Forearm"  name="B_R_Forearm" type="NODE">
                              <matrix sid="matrix">0.1257856 0.99193633 -0.015499667 27.628178 -0.99205744 0.12577026 -0.0019651239 -1.5258789e-05 1.1920932e-07 0.015623745 0.99987793 0 0 0 0 1</matrix>
                              <node id="B_R_ForeArmTwist"  name="B_R_ForeArmTwist" type="NODE">
                                <matrix sid="matrix">1 -1.3968749e-09 -8.9396053e-08 11.99263 0 0.99987793 -0.015623782 -1.1444092e-05 8.9406967e-08 0.015623782 0.99987793 0 0 0 0 1</matrix>
                                <node id="B_R_Hand"  name="B_R_Hand" type="NODE">
                                  <matrix sid="matrix">0.86458033 -0.066815831 -0.49803263 11.992653 -0.49769527 0.022792298 -0.86705244 -3.8146973e-06 0.069284134 0.99750501 -0.013548149 -7.6293945e-06 0 0 0 1</matrix>
                                  <node id="B_R_Finger0"  name="B_R_Finger0" type="NODE">
                                    <matrix sid="matrix">0.80900669 0.13246341 -0.57267934 1.4603271 0.15583262 0.89108139 0.42625123 1.9355469 0.56676662 -0.43408224 0.70024872 2.4376564 0 0 0 1</matrix>
                                    <node id="B_R_Finger01"  name="B_R_Finger01" type="NODE">
                                      <matrix sid="matrix">0.80299306 -0.59598833 -3.7579548e-07 3.714035 0.59598833 0.80299306 -5.6234327e-08 -2.2888184e-05 3.3527618e-07 -1.7881395e-07 1 0 0 0 0 1</matrix>
                                      <node id="B_R_Finger02"  name="B_R_Finger02" type="NODE">
                                        <matrix sid="matrix">0.55218476 -0.83372176 1.9877464e-07 5.5299358 0.83372176 0.55218476 -1.3165103e-07 7.6293945e-06 0 2.3841845e-07 1 3.0517578e-05 0 0 0 1</matrix>
                                      </node>
                                    </node>
                                  </node>
                                  <node id="B_R_Finger1"  name="B_R_Finger1" type="NODE">
                                    <matrix sid="matrix">0.27254868 -0.95552647 -0.11263335 11.625458 0.92804086 0.23019074 0.29283494 3.1205597 -0.2538844 -0.18434012 0.94950587 3.0983505 0 0 0 1</matrix>
                                    <node id="B_R_Finger11"  name="B_R_Finger11" type="NODE">
                                      <matrix sid="matrix">-0.25881937 -0.96592575 -1.5177673e-07 4.4568214 0.96592575 -0.25881937 -2.1014657e-09 0 -3.7252896e-08 -1.4714895e-07 1 3.8146973e-06 0 0 0 1</matrix>
                                      <node id="B_R_Finger12"  name="B_R_Finger12" type="NODE">
                                        <matrix sid="matrix">0.57357585 -0.81915247 1.7707617e-07 3.3311234 0.81915247 0.57357585 5.5610251e-08 0 -1.4711989e-07 1.1315568e-07 1 -1.1444092e-05 0 0 0 1</matrix>
                                      </node>
                                    </node>
                                  </node>
                                  <node id="B_R_Finger2"  name="B_R_Finger2" type="NODE">
                                    <matrix sid="matrix">0.25808457 -0.96503478 -0.04582911 11.814056 0.96096516 0.25152314 0.11524798 2.438118 -0.09969122 -0.073783897 0.99227899 -0.83571625 0 0 0 1</matrix>
                                    <node id="B_R_Finger21"  name="B_R_Finger21" type="NODE">
                                      <matrix sid="matrix">-0.62068564 -0.78405952 -9.7602737e-08 5.199604 0.78405952 -0.62068564 2.7262939e-08 -1.5258789e-05 -8.1956387e-08 -5.9604645e-08 1 -3.0517578e-05 0 0 0 1</matrix>
                                      <node id="B_R_Finger22"  name="B_R_Finger22" type="NODE">
                                        <matrix sid="matrix">0.44828618 -0.89389008 -6.6400148e-09 5.1996002 0.89389008 0.44828618 1.9999987e-08 1.5258789e-05 -1.4901163e-08 -1.4901161e-08 1 2.4795532e-05 0 0 0 1</matrix>
                                      </node>
                                    </node>
                                  </node>
                                  <node id="B_R_Finger3"  name="B_R_Finger3" type="NODE">
                                    <matrix sid="matrix">0.13846996 -0.99036658 -0.00029831231 11.814072 0.99036664 0.13846998 -5.9460941e-05 1.9342728 0.00010019544 -0.00028720501 0.99999994 -4.6002541 0 0 0 1</matrix>
                                    <node id="B_R_Finger31"  name="B_R_Finger31" type="NODE">
                                      <matrix sid="matrix">-0.058766745 -0.99827176 1.1384003e-08 4.4567947 0.99827176 -0.058766745 -1.9338027e-07 0 1.9371505e-07 0 1 0 0 0 0 1</matrix>
                                      <node id="B_R_Finger32"  name="B_R_Finger32" type="NODE">
                                        <matrix sid="matrix">-0.058766864 -0.99827176 7.3677614e-07 4.4568176 0.99827176 -0.058766864 -9.0969678e-08 7.6293945e-06 1.3411048e-07 7.3015678e-07 1 -1.1444092e-05 0 0 0 1</matrix>
                                      </node>
                                    </node>
                                  </node>
                                  <node id="B_R_Finger4"  name="B_R_Finger4" type="NODE">
                                    <matrix sid="matrix">0.14714432 -0.9812296 0.12464803 11.857239 0.9836868 0.15835463 0.085346818 4.0529175 -0.10348341 0.11005632 0.98852354 -6.5145569 0 0 0 1</matrix>
                                    <node id="B_R_Finger41"  name="B_R_Finger41" type="NODE">
                                      <matrix sid="matrix">-0.18123135 -0.98344052 3.0460399e-07 3.3276672 0.98344052 -0.18123135 8.137369e-07 3.0517578e-05 -7.45058e-07 4.4703449e-07 1 3.0517578e-05 0 0 0 1</matrix>
                                      <node id="B_R_Finger42"  name="B_R_Finger42" type="NODE">
                                        <matrix sid="matrix">0.0019769219 -0.99999803 2.1000032e-07 3.327713 0.99999803 0.0019769219 6.9994093e-07 3.0517578e-05 -7.0035469e-07 2.0861619e-07 1 -7.6293945e-06 0 0 0 1</matrix>
                                      </node>
                                    </node>
                                  </node>
                                </node>
                              </node>
                            </node>
                          </node>
                        </node>
                        <node id="B_Neck"  name="B_Neck" type="NODE">
                          <matrix sid="matrix">0.9745459 -0.20556869 -0.089452893 27.039749 0.2092856 0.97725385 0.034271032 1.128232 0.080373131 -0.0521199 0.99540126 0.00061273575 0 0 0 1</matrix>
                          <node id="B_Head"  name="B_Head" type="NODE">
                            <matrix sid="matrix">0.98408651 0.17358994 -0.037950251 10.019318 -0.1696154 0.85404325 -0.49177304 1.4083138 -0.052955702 0.49038416 0.86989599 0 0 0 0 1</matrix>
                          </node>
                        </node>
                      </node>
                    </node>
                  </node>
                  <node id="B_L_Thigh"  name="B_L_Thigh" type="NODE">
                    <matrix sid="matrix">-0.8817656 0.28021151 -0.379435 0 0.35162911 0.9266715 -0.13280387 1.7642975e-05 0.31439844 -0.25052226 -0.91563755 11.161455 0 0 0 1</matrix>
                    <node id="B_L_Calf"  name="B_L_Calf" type="NODE">
                      <matrix sid="matrix">0.87463462 0.48478267 5.284021e-07 50.282738 -0.48478267 0.87463462 7.9615538e-06 3.8146973e-06 3.3974648e-06 -7.2196112e-06 1 0 0 0 0 1</matrix>
                      <node id="B_L_Foot"  name="B_L_Foot" type="NODE">
                        <matrix sid="matrix">0.90706575 -0.23338492 -0.35037592 39.728123 0.18238021 0.9679594 -0.17260394 -4.529953e-06 0.3794328 0.092661485 0.92056757 0 0 0 0 1</matrix>
                        <node id="B_L_Toe0"  name="B_L_Toe0" type="NODE">
                          <matrix sid="matrix">-4.3711388e-08 -1 -5.6529196e-08 18.214443 1 -4.3711388e-08 -2.4709696e-15 14.545954 0 -5.6529196e-08 1 0.012397766 0 0 0 1</matrix>
                        </node>
                      </node>
                    </node>
                  </node>
                  <node id="B_R_Thigh"  name="B_R_Thigh" type="NODE">
                    <matrix sid="matrix">-0.87007111 0.4362787 0.22942795 0 0.18729776 0.72314078 -0.66482103 -1.2397766e-05 -0.45595595 -0.53547025 -0.71089792 -11.161448 0 0 0 1</matrix>
                    <node id="B_R_Calf"  name="B_R_Calf" type="NODE">
                      <matrix sid="matrix">0.6797961 0.73340118 -1.5706928e-07 50.282742 -0.73340118 0.6797961 -4.6967943e-06 3.8146973e-06 -3.3378594e-06 3.3080571e-06 1 3.8146973e-06 0 0 0 1</matrix>
                      <node id="B_R_Foot"  name="B_R_Foot" type="NODE">
                        <matrix sid="matrix">0.91143835 -0.32686919 0.24987341 39.728127 0.34153077 0.93972617 -0.016475141 0 -0.22942737 0.10035553 0.96813834 3.8146973e-06 0 0 0 1</matrix>
                        <node id="B_R_Toe0"  name="B_R_Toe0" type="NODE">
                          <matrix sid="matrix">-4.3711388e-08 -1 4.8496304e-07 18.214439 1 -4.3711648e-08 -5.3644186e-07 14.545954 5.3644186e-07 4.8496304e-07 1 -0.012395859 0 0 0 1</matrix>
                        </node>
                      </node>
                    </node>
                  </node>
                </node>
              </node>
            </node>
          </node>
        </node>
      </node>
      <node id="Exporter_aAssimpFbxa_PreRotation"  name="Exporter_$AssimpFbx$_PreRotation" type="NODE">
        <matrix sid="matrix">1 0 0 0 0 -4.3711388e-08 1 0 0 -1 -4.3711388e-08 0 0 0 0 1</matrix>
        <node id="Exporter"  name="Exporter" type="NODE">
          <matrix sid="matrix">1 0 0 0 0 1 0 0 0 0 1 0 0 0 0 1</matrix>
        </node>
      </node>
    </visual_scene>
  </library_visual_scenes>
  <library_animations>
    <animation>
      <source id="B_Head_matrix-input" name="B_Head_matrix-input">
        <float_array id="B_Head_matrix-input-array" count="33"> 0 1 2 3 4 5 6 7 8 9 10 11 12 13 14 15 16 17 18 19 20 21 22 23 24 25 26 27 28 29 30 31 32 </float_array>
        <technique_common>
          <accessor count="33" offset="0" source="#B_Head_matrix-input-array" stride="1">
            <param name="TIME" type="float" />
          </accessor>
        </technique_common>
      </source>
      <source id="B_Head_matrix-output" name="B_Head_matrix-output">
        <float_array id="B_Head_matrix-output-array" count="528"> 0.98408645 0.17358996 -0.037950248 10.019318 -0.16961537 0.85404336 -0.49177319 1.4083138 -0.052955698 0.49038428 0.86989617 0 0 0 0 1 0.73807579 0.48786747 -0.466079 10.019318 -0.64204621 0.72018868 -0.26287845 1.4083099 0.207415 0.49326852 0.84478712 -1.9073486e-06 0 0 0 1 0.44660336 0.65271902 -0.61196673 10.019318 -0.79278904 0.6057449 0.067518592 1.4083176 0.41476649 0.45500636 0.78799617 -3.8146973e-06 0 0 0 1 0.46351808 0.69981831 -0.54351181 10.019306 -0.72223252 0.6537469 0.22582075 1.4083099 0.51335263 0.28786987 0.80845523 1.5258789e-05 0 0 0 1 0.56609505 0.6995303 -0.43611202 10.019318 -0.6080187 0.7115643 0.35212153 1.4083252 0.5566414 0.065829977 0.82814056 -3.8146973e-06 0 0 0 1 0.70984203 0.62660432 -0.32170096 10.01931 -0.47281107 0.76242423 0.44176817 1.4083099 0.52208644 -0.16148181 0.83746624 -7.6293945e-06 0 0 0 1 0.84173608 0.49343002 -0.21910548 10.019325 -0.34080106 0.80037522 0.49320805 1.4083099 0.41873026 -0.34047961 0.84186614 1.5258789e-05 0 0 0 1 0.92869842 0.34453484 -0.13716616 10.019318 -0.23324728 0.8302598 0.50622535 1.4083099 0.28829584 -0.43813717 0.85142297 0 0 0 0 1 0.96901464 0.23214014 -0.084389344 10.019318 -0.16474268 0.86197042 0.479444 1.4083099 0.18403934 -0.45068562 0.87350553 0 0 0 0 1 0.97807992 0.19325033 -0.077551752 10.019318 -0.14581715 0.90151626 0.40743816 1.4083099 0.14865172 -0.38719854 0.90993428 0 0 0 0 1 0.94396013 0.29006979 -0.15747595 10.019318 -0.25672352 0.94513017 0.20204364 1.4083099 0.20744202 -0.15029331 0.96663332 0 0 0 0 1 0.84687877 0.42780787 -0.31587499 10.019302 -0.49458146 0.85189587 -0.17222854 1.4083176 0.19541189 0.3020826 0.93303823 0 0 0 0 1 0.7655195 0.45257634 -0.4573341 10.019314 -0.64288014 0.50911224 -0.57228488 1.4082947 -0.026168209 0.73210627 0.68068773 0 0 0 0 1 0.77104229 0.40801024 -0.48889804 10.01931 -0.56633604 0.088366613 -0.81942338 1.4083099 -0.29113087 0.90869069 0.29920533 1.5258789e-05 0 0 0 1 0.80318969 0.38707384 -0.45283565 10.019318 -0.42608345 -0.15798594 -0.89078242 1.4083099 -0.41634014 0.90841329 0.038033005 0 0 0 0 1 0.81523025 0.38517871 -0.43247795 10.019318 -0.35608065 -0.25556064 -0.89883006 1.4083099 -0.45673454 0.88675034 -0.071186066 -7.6293945e-06 0 0 0 1 0.81854391 0.38533676 -0.42603031 10.019302 -0.31233168 -0.32389745 -0.89305091 1.4083099 -0.48211524 0.86406404 -0.14477147 7.6293945e-06 0 0 0 1 0.81535542 0.38477647 -0.43260008 10.019318 -0.29431161 -0.36799133 -0.88202226 1.4083099 -0.4985745 0.84648073 -0.18679953 7.6293945e-06 0 0 0 1 0.80784744 0.38245308 -0.44845533 10.019318 -0.29827422 -0.39096481 -0.87073475 1.4083099 -0.50834537 0.83718365 -0.20176399 1.5258789e-05 0 0 0 1 0.79812074 0.37886584 -0.4684701 10.019318 -0.31864122 -0.39448082 -0.86188912 1.4083099 -0.51134276 0.83716547 -0.19412109 -7.6293945e-06 0 0 0 1 0.7884506 0.37552425 -0.48716271 10.019318 -0.34876069 -0.37946126 -0.85695696 1.4082947 -0.50666744 0.84557134 -0.16821827 0 0 0 0 1 0.78144085 0.37419096 -0.49933076 10.019318 -0.38146317 -0.34679702 -0.85686487 1.4083252 -0.49379769 0.86006558 -0.12826128 0 0 0 0 1 0.77990597 0.37606099 -0.50032455 10.019302 -0.40958706 -0.29779539 -0.86229712 1.4082947 -0.47327068 0.87743723 -0.078222737 -7.6293945e-06 0 0 0 1 0.78649843 0.38102347 -0.48604679 10.019287 -0.42643943 -0.23422927 -0.87366259 1.4083099 -0.44673216 0.89440393 -0.021737577 7.6293945e-06 0 0 0 1 0.80318969 0.38707384 -0.45283565 10.019318 -0.42608345 -0.15798594 -0.89078242 1.4083099 -0.41634014 0.90841329 0.038033005 0 0 0 0 1 0.85305208 0.38756782 -0.34941858 10.019318 -0.39556426 0.043549653 -0.91740525 1.4083099 -0.34033972 0.92081177 0.19045812 -1.5258789e-05 0 0 0 1 0.92080224 0.33832523 -0.19405997 10.019318 -0.32421184 0.3873587 -0.86304098 1.4083099 -0.21681777 0.85760665 0.46636975 0 0 0 0 1 0.96615446 0.24465676 -0.081785612 10.019348 -0.23375487 0.69622153 -0.67870045 1.4083118 -0.10910776 0.67484707 0.72984719 1.5258789e-05 0 0 0 1 0.98408645 0.17358996 -0.037950248 10.019302 -0.16961537 0.85404336 -0.49177319 1.4083138 -0.052955698 0.49038428 0.86989617 0 0 0 0 1 0.98812753 0.15090436 -0.028842743 10.019302 -0.1489093 0.89448893 -0.42156282 1.4083176 -0.037816163 0.42085275 0.90634012 0 0 0 0 1 0.98771888 0.15338595 -0.029733844 10.019302 -0.15118834 0.89030099 -0.42954189 1.408329 -0.039413612 0.42876208 0.90255731 1.5258789e-05 0 0 0 1 0.98552638 0.16594632 -0.034638606 10.019302 -0.16266812 0.86820745 -0.46878046 1.4083252 -0.04771889 0.46763009 0.8826353 0 0 0 0 1 0.98408645 0.17358996 -0.037950248 10.019302 -0.16961537 0.85404336 -0.49177319 1.4083138 -0.052955698 0.49038428 0.86989617 0 0 0 0 1 </float_array>
        <technique_common>
          <accessor count="33" offset="0" source="#B_Head_matrix-output-array" stride="16">
            <param name="TRANSFORM" type="float4x4" />
          </accessor>
        </technique_common>
      </source>
      <source id="B_Head_matrix-interpolation">
        <Name_array id="B_Head_matrix-interpolation-array" count="33"> LINEAR LINEAR LINEAR LINEAR LINEAR LINEAR LINEAR LINEAR LINEAR LINEAR LINEAR LINEAR LINEAR LINEAR LINEAR LINEAR LINEAR LINEAR LINEAR LINEAR LINEAR LINEAR LINEAR LINEAR LINEAR LINEAR LINEAR LINEAR LINEAR LINEAR LINEAR LINEAR LINEAR </Name_array>
        <technique_common>
          <accessor source="#B_Head_matrix-interpolation-array" count="33" stride="1">
            <param name="INTERPOLATION" type="name"></param>
          </accessor>
        </technique_common>
      </source>
      <source id="B_L_Calf_matrix-input" name="B_L_Calf_matrix-input">
        <float_array id="B_L_Calf_matrix-input-array" count="33"> 0 1 2 3 4 5 6 7 8 9 10 11 12 13 14 15 16 17 18 19 20 21 22 23 24 25 26 27 28 29 30 31 32 </float_array>
        <technique_common>
          <accessor count="33" offset="0" source="#B_L_Calf_matrix-input-array" stride="1">
            <param name="TIME" type="float" />
          </accessor>
        </technique_common>
      </source>
      <source id="B_L_Calf_matrix-output" name="B_L_Calf_matrix-output">
        <float_array id="B_L_Calf_matrix-output-array" count="528"> 0.87463462 0.48478273 5.2840187e-07 50.282738 -0.48478267 0.87463474 7.9615538e-06 3.8146973e-06 3.3974648e-06 -7.2196117e-06 1 0 0 0 0 1 0.34064767 0.94019145 8.2984275e-07 50.282745 -0.94019121 0.34064776 7.4644486e-06 7.6293945e-06 6.7353249e-06 -3.3229589e-06 1 3.8146973e-06 0 0 0 1 0.080183923 0.99678028 9.183691e-07 50.282749 -0.99678016 0.080183931 7.1673167e-06 0 7.0706005e-06 -1.4901161e-06 1 3.3378601e-06 0 0 0 1 0.13283618 0.99113828 9.2175196e-07 50.282749 -0.99113816 0.13283619 7.1445997e-06 -7.6293945e-06 6.9588432e-06 -1.8626451e-06 1 3.8146973e-06 0 0 0 1 0.49622941 0.86819166 7.7732352e-07 50.282768 -0.8681916 0.49622947 7.6186138e-06 0 6.2286854e-06 -4.4554467e-06 1 -3.8146973e-06 0 0 0 1 0.84845233 0.52927202 5.6901786e-07 50.282761 -0.52927202 0.84845233 7.8380672e-06 0 3.6656854e-06 -6.9513917e-06 1 -7.6293945e-06 0 0 0 1 0.99999976 0.00097655971 -7.0213138e-09 50.282753 -0.00097655971 0.99999976 8.0689879e-06 -9.5367432e-07 1.4901161e-08 -8.0689788e-06 1 0 0 0 0 1 0.99573362 -0.092275791 3.1279907e-08 50.28273 0.092275791 0.99573362 8.0596838e-06 0 -7.7486038e-07 -8.0224127e-06 0.99999994 -1.5258789e-05 0 0 0 1 0.99895561 -0.045699652 -4.036211e-08 50.282761 0.045699663 0.99895537 8.0557593e-06 1.9073486e-06 -3.278256e-07 -8.0491882e-06 1 -1.5258789e-05 0 0 0 1 0.99999976 0.00097652897 -2.194545e-08 50.282757 -0.00097652897 0.99999976 8.0457194e-06 0 2.9802322e-08 -8.0456957e-06 1 0 0 0 0 1 0.99911588 -0.042046878 -6.988202e-08 50.282768 0.04204689 0.99911565 8.039623e-06 -3.8146973e-06 -2.6822087e-07 -8.0354521e-06 1 0 0 0 0 1 0.99638158 -0.084992528 -4.5550557e-08 50.282761 0.084992506 0.99638182 8.0728951e-06 3.8146973e-06 -6.4074993e-07 -8.0475575e-06 0.99999988 0 0 0 0 1 0.99999964 0.00097647315 8.0445183e-08 50.282761 -0.00097647303 0.99999976 7.9899728e-06 0 -7.2643161e-08 -7.9900492e-06 1 0 0 0 0 1 0.71398532 0.70016074 5.8238624e-07 50.28273 -0.70016068 0.71398538 7.8187895e-06 -7.6293945e-06 5.0585945e-06 -5.9902663e-06 0.99999994 7.6293945e-06 0 0 0 1 0.2895259 0.95717049 8.5825138e-07 50.282761 -0.95717019 0.28952599 7.327445e-06 -5.7220459e-06 6.7651263e-06 -2.9429791e-06 0.99999988 0 0 0 0 1 0.23691192 0.97153151 9.535089e-07 50.282761 -0.97153127 0.23691198 7.3799365e-06 -3.8146973e-06 6.9439402e-06 -2.6747587e-06 1.0000001 0 0 0 0 1 0.20591508 0.9785701 9.143497e-07 50.282761 -0.9785701 0.20591508 7.1970444e-06 -3.8146973e-06 6.8545332e-06 -2.376735e-06 1.0000001 7.6293945e-06 0 0 0 1 0.19215873 0.98136413 9.4216648e-07 50.28273 -0.98136401 0.19215874 7.1691848e-06 -5.7220459e-06 6.8545341e-06 -2.3022299e-06 1 7.6293945e-06 0 0 0 1 0.19186613 0.98142135 9.8658211e-07 50.282745 -0.98142123 0.19186614 7.146803e-06 -1.9073486e-06 6.8247323e-06 -2.3394821e-06 1 7.6293945e-06 0 0 0 1 0.20162039 0.97946405 8.8624256e-07 50.28273 -0.97946405 0.20162039 7.150255e-06 -3.8146973e-06 6.8247327e-06 -2.30968e-06 1 1.5258789e-05 0 0 0 1 0.21818469 0.97590768 8.7250964e-07 50.282745 -0.9759075 0.21818474 7.1272088e-06 0 6.7651281e-06 -2.4065369e-06 1 0 0 0 0 1 0.23839402 0.9711687 8.8344336e-07 50.28273 -0.97116858 0.23839405 7.1521381e-06 0 6.735324e-06 -2.5629997e-06 1 1.5258789e-05 0 0 0 1 0.2590968 0.96585149 1.0027778e-06 50.282745 -0.96585137 0.25909683 7.3041729e-06 -5.7220459e-06 6.7949295e-06 -2.8610229e-06 0.99999988 0 0 0 0 1 0.27715567 0.96082526 8.9101911e-07 50.282745 -0.96082491 0.27715576 7.4220452e-06 -9.5367432e-06 6.8843356e-06 -2.9131768e-06 0.99999988 1.5258789e-05 0 0 0 1 0.28952414 0.95717102 9.648852e-07 50.282745 -0.95717102 0.28952414 7.5153725e-06 -3.8146973e-06 6.9141392e-06 -3.0994418e-06 1 7.6293945e-06 0 0 0 1 0.1936904 0.98106295 8.6440411e-07 50.282761 -0.98106295 0.1936904 7.4309019e-06 -1.9073486e-06 7.1227551e-06 -2.2873287e-06 1.0000001 0 0 0 0 1 0.32522878 0.9456355 8.8662478e-07 50.282745 -0.9456355 0.32522878 7.3644405e-06 0 6.6757202e-06 -3.2335518e-06 1 1.5258789e-05 0 0 0 1 0.62218577 0.78286982 8.138378e-07 50.282761 -0.78286982 0.62218577 7.7655222e-06 -7.6293945e-06 5.5730338e-06 -5.4687257e-06 1.0000001 -1.5258789e-05 0 0 0 1 0.87463462 0.48478308 4.6904921e-07 50.282768 -0.48478302 0.87463468 7.9774163e-06 7.6293945e-06 3.4570694e-06 -7.2047114e-06 1.0000001 0 0 0 0 1 0.99999976 0.00097653252 -1.7085779e-07 50.282745 -0.00097653264 0.99999964 8.14738e-06 7.6293945e-06 1.7881392e-07 -8.1472099e-06 1 0 0 0 0 1 0.99999964 0.00097654021 9.7312054e-08 50.282745 -0.00097654009 0.99999976 8.0949631e-06 0 -8.940696e-08 -8.0950558e-06 1 -1.5258789e-05 0 0 0 1 0.92372239 0.38306287 3.5603077e-07 50.282749 -0.38306293 0.92372227 7.9383426e-06 7.6293945e-06 2.7120113e-06 -7.4692066e-06 0.99999988 0 0 0 0 1 0.87463462 0.48478308 4.6904921e-07 50.282768 -0.48478302 0.87463468 7.9774163e-06 7.6293945e-06 3.4570694e-06 -7.2047114e-06 1.0000001 0 0 0 0 1 </float_array>
        <technique_common>
          <accessor count="33" offset="0" source="#B_L_Calf_matrix-output-array" stride="16">
            <param name="TRANSFORM" type="float4x4" />
          </accessor>
        </technique_common>
      </source>
      <source id="B_L_Calf_matrix-interpolation">
        <Name_array id="B_L_Calf_matrix-interpolation-array" count="33"> LINEAR LINEAR LINEAR LINEAR LINEAR LINEAR LINEAR LINEAR LINEAR LINEAR LINEAR LINEAR LINEAR LINEAR LINEAR LINEAR LINEAR LINEAR LINEAR LINEAR LINEAR LINEAR LINEAR LINEAR LINEAR LINEAR LINEAR LINEAR LINEAR LINEAR LINEAR LINEAR LINEAR </Name_array>
        <technique_common>
          <accessor source="#B_L_Calf_matrix-interpolation-array" count="33" stride="1">
            <param name="INTERPOLATION" type="name"></param>
          </accessor>
        </technique_common>
      </source>
      <source id="B_L_Clavicle_matrix-input" name="B_L_Clavicle_matrix-input">
        <float_array id="B_L_Clavicle_matrix-input-array" count="33"> 0 1 2 3 4 5 6 7 8 9 10 11 12 13 14 15 16 17 18 19 20 21 22 23 24 25 26 27 28 29 30 31 32 </float_array>
        <technique_common>
          <accessor count="33" offset="0" source="#B_L_Clavicle_matrix-input-array" stride="1">
            <param name="TIME" type="float" />
          </accessor>
        </technique_common>
      </source>
      <source id="B_L_Clavicle_matrix-output" name="B_L_Clavicle_matrix-output">
        <float_array id="B_L_Clavicle_matrix-output-array" count="528"> -0.01759064 -0.00078422565 0.99984503 17.736847 -0.17375694 -0.98478115 -0.0038293675 0.073141098 0.98463148 -0.17379735 0.017186522 5.0180159 0 0 0 1 -0.017588856 -0.00078427803 0.99984509 17.736855 -0.17133188 -0.98520648 -0.0037867725 0.073135376 0.98505658 -0.17137192 0.017194092 5.0180168 0 0 0 1 -0.017583845 -0.00078559644 0.99984515 17.736847 -0.16526429 -0.98624235 -0.0036813167 0.073150635 0.98609251 -0.16530341 0.017211853 5.0180206 0 0 0 1 -0.017577408 -0.00078649796 0.99984509 17.736851 -0.15736711 -0.98753375 -0.0035433464 0.073143005 0.98738372 -0.157405 0.017234381 5.0180283 0 0 0 1 -0.017571447 -0.00078796584 0.99984533 17.736855 -0.14945965 -0.9887619 -0.0034058541 0.073135376 0.98861164 -0.14949638 0.017256141 5.018013 0 0 0 1 -0.017566323 -0.00078783941 0.99984545 17.736862 -0.14337067 -0.98966384 -0.0032986924 0.073143005 0.98951322 -0.14340647 0.017271698 5.018013 0 0 0 1 -0.017564416 -0.00078850234 0.99984545 17.736855 -0.14093357 -0.99001366 -0.0032565519 0.073135376 0.98986322 -0.14096896 0.017277896 5.0180359 0 0 0 1 -0.017566802 -0.00078798831 0.9998455 17.736847 -0.14397988 -0.98957515 -0.0033095558 0.073139191 0.98942482 -0.14401573 0.017270269 5.0180206 0 0 0 1 -0.017575024 -0.00078668434 0.99984527 17.736855 -0.1543269 -0.98801351 -0.0034901053 0.073139191 0.98786342 -0.15436435 0.017243028 5.0180054 0 0 0 1 -0.017590646 -0.00078422588 0.99984509 17.736839 -0.17375697 -0.98478127 -0.0038293754 0.073139191 0.98463172 -0.17379737 0.017186644 5.0180206 0 0 0 1 -0.017628906 -0.00077673764 0.99984431 17.736839 -0.22185376 -0.97506869 -0.0046691368 0.073139191 0.97492063 -0.22190146 0.017016886 5.0180054 0 0 0 1 -0.017692091 -0.00075934816 0.9998433 17.736847 -0.30115518 -0.9535557 -0.0060531208 0.073143005 0.95341116 -0.30121499 0.016641797 5.0180054 0 0 0 1 -0.017761467 -0.00073391193 0.99984211 17.736858 -0.38799563 -0.92163008 -0.0075689713 0.073135376 0.92148989 -0.38806877 0.016084792 5.0180054 0 0 0 1 -0.017819047 -0.00070692599 0.99984121 17.736847 -0.46055502 -0.88758731 -0.0088354805 0.073135376 0.88745236 -0.46063924 0.015490295 5.0180054 0 0 0 1 -0.017850518 -0.00068956614 0.99984056 17.736862 -0.50004101 -0.86594939 -0.0095246444 0.073135376 0.86581773 -0.50013125 0.015112819 5.018013 0 0 0 1 -0.017862201 -0.00068292022 0.99984038 17.736862 -0.5146178 -0.85736418 -0.0097792149 0.073150635 0.85723376 -0.51471025 0.014962733 5.0180206 0 0 0 1 -0.017869711 -0.00067818159 0.99984008 17.736862 -0.52419317 -0.8515414 -0.0099462559 0.073135376 0.851412 -0.52428705 0.014861224 5.0180054 0 0 0 1 -0.017873881 -0.00067558879 0.99984002 17.736847 -0.52912647 -0.84848356 -0.010032355 0.073120117 0.8483547 -0.52922118 0.014808117 5.0180206 0 0 0 1 -0.017874124 -0.00067523122 0.99984008 17.736877 -0.52972752 -0.84810853 -0.010042667 0.073135376 0.84797972 -0.52982217 0.014801443 5.018013 0 0 0 1 -0.017871141 -0.00067713874 0.9998402 17.736877 -0.52626336 -0.8502633 -0.009982259 0.073120117 0.85013384 -0.52635777 0.014838757 5.0180206 0 0 0 1 -0.017865537 -0.00068056578 0.99984008 17.736862 -0.51896602 -0.85473788 -0.0098549416 0.073150635 0.85460794 -0.51905912 0.014917194 5.0180359 0 0 0 1 -0.017856957 -0.00068598986 0.99984056 17.736877 -0.50804114 -0.86127865 -0.0096644331 0.073120117 0.86114782 -0.50813258 0.015031222 5.0180206 0 0 0 1 -0.017845633 -0.00069259101 0.99984038 17.736847 -0.49367607 -0.86959475 -0.009413748 0.073150635 0.86946285 -0.49376523 0.015176592 5.0180206 0 0 0 1 -0.017831447 -0.00070047373 0.9998408 17.736862 -0.47604936 -0.87937135 -0.0091060549 0.073150635 0.87923795 -0.47613582 0.015346944 5.018013 0 0 0 1 -0.017815115 -0.00070893759 0.99984109 17.736862 -0.45533755 -0.8902759 -0.0087444335 0.073135376 0.89014077 -0.45542088 0.01553756 5.018013 0 0 0 1 -0.017776489 -0.00072748947 0.99984175 17.736862 -0.40697265 -0.91340607 -0.007900238 0.073127747 0.91326743 -0.40704861 0.015940964 5.0180054 0 0 0 1 -0.017710209 -0.00075331319 0.99984282 17.736847 -0.32391638 -0.94606364 -0.0064503099 0.073139191 0.94591999 -0.32397971 0.016510902 5.0180054 0 0 0 1 -0.017639516 -0.00077394384 0.99984413 17.736832 -0.23528351 -0.97191441 -0.004903249 0.073139191 0.97176677 -0.23533329 0.01696193 5.0180054 0 0 0 1 -0.01759064 -0.00078422565 0.99984503 17.736847 -0.17375694 -0.98478115 -0.0038293675 0.073135376 0.98463148 -0.17379735 0.017186522 5.0180206 0 0 0 1 -0.01757407 -0.0007869823 0.99984515 17.736847 -0.15307806 -0.9882077 -0.003468446 0.073150635 0.98805779 -0.15311533 0.017246423 5.0180054 0 0 0 1 -0.017576097 -0.00078649819 0.99984527 17.736847 -0.15537928 -0.98784888 -0.0035084186 0.073135376 0.98769855 -0.15541691 0.017240046 5.0180206 0 0 0 1 -0.017585518 -0.00078493368 0.99984509 17.736847 -0.16687216 -0.98597181 -0.0037090182 0.073127747 0.9858219 -0.16691153 0.017207682 5.0180206 0 0 0 1 -0.01759064 -0.00078422565 0.99984503 17.736847 -0.17375694 -0.98478115 -0.0038293675 0.073135376 0.98463148 -0.17379735 0.017186522 5.0180206 0 0 0 1 </float_array>
        <technique_common>
          <accessor count="33" offset="0" source="#B_L_Clavicle_matrix-output-array" stride="16">
            <param name="TRANSFORM" type="float4x4" />
          </accessor>
        </technique_common>
      </source>
      <source id="B_L_Clavicle_matrix-interpolation">
        <Name_array id="B_L_Clavicle_matrix-interpolation-array" count="33"> LINEAR LINEAR LINEAR LINEAR LINEAR LINEAR LINEAR LINEAR LINEAR LINEAR LINEAR LINEAR LINEAR LINEAR LINEAR LINEAR LINEAR LINEAR LINEAR LINEAR LINEAR LINEAR LINEAR LINEAR LINEAR LINEAR LINEAR LINEAR LINEAR LINEAR LINEAR LINEAR LINEAR </Name_array>
        <technique_common>
          <accessor source="#B_L_Clavicle_matrix-interpolation-array" count="33" stride="1">
            <param name="INTERPOLATION" type="name"></param>
          </accessor>
        </technique_common>
      </source>
      <source id="B_L_Finger0_matrix-input" name="B_L_Finger0_matrix-input">
        <float_array id="B_L_Finger0_matrix-input-array" count="33"> 0 1 2 3 4 5 6 7 8 9 10 11 12 13 14 15 16 17 18 19 20 21 22 23 24 25 26 27 28 29 30 31 32 </float_array>
        <technique_common>
          <accessor count="33" offset="0" source="#B_L_Finger0_matrix-input-array" stride="1">
            <param name="TIME" type="float" />
          </accessor>
        </technique_common>
      </source>
      <source id="B_L_Finger0_matrix-output" name="B_L_Finger0_matrix-output">
