<?xml version="1.0" encoding="UTF-8" standalone="no" ?>
<COLLADA xmlns="http://www.collada.org/2005/11/COLLADASchema" version="1.4.1">
  <asset>
    <contributor>
      <author>Assimp</author>
      <authoring_tool>FBX SDK/FBX Plugins version 2013.1</authoring_tool>
    </contributor>
    <created>2020-08-21T10:31:23</created>
    <modified>2020-08-21T10:31:23</modified>
    <unit name="meter" meter="1" />
    <up_axis>Y_UP</up_axis>
  </asset>
  <library_geometries>
  </library_geometries>
  <library_controllers>
  </library_controllers>
  <library_visual_scenes>
    <visual_scene id="RootNode" name="RootNode">
      <node id="Motion_aAssimpFbxa_Translation"  name="Motion_$AssimpFbx$_Translation" type="NODE">
        <matrix sid="matrix">1 0 0 9.92585e-07 0 1 0 0 0 0 1 -0.17328988 0 0 0 1</matrix>
        <node id="Motion_aAssimpFbxa_PreRotation"  name="Motion_$AssimpFbx$_PreRotation" type="NODE">
          <matrix sid="matrix">1 0 0 0 0 -4.3711388e-08 1 0 0 -1 -4.3711388e-08 0 0 0 0 1</matrix>
          <node id="Motion_aAssimpFbxa_Rotation"  name="Motion_$AssimpFbx$_Rotation" type="NODE">
            <matrix sid="matrix">1.3868001e-06 1 0 0 -1 1.3868001e-06 0 0 0 0 1 0 0 0 0 1</matrix>
            <node id="Motion_aAssimpFbxa_Scaling"  name="Motion_$AssimpFbx$_Scaling" type="NODE">
              <matrix sid="matrix">1 0 0 0 0 1 0 0 0 0 1 0 0 0 0 1</matrix>
              <node id="Motion"  name="Motion" type="NODE">
                <matrix sid="matrix">1 0 0 0 0 1 0 0 0 0 1 0 0 0 0 1</matrix>
                <node id="B_Pelvis"  name="B_Pelvis" type="NODE">
                  <matrix sid="matrix">-4.3711388e-08 0.60876256 0.79335248 0.17329331 0 -0.79335248 0.60876256 2.6999989 1 2.6609857e-08 3.4678539e-08 98.587509 0 0 0 1</matrix>
                  <node id="B_Spine"  name="B_Spine" type="NODE">
                    <matrix sid="matrix">0.99823147 0.047404032 -0.03587313 7.6762924 -0.037805337 0.97190607 0.23231289 -1.6268325 0.045877885 -0.23054582 0.97197938 0.0023474693 0 0 0 1</matrix>
                    <node id="B_Spine1"  name="B_Spine1" type="NODE">
                      <matrix sid="matrix">0.99970514 -0.024198731 0.0019994131 12.747772 0.02417597 0.99965024 0.010716197 -0.014275074 -0.0022580323 -0.0106647 0.99994057 0.00015163422 0 0 0 1</matrix>
                      <node id="B_Spine2"  name="B_Spine2" type="NODE">
                        <matrix sid="matrix">0.9988209 -0.048403617 0.0037315506 17.93544 0.048312027 0.99859816 0.02162578 -0.026443481 -0.0047730855 -0.021420002 0.9997592 0.00054788589 0 0 0 1</matrix>
                        <node id="B_L_Clavicle"  name="B_L_Clavicle" type="NODE">
                          <matrix sid="matrix">-0.01759069 -0.0007847026 0.99984491 17.736862 -0.17375681 -0.98478109 -0.0038298517 0.073141098 0.98463148 -0.17379723 0.017186632 5.0180168 0 0 0 1</matrix>
                          <node id="B_L_UpperArm"  name="B_L_UpperArm" type="NODE">
                            <matrix sid="matrix">0.67658824 0.40229219 0.61675715 17.464661 -0.50647593 0.86222732 -0.0067963004 3.3378601e-06 -0.53451896 -0.30777431 0.78712416 0 0 0 0 1</matrix>
                            <node id="B_L_Forearm"  name="B_L_Forearm" type="NODE">
                              <matrix sid="matrix">-0.13640097 0.98478979 0.10762794 27.628166 -0.99065369 -0.13559353 -0.014819479 0 -4.1723251e-07 -0.10864342 0.99408078 -1.5258789e-05 0 0 0 1</matrix>
                              <node id="B_L_ForeArmTwist"  name="B_L_ForeArmTwist" type="NODE">
                                <matrix sid="matrix">1 5.8766357e-08 -2.6339526e-07 11.992641 -2.9802308e-08 0.99408078 0.10864355 -1.5258789e-05 2.6822076e-07 -0.10864355 0.99408078 1.5258789e-05 0 0 0 1</matrix>
                                <node id="B_L_Hand"  name="B_L_Hand" type="NODE">
                                  <matrix sid="matrix">0.96626526 -0.095601641 0.23914801 11.992641 -0.24727416 -0.084708229 0.96523577 7.6293945e-06 -0.072020315 -0.99180883 -0.10549043 -7.6293945e-06 0 0 0 1</matrix>
                                  <node id="B_L_Finger0"  name="B_L_Finger0" type="NODE">
                                    <matrix sid="matrix">0.80900657 0.13246359 0.57267946 1.4603195 0.15583247 0.89108145 -0.42625123 1.9355469 -0.5667668 0.43408212 0.70024866 -2.4376526 0 0 0 1</matrix>
                                    <node id="B_L_Finger01"  name="B_L_Finger01" type="NODE">
                                      <matrix sid="matrix">0.802993 -0.59598851 3.5630777e-07 3.7140121 0.59598851 0.802993 -1.9019222e-07 0 -1.7276025e-07 3.6507834e-07 1 -2.2888184e-05 0 0 0 1</matrix>
                                      <node id="B_L_Finger02"  name="B_L_Finger02" type="NODE">
                                        <matrix sid="matrix">0.552185 -0.83372158 2.9264626e-07 5.529932 0.83372158 0.552185 -7.65761e-07 1.5258789e-05 4.7683665e-07 6.668273e-07 1 2.6702881e-05 0 0 0 1</matrix>
                                      </node>
                                    </node>
                                  </node>
                                  <node id="B_L_Finger1"  name="B_L_Finger1" type="NODE">
                                    <matrix sid="matrix">0.27254894 -0.95552647 0.11263328 11.625473 0.92804092 0.23019108 -0.29283458 3.1205444 0.25388402 0.18434006 0.94950604 -3.0983582 0 0 0 1</matrix>
                                    <node id="B_L_Finger11"  name="B_L_Finger11" type="NODE">
                                      <matrix sid="matrix">-0.25881916 -0.96592581 9.2365013e-07 4.4568253 0.96592581 -0.25881916 1.3890766e-06 0 -1.1026866e-06 1.2516971e-06 1 2.2888184e-05 0 0 0 1</matrix>
                                      <node id="B_L_Finger12"  name="B_L_Finger12" type="NODE">
                                        <matrix sid="matrix">0.57357562 -0.81915259 2.4735818e-06 3.3311615 0.81915259 0.57357562 -1.9230222e-06 -1.5258789e-05 1.5646232e-07 3.1292398e-06 1 -1.5258789e-05 0 0 0 1</matrix>
                                      </node>
                                    </node>
                                  </node>
                                  <node id="B_L_Finger2"  name="B_L_Finger2" type="NODE">
                                    <matrix sid="matrix">0.25808468 -0.96503472 0.045829058 11.814079 0.9609651 0.25152329 -0.11524792 2.4381027 0.09969116 0.073783852 0.99227899 0.83572006 0 0 0 1</matrix>
                                    <node id="B_L_Finger21"  name="B_L_Finger21" type="NODE">
                                      <matrix sid="matrix">-0.62068617 -0.78405911 1.4596807e-06 5.1996307 0.78405911 -0.62068617 5.5686758e-07 7.6293945e-06 4.6938652e-07 1.4901159e-06 1 1.5258789e-05 0 0 0 1</matrix>
                                      <node id="B_L_Finger22"  name="B_L_Finger22" type="NODE">
                                        <matrix sid="matrix">0.44828662 -0.8938899 -7.48719e-07 5.1996326 0.8938899 0.44828662 -1.9583199e-06 0 2.086163e-06 2.0861624e-07 1 0 0 0 0 1</matrix>
                                      </node>
                                    </node>
                                  </node>
                                  <node id="B_L_Finger3"  name="B_L_Finger3" type="NODE">
                                    <matrix sid="matrix">0.13846973 -0.99036658 0.00029708561 11.814064 0.99036664 0.13846974 5.9512196e-05 1.9342499 -0.00010007627 0.00028598306 0.99999994 4.6002426 0 0 0 1</matrix>
                                    <node id="B_L_Finger31"  name="B_L_Finger31" type="NODE">
                                      <matrix sid="matrix">-0.058766149 -0.99827176 -2.3621024e-07 4.4567947 0.99827176 -0.058766149 -1.0587923e-06 7.6293945e-06 1.0430814e-06 -2.9802317e-07 1 -3.8146973e-06 0 0 0 1</matrix>
                                      <node id="B_L_Finger32"  name="B_L_Finger32" type="NODE">
                                        <matrix sid="matrix">-0.058767933 -0.99827164 -1.7586622e-06 4.4567719 0.99827164 -0.058767933 -3.0889228e-06 -7.6293945e-06 2.9802313e-06 -1.9371523e-06 1 0 0 0 0 1</matrix>
                                      </node>
                                    </node>
                                  </node>
                                  <node id="B_L_Finger4"  name="B_L_Finger4" type="NODE">
                                    <matrix sid="matrix">0.14714408 -0.98122925 -0.12465039 11.857201 0.9836868 0.1583546 -0.085346438 4.052887 0.10348339 -0.11005872 0.98852324 6.5145149 0 0 0 1</matrix>
                                    <node id="B_L_Finger41"  name="B_L_Finger41" type="NODE">
                                      <matrix sid="matrix">-0.18123135 -0.98344052 -9.5693986e-07 3.3276367 0.98344052 -0.18123135 -3.3582844e-06 7.6293945e-06 3.1292452e-06 -1.5497197e-06 1 7.6293945e-06 0 0 0 1</matrix>
                                      <node id="B_L_Finger42"  name="B_L_Finger42" type="NODE">
                                        <matrix sid="matrix">0.0019765643 -0.99999803 -1.7992094e-06 3.3276596 0.99999803 0.0019765643 -5.5992959e-06 -2.2888184e-05 5.6028412e-06 -1.7881385e-06 1 -1.5258789e-05 0 0 0 1</matrix>
                                      </node>
                                    </node>
                                  </node>
                                </node>
                              </node>
                            </node>
                          </node>
                        </node>
                        <node id="B_R_Clavicle"  name="B_R_Clavicle" type="NODE">
                          <matrix sid="matrix">-0.1045284 -0.00079351617 -0.9945215 17.736847 0.00023377997 -0.99999964 0.00077331567 0.074662209 -0.99452186 -0.00015166576 0.10452855 -5.0179634 0 0 0 1</matrix>
                          <node id="B_R_UpperArm"  name="B_R_UpperArm" type="NODE">
                            <matrix sid="matrix">0.65678835 0.18435109 -0.7311933 17.464645 -0.58112293 0.74166936 -0.33499646 8.5830688e-06 0.48054677 0.64493501 0.59425044 1.5258789e-05 0 0 0 1</matrix>
                            <node id="B_R_Forearm"  name="B_R_Forearm" type="NODE">
                              <matrix sid="matrix">0.12578572 0.99193633 -0.015499664 27.628181 -0.99205744 0.12577038 -0.0019651554 0 8.9406988e-08 0.015623745 0.99987793 0 0 0 0 1</matrix>
                              <node id="B_R_ForeArmTwist"  name="B_R_ForeArmTwist" type="NODE">
                                <matrix sid="matrix">1 -3.026431e-08 -2.9333059e-08 11.99263 2.9802322e-08 0.99987793 -0.015623782 -7.6293945e-06 2.9802322e-08 0.015623782 0.99987793 0 0 0 0 1</matrix>
                                <node id="B_R_Hand"  name="B_R_Hand" type="NODE">
                                  <matrix sid="matrix">0.86458033 -0.066815794 -0.49803269 11.992653 -0.49769533 0.022792283 -0.86705244 7.6293945e-06 0.069284096 0.99750501 -0.013548149 -7.6293945e-06 0 0 0 1</matrix>
                                  <node id="B_R_Finger0"  name="B_R_Finger0" type="NODE">
                                    <matrix sid="matrix">0.80900669 0.13246332 -0.57267946 1.4603195 0.15583266 0.89108145 0.42625114 1.9355469 0.56676662 -0.43408218 0.70024872 2.4376564 0 0 0 1</matrix>
                                    <node id="B_R_Finger01"  name="B_R_Finger01" type="NODE">
                                      <matrix sid="matrix">0.80299306 -0.59598833 -3.223235e-07 3.7140274 0.59598833 0.80299306 -9.0775075e-08 -1.5258789e-05 3.1292444e-07 -1.192093e-07 1 7.6293945e-06 0 0 0 1</matrix>
                                      <node id="B_R_Finger02"  name="B_R_Finger02" type="NODE">
                                        <matrix sid="matrix">0.55218476 -0.83372176 2.068406e-07 5.5299397 0.83372176 0.55218476 -6.5500984e-08 7.6293945e-06 -5.9604634e-08 2.0861616e-07 1 3.0517578e-05 0 0 0 1</matrix>
                                      </node>
                                    </node>
                                  </node>
                                  <node id="B_R_Finger1"  name="B_R_Finger1" type="NODE">
                                    <matrix sid="matrix">0.27254868 -0.95552653 -0.11263333 11.625465 0.92804086 0.23019072 0.292835 3.1205521 -0.25388446 -0.18434012 0.94950587 3.0983467 0 0 0 1</matrix>
                                    <node id="B_R_Finger11"  name="B_R_Finger11" type="NODE">
                                      <matrix sid="matrix">-0.25881937 -0.96592575 -1.410243e-07 4.4568214 0.96592575 -0.25881937 -6.382016e-08 0 2.514571e-08 -1.527369e-07 1 7.6293945e-06 0 0 0 1</matrix>
                                      <node id="B_R_Finger12"  name="B_R_Finger12" type="NODE">
                                        <matrix sid="matrix">0.57357579 -0.81915247 2.7258824e-07 3.331131 0.81915247 0.57357579 9.2157549e-08 7.6293945e-06 -2.3184111e-07 1.70432e-07 1 -1.5258789e-05 0 0 0 1</matrix>
                                      </node>
                                    </node>
                                  </node>
                                  <node id="B_R_Finger2"  name="B_R_Finger2" type="NODE">
                                    <matrix sid="matrix">0.25808468 -0.96503472 -0.045829162 11.814064 0.9609651 0.25152326 0.11524803 2.438118 -0.099691249 -0.073783979 0.99227899 -0.83572006 0 0 0 1</matrix>
                                    <node id="B_R_Finger21"  name="B_R_Finger21" type="NODE">
                                      <matrix sid="matrix">-0.62068564 -0.78405952 -9.5657171e-08 5.1996002 0.78405952 -0.62068564 -4.7217448e-08 0 -2.2351742e-08 -1.0430811e-07 1 -3.0517578e-05 0 0 0 1</matrix>
                                      <node id="B_R_Finger22"  name="B_R_Finger22" type="NODE">
                                        <matrix sid="matrix">0.44828629 -0.89389002 -3.3280021e-08 5.1996002 0.89389002 0.44828629 3.3359967e-08 1.5258789e-05 -1.4901163e-08 -4.4703494e-08 1 2.0980835e-05 0 0 0 1</matrix>
                                      </node>
                                    </node>
                                  </node>
                                  <node id="B_R_Finger3"  name="B_R_Finger3" type="NODE">
                                    <matrix sid="matrix">0.13846996 -0.99036658 -0.00029829552 11.814064 0.99036664 0.13846998 -5.9448237e-05 1.9342728 0.00010018053 -0.00028719014 0.99999994 -4.6002541 0 0 0 1</matrix>
                                    <node id="B_R_Finger31"  name="B_R_Finger31" type="NODE">
                                      <matrix sid="matrix">-0.058766745 -0.99827176 -6.9941697e-09 4.4567947 0.99827176 -0.058766745 -1.3475433e-07 -1.5258789e-05 1.3411042e-07 -1.4901155e-08 1 -7.6293945e-06 0 0 0 1</matrix>
                                      <node id="B_R_Finger32"  name="B_R_Finger32" type="NODE">
                                        <matrix sid="matrix">-0.058766864 -0.99827176 6.9565266e-07 4.4568176 0.99827176 -0.058766864 -1.530984e-07 7.6293945e-06 1.9371511e-07 6.8545324e-07 1 -7.6293945e-06 0 0 0 1</matrix>
                                      </node>
                                    </node>
                                  </node>
                                  <node id="B_R_Finger4"  name="B_R_Finger4" type="NODE">
                                    <matrix sid="matrix">0.14714444 -0.98122954 0.12464812 11.857231 0.98368675 0.15835476 0.085346818 4.0529175 -0.10348344 0.11005641 0.98852354 -6.5145645 0 0 0 1</matrix>
                                    <node id="B_R_Finger41"  name="B_R_Finger41" type="NODE">
                                      <matrix sid="matrix">-0.18123123 -0.98344052 2.1512878e-07 3.3276825 0.98344052 -0.18123123 8.8816051e-07 1.5258789e-05 -8.3446497e-07 3.7252877e-07 1 3.8146973e-05 0 0 0 1</matrix>
                                      <node id="B_R_Finger42"  name="B_R_Finger42" type="NODE">
                                        <matrix sid="matrix">0.0019769219 -0.99999803 2.2484255e-07 3.3277054 0.99999803 0.0019769219 6.7010916e-07 3.0517578e-05 -6.7055237e-07 2.2351736e-07 1 -1.1444092e-05 0 0 0 1</matrix>
                                      </node>
                                    </node>
                                  </node>
                                </node>
                              </node>
                            </node>
                          </node>
                        </node>
                        <node id="B_Neck"  name="B_Neck" type="NODE">
                          <matrix sid="matrix">0.9745459 -0.20556872 -0.089452885 27.039749 0.20928563 0.97725385 0.034271009 1.128233 0.080373123 -0.052119877 0.99540126 0.00061249733 0 0 0 1</matrix>
                          <node id="B_Head"  name="B_Head" type="NODE">
                            <matrix sid="matrix">0.98408651 0.17358994 -0.037950236 10.019302 -0.16961539 0.85404319 -0.49177316 1.4083138 -0.052955739 0.49038428 0.86989594 0 0 0 0 1</matrix>
                          </node>
                        </node>
                      </node>
                    </node>
                  </node>
                  <node id="B_L_Thigh"  name="B_L_Thigh" type="NODE">
                    <matrix sid="matrix">-0.88179493 0.28008324 -0.37946168 0 0.35161811 0.92662716 -0.13314211 1.7642975e-05 0.31432858 -0.25082961 -0.91557741 11.161455 0 0 0 1</matrix>
                    <node id="B_L_Calf"  name="B_L_Calf" type="NODE">
                      <matrix sid="matrix">0.87463462 0.48478267 3.655648e-07 50.282745 -0.48478267 0.87463462 7.9751435e-06 0 3.5464759e-06 -7.1525565e-06 1 3.8146973e-06 0 0 0 1</matrix>
                      <node id="B_L_Foot"  name="B_L_Foot" type="NODE">
                        <matrix sid="matrix">0.90702915 -0.23339508 -0.35046375 39.728127 0.18250717 0.96798968 -0.17229944 -2.3841858e-06 0.37945911 0.092318468 0.92059118 -7.6293945e-06 0 0 0 1</matrix>
                        <node id="B_L_Toe0"  name="B_L_Toe0" type="NODE">
                          <matrix sid="matrix">-4.3711388e-08 -1 -5.6529217e-08 18.214441 1 -4.3711388e-08 -2.4709704e-15 14.545954 0 -5.6529217e-08 1 0.012397766 0 0 0 1</matrix>
                        </node>
                      </node>
                    </node>
                  </node>
                  <node id="B_R_Thigh"  name="B_R_Thigh" type="NODE">
                    <matrix sid="matrix">-0.87342441 0.42952603 0.22942811 0 0.18169051 0.7245698 -0.66482121 -1.2397766e-05 -0.45179468 -0.53898615 -0.71089774 -11.161448 0 0 0 1</matrix>
                    <node id="B_R_Calf"  name="B_R_Calf" type="NODE">
                      <matrix sid="matrix">0.69287813 0.72105467 -1.2258988e-07 50.282742 -0.72105467 0.69287813 -4.8295979e-06 3.8146973e-06 -3.3974645e-06 3.434717e-06 1 5.7220459e-06 0 0 0 1</matrix>
                      <node id="B_R_Foot"  name="B_R_Foot" type="NODE">
                        <matrix sid="matrix">0.91488856 -0.31722742 0.24969122 39.728127 0.33217782 0.94302469 -0.019032992 -1.9073486e-06 -0.22942719 0.10035495 0.96813846 -1.9073486e-06 0 0 0 1</matrix>
                        <node id="B_R_Toe0"  name="B_R_Toe0" type="NODE">
                          <matrix sid="matrix">-4.3711388e-08 -1 5.8227153e-07 18.214441 1 -4.3711768e-08 -6.5565109e-07 14.545958 6.5565109e-07 5.8227147e-07 1 -0.012397766 0 0 0 1</matrix>
                        </node>
                      </node>
                    </node>
                  </node>
                </node>
              </node>
            </node>
          </node>
        </node>
      </node>
      <node id="Exporter_aAssimpFbxa_PreRotation"  name="Exporter_$AssimpFbx$_PreRotation" type="NODE">
        <matrix sid="matrix">1 0 0 0 0 -4.3711388e-08 1 0 0 -1 -4.3711388e-08 0 0 0 0 1</matrix>
        <node id="Exporter"  name="Exporter" type="NODE">
          <matrix sid="matrix">1 0 0 0 0 1 0 0 0 0 1 0 0 0 0 1</matrix>
        </node>
      </node>
    </visual_scene>
  </library_visual_scenes>
  <library_animations>
    <animation id="TakeW001AnimId0" name="Take 001">
      <source id="B_Head_matrix-input" name="B_Head_matrix-input">
        <float_array id="B_Head_matrix-input-array" count="13"> 0 1 2 3 4 5 6 7 8 9 10 11 12 </float_array>
        <technique_common>
          <accessor count="13" offset="0" source="#B_Head_matrix-input-array" stride="1">
            <param name="TIME" type="float" />
          </accessor>
        </technique_common>
      </source>
      <source id="B_Head_matrix-output" name="B_Head_matrix-output">
        <float_array id="B_Head_matrix-output-array" count="208"> 0.98408651 0.17358994 -0.037950236 10.019302 -0.16961539 0.85404319 -0.49177322 1.4083138 -0.052955739 0.49038431 0.86989605 0 0 0 0 1 0.92640167 0.20572065 0.31537017 10.019318 -0.33305493 0.83840901 0.43144432 1.4083099 -0.17565218 -0.50472623 0.84522051 -1.9073486e-06 0 0 0 1 0.92627424 0.20613685 0.31547394 10.019318 -0.3334783 0.83826452 0.43139836 1.4083138 -0.17552364 -0.5047968 0.84520483 -3.8146973e-06 0 0 0 1 0.94162428 0.24073417 0.23535286 10.019302 -0.32523835 0.83104843 0.45119616 1.4083138 -0.08697135 -0.50140285 0.86083138 0 0 0 0 1 0.91554129 0.40146777 -0.024646278 10.019318 -0.28870693 0.6132555 -0.73523176 1.4083176 -0.28005746 0.68025053 0.67736745 1.1444092e-05 0 0 0 1 0.90946943 0.41461614 -0.030965546 10.019302 -0.29116419 0.58196712 -0.75930083 1.4083099 -0.29679736 0.69957733 0.65000236 -3.8146973e-06 0 0 0 1 0.91574466 0.40099746 -0.024762703 10.019287 -0.28848863 0.6134119 -0.73518717 1.4083176 -0.2796185 0.68038732 0.67741162 7.6293945e-06 0 0 0 1 0.95800245 0.28591362 -0.022014992 10.019318 -0.23787041 0.74945176 -0.61785102 1.4083099 -0.16015279 0.59713942 0.78598714 -7.6293945e-06 0 0 0 1 0.98408669 0.17358989 -0.037950218 10.019318 -0.16961534 0.85404319 -0.49177316 1.4083099 -0.052955732 0.49038431 0.86989594 0 0 0 0 1 0.98728049 0.15312578 -0.04277423 10.019318 -0.15522493 0.87018549 -0.46763477 1.4083138 -0.034385413 0.46832636 0.88288617 9.5367432e-07 0 0 0 1 0.98574513 0.16334964 -0.040289801 10.019302 -0.16249035 0.8622331 -0.47974062 1.4083138 -0.04362626 0.47944885 0.87648469 0 0 0 0 1 0.98408669 0.17358989 -0.037950218 10.019318 -0.16961534 0.85404319 -0.49177316 1.4083099 -0.052955732 0.49038431 0.86989594 0 0 0 0 1 0.98408669 0.17358989 -0.037950218 10.019318 -0.16961534 0.85404319 -0.49177316 1.4083099 -0.052955732 0.49038431 0.86989594 0 0 0 0 1 </float_array>
        <technique_common>
          <accessor count="13" offset="0" source="#B_Head_matrix-output-array" stride="16">
            <param name="TRANSFORM" type="float4x4" />
          </accessor>
        </technique_common>
      </source>
      <source id="B_Head_matrix-interpolation">
        <Name_array id="B_Head_matrix-interpolation-array" count="13"> LINEAR LINEAR LINEAR LINEAR LINEAR LINEAR LINEAR LINEAR LINEAR LINEAR LINEAR LINEAR LINEAR </Name_array>
        <technique_common>
          <accessor source="#B_Head_matrix-interpolation-array" count="13" stride="1">
            <param name="INTERPOLATION" type="name"></param>
          </accessor>
        </technique_common>
      </source>
      <source id="B_L_Calf_matrix-input" name="B_L_Calf_matrix-input">
        <float_array id="B_L_Calf_matrix-input-array" count="13"> 0 1 2 3 4 5 6 7 8 9 10 11 12 </float_array>
        <technique_common>
          <accessor count="13" offset="0" source="#B_L_Calf_matrix-input-array" stride="1">
            <param name="TIME" type="float" />
          </accessor>
        </technique_common>
      </source>
      <source id="B_L_Calf_matrix-output" name="B_L_Calf_matrix-output">
        <float_array id="B_L_Calf_matrix-output-array" count="208"> 0.87463474 0.48478273 3.6556452e-07 50.282745 -0.48478273 0.87463474 7.9751426e-06 0 3.5464759e-06 -7.1525569e-06 0.99999988 3.8146973e-06 0 0 0 1 0.96993119 0.24338037 2.6359098e-07 50.282745 -0.24338037 0.96993119 8.030217e-06 3.8146973e-06 1.6987325e-06 -7.8529119e-06 0.99999994 3.8146973e-06 0 0 0 1 0.78952736 0.61371559 6.3945487e-07 50.282745 -0.61371559 0.78952736 7.8639086e-06 3.8146973e-06 4.3213372e-06 -6.6012153e-06 0.99999994 -3.8146973e-06 0 0 0 1 0.47499663 0.87998796 9.5401379e-07 50.282757 -0.87998796 0.47499663 7.6439028e-06 7.6293945e-06 6.2733884e-06 -4.4703488e-06 1 0 0 0 0 1 0.49804062 0.86715382 8.5213469e-07 50.282753 -0.86715382 0.49804062 7.5520329e-06 0 6.1243773e-06 -4.5001511e-06 1 7.6293945e-06 0 0 0 1 0.47882801 0.877909 8.3267622e-07 50.282761 -0.877909 0.47882801 7.4981467e-06 -3.8146973e-06 6.1839814e-06 -4.3213367e-06 0.99999994 3.8146973e-06 0 0 0 1 0.48291838 0.87566561 7.7250058e-07 50.282757 -0.87566549 0.48291844 7.54762e-06 3.8146973e-06 6.2361351e-06 -4.3213367e-06 1.0000001 3.8146973e-06 0 0 0 1 0.62630212 0.77958089 6.9387812e-07 50.282745 -0.77958089 0.62630212 7.7253226e-06 1.9073486e-06 5.5879354e-06 -5.3793192e-06 1.0000001 3.8146973e-06 0 0 0 1 0.87463653 0.48477951 5.1753722e-07 50.282753 -0.48477951 0.87463653 7.9420042e-06 0 3.3974645e-06 -7.197259e-06 0.99999994 3.8146973e-06 0 0 0 1 0.93470442 0.3554264 2.6170301e-07 50.282745 -0.35542634 0.93470454 7.9831352e-06 0 2.5928018e-06 -7.5548887e-06 1 3.8146973e-06 0 0 0 1 0.90412849 0.42726099 4.7291186e-07 50.282745 -0.42726097 0.90412861 7.9759338e-06 0 2.9802327e-06 -7.4133272e-06 0.99999994 0 0 0 0 1 0.87463582 0.484781 4.9509663e-07 50.282745 -0.484781 0.87463582 7.962969e-06 1.9073486e-06 3.4272671e-06 -7.2047114e-06 1 7.6293945e-06 0 0 0 1 0.87463582 0.484781 4.9509663e-07 50.282745 -0.484781 0.87463582 7.962969e-06 1.9073486e-06 3.4272671e-06 -7.2047114e-06 1 7.6293945e-06 0 0 0 1 </float_array>
        <technique_common>
          <accessor count="13" offset="0" source="#B_L_Calf_matrix-output-array" stride="16">
            <param name="TRANSFORM" type="float4x4" />
          </accessor>
        </technique_common>
      </source>
      <source id="B_L_Calf_matrix-interpolation">
        <Name_array id="B_L_Calf_matrix-interpolation-array" count="13"> LINEAR LINEAR LINEAR LINEAR LINEAR LINEAR LINEAR LINEAR LINEAR LINEAR LINEAR LINEAR LINEAR </Name_array>
        <technique_common>
          <accessor source="#B_L_Calf_matrix-interpolation-array" count="13" stride="1">
            <param name="INTERPOLATION" type="name"></param>
          </accessor>
        </technique_common>
      </source>
      <source id="B_L_Clavicle_matrix-input" name="B_L_Clavicle_matrix-input">
        <float_array id="B_L_Clavicle_matrix-input-array" count="13"> 0 1 2 3 4 5 6 7 8 9 10 11 12 </float_array>
        <technique_common>
          <accessor count="13" offset="0" source="#B_L_Clavicle_matrix-input-array" stride="1">
            <param name="TIME" type="float" />
          </accessor>
        </technique_common>
      </source>
      <source id="B_L_Clavicle_matrix-output" name="B_L_Clavicle_matrix-output">
        <float_array id="B_L_Clavicle_matrix-output-array" count="208"> -0.017590877 -0.00078468013 0.99984485 17.736862 -0.17375678 -0.98478127 -0.003829851 0.073141098 0.9846313 -0.17379723 0.017186638 5.0180168 0 0 0 1 -0.017590521 -0.00078329456 0.99984479 17.736832 -0.17375647 -0.98478138 -0.0038284278 0.073140144 0.98463148 -0.17379691 0.017186638 5.0180178 0 0 0 1 -0.017590404 -0.00078173738 0.99984509 17.736847 -0.17375696 -0.98478127 -0.0038268943 0.073141098 0.98463148 -0.17379735 0.017186882 5.0180168 0 0 0 1 0.27596214 -0.00078367419 0.96116799 17.736847 -0.16726179 -0.98478073 0.047219783 0.073144913 0.94650316 -0.17379756 -0.27189323 5.0180149 0 0 0 1 0.27596188 -0.0007859912 0.96116817 17.736847 -0.16726206 -0.98478061 0.047217492 0.073143005 0.94650275 -0.17379721 -0.27189359 5.0180168 0 0 0 1 0.27596152 -0.00078246754 0.96116829 17.736847 -0.16726123 -0.98478115 0.047220774 0.073140144 0.94650328 -0.17379738 -0.27189252 5.0180187 0 0 0 1 0.27596188 -0.00078364444 0.96116805 17.736862 -0.16726172 -0.98478079 0.047219761 0.073141098 0.94650334 -0.17379747 -0.27189296 5.0180206 0 0 0 1 0.10849684 -0.00078211707 0.99409652 17.736847 -0.17285539 -0.98478103 0.018090857 0.073141098 0.97895324 -0.1737977 -0.10698091 5.0180159 0 0 0 1 -0.017590875 -0.00078468747 0.99984485 17.736862 -0.17375679 -0.98478109 -0.0038298585 0.073140144 0.98463124 -0.17379721 0.017186638 5.0180159 0 0 0 1 -0.043993589 -0.00078438222 0.99903166 17.736862 -0.17359525 -0.98478127 -0.0084176594 0.073142052 0.98383397 -0.17379746 0.043187682 5.0180159 0 0 0 1 -0.030794853 -0.00078465044 0.99952543 17.736862 -0.17369102 -0.98478127 -0.0061243917 0.073140144 0.98431849 -0.17379722 0.030189751 5.0180159 0 0 0 1 -0.017590875 -0.00078468747 0.99984485 17.736862 -0.17375679 -0.98478109 -0.0038298585 0.073140144 0.98463124 -0.17379721 0.017186638 5.0180159 0 0 0 1 -0.017590875 -0.00078468747 0.99984485 17.736862 -0.17375679 -0.98478109 -0.0038298585 0.073140144 0.98463124 -0.17379721 0.017186638 5.0180159 0 0 0 1 </float_array>
        <technique_common>
          <accessor count="13" offset="0" source="#B_L_Clavicle_matrix-output-array" stride="16">
            <param name="TRANSFORM" type="float4x4" />
          </accessor>
        </technique_common>
      </source>
      <source id="B_L_Clavicle_matrix-interpolation">
        <Name_array id="B_L_Clavicle_matrix-interpolation-array" count="13"> LINEAR LINEAR LINEAR LINEAR LINEAR LINEAR LINEAR LINEAR LINEAR LINEAR LINEAR LINEAR LINEAR </Name_array>
        <technique_common>
          <accessor source="#B_L_Clavicle_matrix-interpolation-array" count="13" stride="1">
            <param name="INTERPOLATION" type="name"></param>
          </accessor>
        </technique_common>
      </source>
      <source id="B_L_Finger0_matrix-input" name="B_L_Finger0_matrix-input">
        <float_array id="B_L_Finger0_matrix-input-array" count="13"> 0 1 2 3 4 5 6 7 8 9 10 11 12 </float_array>
        <technique_common>
          <accessor count="13" offset="0" source="#B_L_Finger0_matrix-input-array" stride="1">
            <param name="TIME" type="float" />
          </accessor>
        </technique_common>
      </source>
      <source id="B_L_Finger0_matrix-output" name="B_L_Finger0_matrix-output">
        <float_array id="B_L_Finger0_matrix-output-array" count="208"> 0.80900651 0.13246354 0.57267988 1.4603195 0.15583242 0.89108127 -0.42625153 1.9355469 -0.56676674 0.434082 0.70024908 -2.4376526 0 0 0 1 0.84350425 0.13811153 0.59710127 1.4603271 0.16247803 0.92907745 -0.44442686 1.9355469 -0.59093648 0.4525907 0.73010874 -2.4376564 0 0 0 1 0.90757012 0.14860246 0.64245248 1.4603271 0.1748177 0.99964327 -0.47818372 1.9355621 -0.6358186 0.4869667 0.78556317 -2.4376526 0 0 0 1 0.80900639 0.1324639 0.57268029 1.4603195 0.15583244 0.89108121 -0.42625159 1.9355316 -0.56676745 0.43408194 0.70024872 -2.4376564 0 0 0 1 0.80900633 0.13246369 0.57267886 1.4603195 0.15583231 0.89108205 -0.42625171 1.9355469 -0.56676573 0.43408298 0.70024884 -2.4376602 0 0 0 1 0.80900747 0.13246073 0.57267827 1.4603119 0.15583532 0.89108503 -0.42624682 1.9355392 -0.56676775 0.43408298 0.7002458 -2.4376602 0 0 0 1 0.80900633 0.13246347 0.57268006 1.4603271 0.15583272 0.89108157 -0.42625085 1.9355392 -0.56676745 0.43408185 0.7002483 -2.4376602 0 0 0 1 0.80900604 0.13246405 0.57268137 1.4603348 0.15583193 0.89107925 -0.42625251 1.9355316 -0.56676745 0.43408075 0.70025009 -2.437664 0 0 0 1 0.80900627 0.13246399 0.57268012 1.460331 0.1558321 0.8910808 -0.4262518 1.9355469 -0.5667671 0.43408164 0.70024908 -2.4376564 0 0 0 1 0.83975732 0.13749832 0.59444737 1.4603195 0.16175602 0.92495239 -0.44245294 1.9355469 -0.58831 0.45058191 0.72686535 -2.4376488 0 0 0 1 0.90353936 0.14794199 0.63959891 1.4603271 0.17404136 0.9952026 -0.47605991 1.9355469 -0.63299423 0.4848035 0.78207451 -2.4376488 0 0 0 1 0.94206762 0.1542508 0.66687179 1.4603348 0.18146276 1.037641 -0.49635985 1.9355392 -0.65998578 0.50547743 0.81542289 -2.437645 0 0 0 1 0.94206762 0.1542508 0.66687179 1.4603348 0.18146276 1.037641 -0.49635985 1.9355392 -0.65998578 0.50547743 0.81542289 -2.437645 0 0 0 1 </float_array>
        <technique_common>
          <accessor count="13" offset="0" source="#B_L_Finger0_matrix-output-array" stride="16">
            <param name="TRANSFORM" type="float4x4" />
          </accessor>
        </technique_common>
      </source>
      <source id="B_L_Finger0_matrix-interpolation">
        <Name_array id="B_L_Finger0_matrix-interpolation-array" count="13"> LINEAR LINEAR LINEAR LINEAR LINEAR LINEAR LINEAR LINEAR LINEAR LINEAR LINEAR LINEAR LINEAR </Name_array>
        <technique_common>
          <accessor source="#B_L_Finger0_matrix-interpolation-array" count="13" stride="1">
            <param name="INTERPOLATION" type="name"></param>
          </accessor>
        </technique_common>
      </source>
      <source id="B_L_Finger01_matrix-input" name="B_L_Finger01_matrix-input">
        <float_array id="B_L_Finger01_matrix-input-array" count="13"> 0 1 2 3 4 5 6 7 8 9 10 11 12 </float_array>
        <technique_common>
          <accessor count="13" offset="0" source="#B_L_Finger01_matrix-input-array" stride="1">
            <param name="TIME" type="float" />
          </accessor>
        </technique_common>
      </source>
      <source id="B_L_Finger01_matrix-output" name="B_L_Finger01_matrix-output">
        <float_array id="B_L_Finger01_matrix-output-array" count="208"> 0.8029933 -0.59598857 3.5630728e-07 3.7140121 0.59598881 0.80299306 -1.9019197e-07 0 -1.7276032e-07 3.6507845e-07 0.99999857 -2.2888184e-05 0 0 0 1 0.80299181 -0.59599054 1.7245222e-06 3.7139931 0.5959903 0.80299205 1.5768738e-06 0 -2.3245809e-06 -2.3841858e-07 0.99999905 -7.6293945e-06 0 0 0 1 0.8029927 -0.59599072 5.3859151e-07 3.7140121 0.59598947 0.80299443 1.7683222e-06 7.6293945e-06 -1.4863908e-06 -1.0989605e-06 0.99999702 -2.2888184e-05 0 0 0 1 0.80299246 -0.59598929 5.2283889e-07 3.7140045 0.59598869 0.8029933 2.5815697e-07 0 -5.7369476e-07 1.0430814e-07 0.99999923 -1.9073486e-05 0 0 0 1 0.80299413 -0.59598726 -2.1050039e-07 3.7140121 0.59598774 0.80299354 -1.5665673e-06 -1.5258789e-05 1.1026859e-06 1.1324884e-06 0.99999958 -1.5258789e-05 0 0 0 1 0.80299205 -0.59598392 1.9915631e-06 3.7139816 0.59598911 0.80298507 -5.2210535e-06 -2.2888184e-05 1.512468e-06 5.3793187e-06 1.0000091 -1.5258789e-05 0 0 0 1 0.80299211 -0.59598929 7.9702113e-07 3.7139969 0.59598887 0.80299264 2.5753056e-07 0 -7.9348683e-07 2.6822087e-07 1.0000002 -1.5258789e-05 0 0 0 1 0.80299294 -0.59599137 7.6715884e-07 3.7140007 0.59598988 0.80299497 2.9261189e-06 1.5258789e-05 -2.3599716e-06 -1.8924477e-06 0.99999535 -1.5258789e-05 0 0 0 1 0.80299276 -0.59598947 5.4760937e-07 3.7140045 0.59598875 0.80299371 3.6932681e-07 0 -6.5984199e-07 2.9802315e-08 0.99999845 -2.2888184e-05 0 0 0 1 0.80299318 -0.59598804 7.086017e-07 3.7140045 0.59598857 0.8029924 -7.359489e-07 0 -1.3038516e-07 1.013279e-06 1.0000006 -2.2888184e-05 0 0 0 1 0.80299318 -0.59599102 8.2223312e-07 3.7140121 0.59599024 0.80299425 1.8721419e-06 0 -1.7760323e-06 -1.0132792e-06 0.99999648 -1.5258789e-05 0 0 0 1 0.80299264 -0.59598947 1.8943459e-07 3.7140045 0.59598869 0.80299371 4.0967618e-07 7.6293945e-06 -3.9627778e-07 -2.1606684e-07 0.99999791 -2.2888184e-05 0 0 0 1 0.80299264 -0.59598947 1.8943459e-07 3.7140045 0.59598869 0.80299371 4.0967618e-07 7.6293945e-06 -3.9627778e-07 -2.1606684e-07 0.99999791 -2.2888184e-05 0 0 0 1 </float_array>
        <technique_common>
          <accessor count="13" offset="0" source="#B_L_Finger01_matrix-output-array" stride="16">
            <param name="TRANSFORM" type="float4x4" />
          </accessor>
        </technique_common>
      </source>
      <source id="B_L_Finger01_matrix-interpolation">
        <Name_array id="B_L_Finger01_matrix-interpolation-array" count="13"> LINEAR LINEAR LINEAR LINEAR LINEAR LINEAR LINEAR LINEAR LINEAR LINEAR LINEAR LINEAR LINEAR </Name_array>
        <technique_common>
          <accessor source="#B_L_Finger01_matrix-interpolation-array" count="13" stride="1">
            <param name="INTERPOLATION" type="name"></param>
          </accessor>
        </technique_common>
      </source>
      <source id="B_L_Finger02_matrix-input" name="B_L_Finger02_matrix-input">
        <float_array id="B_L_Finger02_matrix-input-array" count="13"> 0 1 2 3 4 5 6 7 8 9 10 11 12 </float_array>
        <technique_common>
          <accessor count="13" offset="0" source="#B_L_Finger02_matrix-input-array" stride="1">
            <param name="TIME" type="float" />
          </accessor>
        </technique_common>
      </source>
      <source id="B_L_Finger02_matrix-output" name="B_L_Finger02_matrix-output">
        <float_array id="B_L_Finger02_matrix-output-array" count="208"> 0.55218565 -0.83372116 2.9264626e-07 5.529932 0.83372247 0.55218482 -7.6576117e-07 1.5258789e-05 4.7683716e-07 6.6682691e-07 1.0000001 2.6702881e-05 0 0 0 1 0.55218506 -0.83372128 4.6145142e-06 5.5299301 0.83372331 0.55218375 6.2559661e-07 0 -3.069639e-06 3.5017729e-06 1.0000004 5.3405762e-05 0 0 0 1 0.55218595 -0.83372128 3.0667798e-06 5.5299377 0.83372086 0.55218619 2.3298578e-06 1.5258789e-05 -3.6358833e-06 1.270324e-06 1.0000001 3.8146973e-05 0 0 0 1 0.5521856 -0.83372092 1.1323394e-06 5.5299416 0.8337214 0.5521853 -3.2101087e-07 2.2888184e-05 -3.5762787e-07 1.1213125e-06 1.0000001 3.0517578e-05 0 0 0 1 0.55218542 -0.83372116 -2.2461127e-06 5.529953 0.83372176 0.55218506 -2.4265689e-06 3.0517578e-05 3.2633543e-06 -5.327168e-07 0.99999988 0 0 0 0 1 0.55217808 -0.83372587 2.5926606e-06 5.5299034 0.83372766 0.55217689 1.0293494e-05 1.5258789e-05 -1.0013579e-05 -3.5222606e-06 1.0000001 2.2888184e-05 0 0 0 1 0.55218536 -0.83372116 1.7882776e-06 5.5299454 0.83372182 0.55218494 -6.1246283e-07 1.5258789e-05 -4.7683704e-07 1.8291177e-06 1 3.0517578e-05 0 0 0 1 0.55218595 -0.83372182 4.7767526e-06 5.5299473 0.83372033 0.55218691 3.8693443e-06 0 -5.8636065e-06 1.8458816e-06 1 5.3405762e-05 0 0 0 1 0.55218595 -0.83372122 1.6270042e-06 5.5299435 0.83372116 0.55218601 1.0203393e-07 1.5258789e-05 -9.8347664e-07 1.3001263e-06 0.99999994 3.0517578e-05 0 0 0 1 0.55218512 -0.83372134 2.9343687e-07 5.529932 0.83372301 0.55218405 -2.0531425e-06 7.6293945e-06 1.5497205e-06 1.3783572e-06 1 2.6702881e-05 0 0 0 1 0.5521853 -0.83372146 3.6061861e-06 5.5299425 0.833722 0.552185 1.9636627e-06 1.5258789e-05 -3.6284325e-06 1.92225e-06 0.99999982 4.5776367e-05 0 0 0 1 0.55218589 -0.83372128 9.1886938e-07 5.5299406 0.83372128 0.55218589 5.7104154e-07 1.5258789e-05 -9.8347664e-07 4.5076007e-07 0.99999958 3.0517578e-05 0 0 0 1 0.55218589 -0.83372128 9.1886938e-07 5.5299406 0.83372128 0.55218589 5.7104154e-07 1.5258789e-05 -9.8347664e-07 4.5076007e-07 0.99999958 3.0517578e-05 0 0 0 1 </float_array>
        <technique_common>
          <accessor count="13" offset="0" source="#B_L_Finger02_matrix-output-array" stride="16">
            <param name="TRANSFORM" type="float4x4" />
          </accessor>
        </technique_common>
      </source>
      <source id="B_L_Finger02_matrix-interpolation">
        <Name_array id="B_L_Finger02_matrix-interpolation-array" count="13"> LINEAR LINEAR LINEAR LINEAR LINEAR LINEAR LINEAR LINEAR LINEAR LINEAR LINEAR LINEAR LINEAR </Name_array>
        <technique_common>
          <accessor source="#B_L_Finger02_matrix-interpolation-array" count="13" stride="1">
            <param name="INTERPOLATION" type="name"></param>
          </accessor>
        </technique_common>
      </source>
      <source id="B_L_Finger1_matrix-input" name="B_L_Finger1_matrix-input">
        <float_array id="B_L_Finger1_matrix-input-array" count="13"> 0 1 2 3 4 5 6 7 8 9 10 11 12 </float_array>
        <technique_common>
          <accessor count="13" offset="0" source="#B_L_Finger1_matrix-input-array" stride="1">
            <param name="TIME" type="float" />
          </accessor>
        </technique_common>
      </source>
      <source id="B_L_Finger1_matrix-output" name="B_L_Finger1_matrix-output">
