<?xml version="1.0" encoding="UTF-8" standalone="no" ?>
<COLLADA xmlns="http://www.collada.org/2005/11/COLLADASchema" version="1.4.1">
  <asset>
    <contributor>
      <author>Assimp</author>
      <authoring_tool>FBX SDK/FBX Plugins version 2013.1</authoring_tool>
    </contributor>
    <created>2020-08-21T13:37:00</created>
    <modified>2020-08-21T13:37:00</modified>
    <unit name="meter" meter="1" />
    <up_axis>Y_UP</up_axis>
  </asset>
  <library_geometries>
  </library_geometries>
  <library_controllers>
  </library_controllers>
  <library_visual_scenes>
    <visual_scene id="RootNode" name="RootNode">
      <node id="Motion_aAssimpFbxa_Translation"  name="Motion_$AssimpFbx$_Translation" type="NODE">
        <matrix sid="matrix">1 0 0 9.92585e-07 0 1 0 0 0 0 1 -0.17328988 0 0 0 1</matrix>
        <node id="Motion_aAssimpFbxa_PreRotation"  name="Motion_$AssimpFbx$_PreRotation" type="NODE">
          <matrix sid="matrix">1 0 0 0 0 -4.3711388e-08 1 0 0 -1 -4.3711388e-08 0 0 0 0 1</matrix>
          <node id="Motion_aAssimpFbxa_Rotation"  name="Motion_$AssimpFbx$_Rotation" type="NODE">
            <matrix sid="matrix">1.3868001e-06 1 0 0 -1 1.3868001e-06 0 0 0 0 1 0 0 0 0 1</matrix>
            <node id="Motion_aAssimpFbxa_Scaling"  name="Motion_$AssimpFbx$_Scaling" type="NODE">
              <matrix sid="matrix">1 0 0 0 0 1 0 0 0 0 1 0 0 0 0 1</matrix>
              <node id="Motion"  name="Motion" type="NODE">
                <matrix sid="matrix">1 0 0 0 0 1 0 0 0 0 1 0 0 0 0 1</matrix>
                <node id="B_Pelvis"  name="B_Pelvis" type="NODE">
                  <matrix sid="matrix">-0.045328535 0.60813701 0.7925368 0.17328988 -1.0659465e-06 -0.79335231 0.60876274 -1.2122457e-06 0.99897212 0.027593479 0.035962146 109.26141 0 0 0 1</matrix>
                  <node id="B_Spine"  name="B_Spine" type="NODE">
                    <matrix sid="matrix">0.99823147 0.047404036 -0.035873126 7.6763077 -0.037805345 0.97190607 0.23231287 -1.6268322 0.045877881 -0.2305458 0.97197938 0.0023486614 0 0 0 1</matrix>
                    <node id="B_Spine1"  name="B_Spine1" type="NODE">
                      <matrix sid="matrix">0.99970514 -0.024198728 0.0019994143 12.747765 0.024175966 0.99965024 0.010716191 -0.014275074 -0.0022580333 -0.010664694 0.99994057 0.00015211105 0 0 0 1</matrix>
                      <node id="B_Spine2"  name="B_Spine2" type="NODE">
                        <matrix sid="matrix">0.9988209 -0.048403617 0.0037315502 17.93544 0.048312027 0.99859816 0.021625698 -0.026444197 -0.0047730808 -0.02141992 0.9997592 0.00054848194 0 0 0 1</matrix>
                        <node id="B_L_Clavicle"  name="B_L_Clavicle" type="NODE">
                          <matrix sid="matrix">-0.017590661 -0.00078421831 0.99984497 17.736877 -0.17375694 -0.98478115 -0.0038293824 0.073140144 0.98463148 -0.17379735 0.017186686 5.0180159 0 0 0 1</matrix>
                          <node id="B_L_UpperArm"  name="B_L_UpperArm" type="NODE">
                            <matrix sid="matrix">0.67658824 0.40229183 0.61675733 17.464663 -0.50647551 0.86222756 -0.0067963004 4.0531158e-06 -0.53451926 -0.30777419 0.78712398 -1.5258789e-05 0 0 0 1</matrix>
                            <node id="B_L_Forearm"  name="B_L_Forearm" type="NODE">
                              <matrix sid="matrix">-0.13640085 0.98478985 0.1076279 27.628178 -0.99065375 -0.13559343 -0.014819369 -3.8146973e-06 -3.278256e-07 -0.10864335 0.99408078 0 0 0 0 1</matrix>
                              <node id="B_L_ForeArmTwist"  name="B_L_ForeArmTwist" type="NODE">
                                <matrix sid="matrix">1 4.7191186e-08 -2.9464013e-07 11.992638 -1.4901154e-08 0.99408078 0.10864338 -1.5258789e-05 2.9802308e-07 -0.10864338 0.99408078 1.5258789e-05 0 0 0 1</matrix>
                                <node id="B_L_Hand"  name="B_L_Hand" type="NODE">
                                  <matrix sid="matrix">0.96626526 -0.095601998 0.23914793 11.992641 -0.24727416 -0.084708631 0.96523571 7.6293945e-06 -0.072020568 -0.99180877 -0.10549091 0 0 0 0 1</matrix>
                                  <node id="B_L_Finger0"  name="B_L_Finger0" type="NODE">
                                    <matrix sid="matrix">0.80900651 0.13246359 0.57267952 1.4603271 0.1558325 0.89108145 -0.42625117 1.9355621 -0.56676686 0.43408209 0.7002486 -2.4376526 0 0 0 1</matrix>
                                    <node id="B_L_Finger01"  name="B_L_Finger01" type="NODE">
                                      <matrix sid="matrix">0.80299312 -0.59598833 -6.8381262e-08 3.7140121 0.59598833 0.80299312 -4.1474646e-08 0 7.9628087e-08 -7.4505815e-09 1 -2.2888184e-05 0 0 0 1</matrix>
                                      <node id="B_L_Finger02"  name="B_L_Finger02" type="NODE">
                                        <matrix sid="matrix">0.55218476 -0.83372176 -4.9693682e-08 5.5299349 0.83372176 0.55218476 3.2912773e-08 1.5258789e-05 0 -5.9604638e-08 1 2.6702881e-05 0 0 0 1</matrix>
                                      </node>
                                    </node>
                                  </node>
                                  <node id="B_L_Finger1"  name="B_L_Finger1" type="NODE">
                                    <matrix sid="matrix">0.27254894 -0.95552641 0.11263378 11.625465 0.92804092 0.23019093 -0.29283467 3.1205444 0.25388399 0.18434054 0.94950593 -3.0983658 0 0 0 1</matrix>
                                    <node id="B_L_Finger11"  name="B_L_Finger11" type="NODE">
                                      <matrix sid="matrix">-0.25881925 -0.96592575 8.0436976e-08 4.4568253 0.96592575 -0.25881925 1.6039444e-07 -1.5258789e-05 -1.3411048e-07 1.1920932e-07 1 1.1444092e-05 0 0 0 1</matrix>
                                      <node id="B_L_Finger12"  name="B_L_Finger12" type="NODE">
                                        <matrix sid="matrix">0.57357568 -0.81915259 2.0689339e-07 3.3311691 0.81915259 0.57357568 -1.7215444e-07 -4.5776367e-05 2.235174e-08 2.6822084e-07 1 -1.1444092e-05 0 0 0 1</matrix>
                                      </node>
                                    </node>
                                  </node>
                                  <node id="B_L_Finger2"  name="B_L_Finger2" type="NODE">
                                    <matrix sid="matrix">0.25808468 -0.96503472 0.045829199 11.814087 0.96096504 0.2515232 -0.11524849 2.4381027 0.099691682 0.073784128 0.99227893 0.83571625 0 0 0 1</matrix>
                                    <node id="B_L_Finger21"  name="B_L_Finger21" type="NODE">
                                      <matrix sid="matrix">-0.62068564 -0.78405952 4.6148909e-07 5.1996307 0.78405952 -0.62068564 1.3726734e-07 1.5258789e-05 1.7881389e-07 4.4703481e-07 1 1.1444092e-05 0 0 0 1</matrix>
                                      <node id="B_L_Finger22"  name="B_L_Finger22" type="NODE">
                                        <matrix sid="matrix">0.44828629 -0.89389002 -1.3280034e-08 5.199625 0.89389002 0.44828629 3.9999975e-08 0 -2.9802321e-08 -2.9802329e-08 1 -7.6293945e-06 0 0 0 1</matrix>
                                      </node>
                                    </node>
                                  </node>
                                  <node id="B_L_Finger3"  name="B_L_Finger3" type="NODE">
                                    <matrix sid="matrix">0.13847044 -0.99036652 0.00029704376 11.814072 0.99036658 0.13847046 5.9427482e-05 1.9342499 -9.9986777e-05 0.00028595325 0.99999994 4.6002312 0 0 0 1</matrix>
                                    <node id="B_L_Finger31"  name="B_L_Finger31" type="NODE">
                                      <matrix sid="matrix">-0.058766745 -0.99827176 -1.0272222e-06 4.4568024 0.99827176 -0.058766745 -1.3143355e-06 7.6293945e-06 1.2516974e-06 -1.1026862e-06 1 0 0 0 0 1</matrix>
                                      <node id="B_L_Finger32"  name="B_L_Finger32" type="NODE">
                                        <matrix sid="matrix">-0.058766626 -0.99827176 -1.7569827e-06 4.4567642 0.99827176 -0.058766626 -1.5961263e-06 -1.5258789e-05 1.4901158e-06 -1.8477451e-06 1 -7.6293945e-06 0 0 0 1</matrix>
                                      </node>
                                    </node>
                                  </node>
                                  <node id="B_L_Finger4"  name="B_L_Finger4" type="NODE">
                                    <matrix sid="matrix">0.14714384 -0.98122936 -0.12465011 11.857193 0.9836868 0.15835437 -0.085346907 4.0528946 0.10348378 -0.1100584 0.98852324 6.5145149 0 0 0 1</matrix>
                                    <node id="B_L_Finger41"  name="B_L_Finger41" type="NODE">
                                      <matrix sid="matrix">-0.18123157 -0.98344046 -1.9260362e-06 3.3276596 0.98344046 -0.18123157 -3.8550647e-06 2.2888184e-05 3.442168e-06 -2.5928014e-06 1 2.2888184e-05 0 0 0 1</matrix>
                                      <node id="B_L_Finger42"  name="B_L_Finger42" type="NODE">
                                        <matrix sid="matrix">0.0019772795 -0.99999803 -2.2564348e-06 3.327652 0.99999803 0.0019772795 -3.2141959e-06 0 3.2186513e-06 -2.2500749e-06 1 -3.4332275e-05 0 0 0 1</matrix>
                                      </node>
                                    </node>
                                  </node>
                                </node>
                              </node>
                            </node>
                          </node>
                        </node>
                        <node id="B_R_Clavicle"  name="B_R_Clavicle" type="NODE">
                          <matrix sid="matrix">-0.10452852 -0.00079585414 -0.9945215 17.736862 0.00023397958 -0.99999964 0.00077564549 0.074661732 -0.99452186 -0.00015162065 0.10452867 -5.0179634 0 0 0 1</matrix>
                          <node id="B_R_UpperArm"  name="B_R_UpperArm" type="NODE">
                            <matrix sid="matrix">0.65678835 0.18435097 -0.73119342 17.464649 -0.58112282 0.74166942 -0.33499649 1.2397766e-05 0.48054689 0.64493495 0.59425038 3.0517578e-05 0 0 0 1</matrix>
                            <node id="B_R_Forearm"  name="B_R_Forearm" type="NODE">
                              <matrix sid="matrix">0.1257856 0.99193633 -0.01549966 27.628181 -0.99205744 0.12577026 -0.0019651831 0 5.9604659e-08 0.015623745 0.99987793 0 0 0 0 1</matrix>
                              <node id="B_R_ForeArmTwist"  name="B_R_ForeArmTwist" type="NODE">
                                <matrix sid="matrix">1 2.9798688e-08 -4.656259e-10 11.99263 -2.9802326e-08 0.99987793 -0.015623811 -7.6293945e-06 0 0.015623811 0.99987793 0 0 0 0 1</matrix>
                                <node id="B_R_Hand"  name="B_R_Hand" type="NODE">
                                  <matrix sid="matrix">0.86458039 -0.066815868 -0.49803257 11.992661 -0.49769521 0.022792172 -0.8670525 -7.6293945e-06 0.069284104 0.99750501 -0.013548267 -1.5258789e-05 0 0 0 1</matrix>
                                  <node id="B_R_Finger0"  name="B_R_Finger0" type="NODE">
                                    <matrix sid="matrix">0.80900657 0.13246375 -0.5726794 1.4603119 0.15583242 0.89108133 0.42625144 1.9355469 0.5667668 -0.43408227 0.70024854 2.4376602 0 0 0 1</matrix>
                                    <node id="B_R_Finger01"  name="B_R_Finger01" type="NODE">
                                      <matrix sid="matrix">0.802993 -0.59598845 -3.9991286e-07 3.7140121 0.59598845 0.802993 -1.1124858e-07 -1.5258789e-05 3.8743011e-07 -1.4901161e-07 1 7.6293945e-06 0 0 0 1</matrix>
                                      <node id="B_R_Finger02"  name="B_R_Finger02" type="NODE">
                                        <matrix sid="matrix">0.55218476 -0.83372176 2.0684062e-07 5.5299397 0.83372176 0.55218476 -6.5501013e-08 7.6293945e-06 -5.960462e-08 2.0861619e-07 1 1.5258789e-05 0 0 0 1</matrix>
                                      </node>
                                    </node>
                                  </node>
                                  <node id="B_R_Finger1"  name="B_R_Finger1" type="NODE">
                                    <matrix sid="matrix">0.27254859 -0.95552653 -0.11263387 11.625458 0.92804098 0.23019049 0.29283497 3.1205597 -0.25388432 -0.1843406 0.94950587 3.0983429 0 0 0 1</matrix>
                                    <node id="B_R_Finger11"  name="B_R_Finger11" type="NODE">
                                      <matrix sid="matrix">-0.25881937 -0.96592575 -1.1331353e-07 4.4568176 0.96592575 -0.25881937 -5.9287594e-08 0 2.7939677e-08 -1.2479722e-07 1 7.6293945e-06 0 0 0 1</matrix>
                                      <node id="B_R_Finger12"  name="B_R_Finger12" type="NODE">
                                        <matrix sid="matrix">0.57357579 -0.81915247 2.3248539e-07 3.331131 0.81915247 0.57357579 1.1444656e-07 -7.6293945e-06 -2.2709719e-07 1.2479721e-07 1 -7.6293945e-06 0 0 0 1</matrix>
                                      </node>
                                    </node>
                                  </node>
                                  <node id="B_R_Finger2"  name="B_R_Finger2" type="NODE">
                                    <matrix sid="matrix">0.25808468 -0.96503466 -0.045829311 11.814056 0.96096504 0.2515232 0.11524835 2.438118 -0.099691525 -0.073784195 0.99227887 -0.83572006 0 0 0 1</matrix>
                                    <node id="B_R_Finger21"  name="B_R_Finger21" type="NODE">
                                      <matrix sid="matrix">-0.62068546 -0.7840597 -8.8842718e-08 5.1995926 0.7840597 -0.62068546 -7.9833164e-08 0 7.4505824e-09 -1.1920928e-07 1 -3.4332275e-05 0 0 0 1</matrix>
                                      <node id="B_R_Finger22"  name="B_R_Finger22" type="NODE">
                                        <matrix sid="matrix">0.44828641 -0.89388996 1.6659996e-08 5.1996078 0.89388996 0.44828641 -1.9988011e-11 0 -7.4505824e-09 1.4901163e-08 1 2.6702881e-05 0 0 0 1</matrix>
                                      </node>
                                    </node>
                                  </node>
                                  <node id="B_R_Finger3"  name="B_R_Finger3" type="NODE">
                                    <matrix sid="matrix">0.13847044 -0.99036652 -0.00029828888 11.814072 0.99036658 0.13847046 -5.9509181e-05 1.9342651 0.0001002401 -0.00028717506 0.99999994 -4.6002502 0 0 0 1</matrix>
                                    <node id="B_R_Finger31"  name="B_R_Finger31" type="NODE">
                                      <matrix sid="matrix">-0.058766864 -0.99827176 2.4508042e-08 4.4567871 0.99827176 -0.058766864 -1.6275379e-07 0 1.6391276e-07 1.4901156e-08 1 0 0 0 0 1</matrix>
                                      <node id="B_R_Finger32"  name="B_R_Finger32" type="NODE">
                                        <matrix sid="matrix">-0.058766864 -0.99827176 6.8165298e-07 4.4568329 0.99827176 -0.058766864 -1.688495e-07 0 2.0861629e-07 6.7055214e-07 1 -1.5258789e-05 0 0 0 1</matrix>
                                      </node>
                                    </node>
                                  </node>
                                  <node id="B_R_Finger4"  name="B_R_Finger4" type="NODE">
                                    <matrix sid="matrix">0.14714396 -0.98122966 0.1246479 11.857224 0.98368686 0.15835428 0.085347071 4.0529099 -0.1034836 0.11005619 0.98852354 -6.5145645 0 0 0 1</matrix>
                                    <node id="B_R_Finger41"  name="B_R_Finger41" type="NODE">
                                      <matrix sid="matrix">-0.18123111 -0.98344052 2.8454861e-07 3.3276749 0.98344052 -0.18123111 8.4034514e-07 3.0517578e-05 -7.7486038e-07 4.3213333e-07 1 2.6702881e-05 0 0 0 1</matrix>
                                      <node id="B_R_Finger42"  name="B_R_Finger42" type="NODE">
                                        <matrix sid="matrix">0.0019770411 -0.99999803 2.8459442e-07 3.3276978 0.99999803 0.0019770411 7.4449707e-07 3.8146973e-05 -7.4505829e-07 2.8312198e-07 1 -3.8146973e-06 0 0 0 1</matrix>
                                      </node>
                                    </node>
                                  </node>
                                </node>
                              </node>
                            </node>
                          </node>
                        </node>
                        <node id="B_Neck"  name="B_Neck" type="NODE">
                          <matrix sid="matrix">0.9745459 -0.20556869 -0.089452893 27.03978 0.2092856 0.97725385 0.034270972 1.1282325 0.080373138 -0.052119836 0.99540126 0.00061225891 0 0 0 1</matrix>
                          <node id="B_Head"  name="B_Head" type="NODE">
                            <matrix sid="matrix">0.98408651 0.17358994 -0.037950229 10.019302 -0.16961539 0.85404325 -0.49177301 1.4083138 -0.052955709 0.49038413 0.86989599 0 0 0 0 1</matrix>
                          </node>
                        </node>
                      </node>
                    </node>
                  </node>
                  <node id="B_L_Thigh"  name="B_L_Thigh" type="NODE">
                    <matrix sid="matrix">-0.88966364 0.25987551 -0.37545088 0 3.1526961e-05 0.82228053 0.56908238 1.7404556e-05 0.45661652 0.50628006 -0.73156124 11.161455 0 0 0 1</matrix>
                    <node id="B_L_Calf"  name="B_L_Calf" type="NODE">
                      <matrix sid="matrix">0.79435754 0.60745049 6.4615665e-07 50.282745 -0.60745049 0.79435754 7.9098008e-06 7.6293945e-06 4.2915335e-06 -6.6757184e-06 1 -3.8146973e-06 0 0 0 1</matrix>
                      <node id="B_L_Foot"  name="B_L_Foot" type="NODE">
                        <matrix sid="matrix">0.88486421 0.21548599 -0.41301465 39.728127 -0.21541104 0.97537327 0.047382709 -3.8146973e-06 0.41305375 0.047040649 0.90949094 0 0 0 0 1</matrix>
                        <node id="B_L_Toe0"  name="B_L_Toe0" type="NODE">
                          <matrix sid="matrix">-0.00063471391 -0.99999982 -0.00021278502 18.214447 0.99999982 -0.000634678 -0.00016890983 14.545955 0.00016877473 -0.00021289218 1 0.020652771 0 0 0 1</matrix>
                        </node>
                      </node>
                    </node>
                  </node>
                  <node id="B_R_Thigh"  name="B_R_Thigh" type="NODE">
                    <matrix sid="matrix">-0.83804703 0.54510403 -0.023213208 7.6293945e-06 0.29727012 0.42052153 -0.85720015 -1.168251e-05 -0.45750159 -0.72527462 -0.51445997 -11.161448 0 0 0 1</matrix>
                    <node id="B_R_Calf"  name="B_R_Calf" type="NODE">
                      <matrix sid="matrix">0.89170808 0.45261103 -7.6557853e-08 50.28273 -0.45261103 0.89170808 -4.7764643e-06 0 -2.0936129e-06 4.2938623e-06 1 -4.7683716e-07 0 0 0 1</matrix>
                      <node id="B_R_Foot"  name="B_R_Foot" type="NODE">
                        <matrix sid="matrix">0.7512058 0.66005373 -0.0043594837 39.728115 -0.64924544 0.74006379 0.17545928 0 0.11903884 -0.12897564 0.98447704 4.0531158e-06 0 0 0 1</matrix>
                        <node id="B_R_Toe0"  name="B_R_Toe0" type="NODE">
                          <matrix sid="matrix">-0.41498742 -0.90982711 0.00021260498 18.214437 0.90982717 -0.41498736 0.00016873398 14.545952 -6.5290376e-05 0.00026345626 0.99999994 -0.020650387 0 0 0 1</matrix>
                        </node>
                      </node>
                    </node>
                  </node>
                </node>
              </node>
            </node>
          </node>
        </node>
      </node>
      <node id="Exporter_aAssimpFbxa_PreRotation"  name="Exporter_$AssimpFbx$_PreRotation" type="NODE">
        <matrix sid="matrix">1 0 0 0 0 -4.3711388e-08 1 0 0 -1 -4.3711388e-08 0 0 0 0 1</matrix>
        <node id="Exporter"  name="Exporter" type="NODE">
          <matrix sid="matrix">1 0 0 0 0 1 0 0 0 0 1 0 0 0 0 1</matrix>
        </node>
      </node>
    </visual_scene>
  </library_visual_scenes>
  <library_animations>
    <animation id="TakeW001AnimId0" name="Take 001">
      <source id="B_Head_matrix-input" name="B_Head_matrix-input">
        <float_array id="B_Head_matrix-input-array" count="13"> 0 1 2 3 4 5 6 7 8 9 10 11 12 </float_array>
        <technique_common>
          <accessor count="13" offset="0" source="#B_Head_matrix-input-array" stride="1">
            <param name="TIME" type="float" />
          </accessor>
        </technique_common>
      </source>
      <source id="B_Head_matrix-output" name="B_Head_matrix-output">
        <float_array id="B_Head_matrix-output-array" count="208"> 0.98408645 0.17358993 -0.037950229 10.019302 -0.16961537 0.85404313 -0.49177307 1.4083138 -0.052955706 0.4903841 0.86989611 0 0 0 0 1 0.98814404 0.13742441 -0.068452783 10.019302 -0.15332943 0.86059415 -0.48566195 1.4083214 -0.0078317383 0.49039978 0.87146229 9.5367432e-07 0 0 0 1 0.98991448 0.10121267 -0.099121556 10.019318 -0.13666604 0.86652231 -0.48006383 1.4083138 0.037302498 0.4887687 0.87161547 0 0 0 0 1 0.98999208 0.088457622 -0.10995818 10.019302 -0.13071385 0.86846036 -0.47821587 1.4083176 0.053192478 0.48780307 0.87133151 9.5367432e-07 0 0 0 1 0.98988599 0.10268115 -0.097888432 10.019318 -0.13735515 0.86629272 -0.48028165 1.4083138 0.035484161 0.48886964 0.87163478 -9.5367432e-07 0 0 0 1 0.98881114 0.12818977 -0.076287232 10.019302 -0.14912628 0.86216247 -0.48418686 1.4083176 0.0037041863 0.4901458 0.87163246 0 0 0 0 1 0.98593313 0.15954176 -0.049822353 10.019302 -0.16335061 0.85665786 -0.48934016 1.4083176 -0.035389476 0.49059525 0.87066853 1.9073486e-06 0 0 0 1 0.98126566 0.19126546 -0.02314035 10.019333 -0.17746924 0.85060298 -0.49495363 1.4083099 -0.074984297 0.48978752 0.86861134 0 0 0 0 1 0.97596288 0.21793425 -0.00078590948 10.019318 -0.18912184 0.84513086 -0.49998638 1.4083099 -0.10829998 0.48811686 0.86603272 1.9073486e-06 0 0 0 1 0.9720974 0.23422612 0.012837147 10.019302 -0.19614124 0.84161431 -0.50320363 1.4083138 -0.12866735 0.48664495 0.86407268 3.8146973e-06 0 0 0 1 0.9738214 0.22720723 0.0069818981 10.019318 -0.19312127 0.84314734 -0.50180346 1.4083138 -0.11990015 0.48731861 0.86495346 3.8146973e-06 0 0 0 1 0.97958243 0.20045175 -0.015403523 10.019318 -0.18149163 0.84876198 -0.49665263 1.4083214 -0.08648096 0.48930785 0.86781263 -1.9073486e-06 0 0 0 1 0.98408663 0.17358994 -0.037950199 10.019302 -0.1696154 0.85404336 -0.49177295 1.4083061 -0.052955724 0.49038404 0.86989617 2.8610229e-06 0 0 0 1 </float_array>
        <technique_common>
          <accessor count="13" offset="0" source="#B_Head_matrix-output-array" stride="16">
            <param name="TRANSFORM" type="float4x4" />
          </accessor>
        </technique_common>
      </source>
      <source id="B_Head_matrix-interpolation">
        <Name_array id="B_Head_matrix-interpolation-array" count="13"> LINEAR LINEAR LINEAR LINEAR LINEAR LINEAR LINEAR LINEAR LINEAR LINEAR LINEAR LINEAR LINEAR </Name_array>
        <technique_common>
          <accessor source="#B_Head_matrix-interpolation-array" count="13" stride="1">
            <param name="INTERPOLATION" type="name"></param>
          </accessor>
        </technique_common>
      </source>
      <source id="B_L_Calf_matrix-input" name="B_L_Calf_matrix-input">
        <float_array id="B_L_Calf_matrix-input-array" count="13"> 0 1 2 3 4 5 6 7 8 9 10 11 12 </float_array>
        <technique_common>
          <accessor count="13" offset="0" source="#B_L_Calf_matrix-input-array" stride="1">
            <param name="TIME" type="float" />
          </accessor>
        </technique_common>
      </source>
      <source id="B_L_Calf_matrix-output" name="B_L_Calf_matrix-output">
        <float_array id="B_L_Calf_matrix-output-array" count="208"> 0.79435766 0.60745054 6.4615654e-07 50.282745 -0.60745054 0.79435766 7.9098008e-06 7.6293945e-06 4.2915335e-06 -6.6757189e-06 1 -3.8146973e-06 0 0 0 1 0.53009093 0.84794098 8.1263261e-07 50.282745 -0.8479408 0.53009105 7.5549315e-06 3.8146973e-06 5.9753656e-06 -4.6938658e-06 1 7.6293945e-06 0 0 0 1 0.33247685 0.94311166 9.098494e-07 50.282749 -0.94311178 0.33247682 7.3912479e-06 0 6.6682692e-06 -3.3155081e-06 1 1.9073486e-06 0 0 0 1 0.23468357 0.97207195 9.7617124e-07 50.282753 -0.97207206 0.23468354 7.4174382e-06 0 6.981194e-06 -2.6896596e-06 0.99999994 0 0 0 0 1 0.39292446 0.91957116 8.2840211e-07 50.282745 -0.91957104 0.39292452 7.4758336e-06 7.6293945e-06 6.5490599e-06 -3.699213e-06 1 3.8146973e-06 0 0 0 1 0.67619878 0.73671961 7.2268767e-07 50.282753 -0.73671955 0.67619884 7.8234534e-06 0 5.2750106e-06 -5.8226292e-06 1 5.7220459e-06 0 0 0 1 0.81925833 0.57342494 4.9889695e-07 50.282749 -0.57342488 0.81925839 7.8849835e-06 3.8146973e-06 4.1127205e-06 -6.7459187e-06 1 7.6293945e-06 0 0 0 1 0.72904277 0.68446839 5.9043828e-07 50.282757 -0.68446827 0.72904289 7.7695868e-06 0 4.8875813e-06 -6.0684984e-06 1 5.7220459e-06 0 0 0 1 0.67938191 0.73378509 7.1482509e-07 50.282745 -0.73378497 0.67938203 7.7490604e-06 3.8146973e-06 5.2005053e-06 -5.7891002e-06 1 4.7683716e-06 0 0 0 1 0.65545231 0.75523704 6.9996599e-07 50.282753 -0.75523692 0.65545237 7.700578e-06 7.6293945e-06 5.356967e-06 -5.576002e-06 1 2.8610229e-06 0 0 0 1 0.64554542 0.7637223 7.1164754e-07 50.282753 -0.76372218 0.64554548 7.6353281e-06 0 5.3718691e-06 -5.4724519e-06 1 3.8146973e-06 0 0 0 1 0.68162316 0.73170382 6.5594492e-07 50.282749 -0.73170376 0.68162322 7.799903e-06 0 5.2601104e-06 -5.7965522e-06 1.0000001 7.6293945e-06 0 0 0 1 0.79436094 0.60744631 6.5969186e-07 50.282745 -0.60744631 0.79436094 7.9275615e-06 -3.8146973e-06 4.2915344e-06 -6.698072e-06 1 3.8146973e-06 0 0 0 1 </float_array>
        <technique_common>
          <accessor count="13" offset="0" source="#B_L_Calf_matrix-output-array" stride="16">
            <param name="TRANSFORM" type="float4x4" />
          </accessor>
        </technique_common>
      </source>
      <source id="B_L_Calf_matrix-interpolation">
        <Name_array id="B_L_Calf_matrix-interpolation-array" count="13"> LINEAR LINEAR LINEAR LINEAR LINEAR LINEAR LINEAR LINEAR LINEAR LINEAR LINEAR LINEAR LINEAR </Name_array>
        <technique_common>
          <accessor source="#B_L_Calf_matrix-interpolation-array" count="13" stride="1">
            <param name="INTERPOLATION" type="name"></param>
          </accessor>
        </technique_common>
      </source>
      <source id="B_L_Clavicle_matrix-input" name="B_L_Clavicle_matrix-input">
        <float_array id="B_L_Clavicle_matrix-input-array" count="13"> 0 1 2 3 4 5 6 7 8 9 10 11 12 </float_array>
        <technique_common>
          <accessor count="13" offset="0" source="#B_L_Clavicle_matrix-input-array" stride="1">
            <param name="TIME" type="float" />
          </accessor>
        </technique_common>
      </source>
      <source id="B_L_Clavicle_matrix-output" name="B_L_Clavicle_matrix-output">
        <float_array id="B_L_Clavicle_matrix-output-array" count="208"> -0.017590642 -0.00078421831 0.99984509 17.736877 -0.17375694 -0.98478115 -0.0038293754 0.073140144 0.98463148 -0.17379735 0.017186644 5.0180159 0 0 0 1 -0.01759064 -0.0007842257 0.99984503 17.736862 -0.17375694 -0.98478121 -0.0038293675 0.073140144 0.98463148 -0.17379735 0.017186522 5.0180163 0 0 0 1 -0.01759064 -0.0007842257 0.99984497 17.736847 -0.17375694 -0.98478121 -0.0038293672 0.073141336 0.98463148 -0.17379735 0.017186521 5.0180149 0 0 0 1 -0.017590879 -0.0007843225 0.99984461 17.736862 -0.17375702 -0.98478091 -0.003829523 0.073138952 0.98463124 -0.17379744 0.017186996 5.0180168 0 0 0 1 -0.017590644 -0.00078421843 0.99984509 17.736862 -0.17375696 -0.98478127 -0.0038293754 0.073141813 0.9846316 -0.17379737 0.017186644 5.0180163 0 0 0 1 -0.017590642 -0.00078421825 0.99984509 17.736847 -0.17375694 -0.98478109 -0.0038293754 0.073140144 0.98463148 -0.17379734 0.017186644 5.0180159 0 0 0 1 -0.01759064 -0.00078421825 0.99984497 17.736847 -0.17375693 -0.98478109 -0.0038293749 0.073144913 0.98463136 -0.17379734 0.017186642 5.0180144 0 0 0 1 -0.017590642 -0.0007842257 0.99984497 17.736847 -0.17375696 -0.98478121 -0.0038293672 0.07313633 0.98463154 -0.17379735 0.017186521 5.0180173 0 0 0 1 -0.01759064 -0.00078422576 0.99984503 17.736847 -0.17375694 -0.98478127 -0.0038293675 0.073141098 0.98463148 -0.17379737 0.017186522 5.0180149 0 0 0 1 -0.017590642 -0.00078433746 0.99984509 17.736862 -0.17375693 -0.98478109 -0.0038294946 0.073144913 0.98463148 -0.17379734 0.017186644 5.018013 0 0 0 1 -0.017590642 -0.0007842257 0.99984497 17.736862 -0.17375696 -0.98478121 -0.0038293672 0.073143005 0.98463154 -0.17379735 0.017186521 5.0180149 0 0 0 1 -0.017590642 -0.00078421819 0.99984509 17.736847 -0.17375694 -0.98478103 -0.0038293754 0.073143005 0.98463148 -0.17379734 0.017186644 5.0180144 0 0 0 1 -0.017590642 -0.00078421825 0.99984509 17.736877 -0.17375694 -0.98478109 -0.0038293754 0.07313776 0.98463148 -0.17379734 0.017186644 5.0180178 0 0 0 1 </float_array>
        <technique_common>
          <accessor count="13" offset="0" source="#B_L_Clavicle_matrix-output-array" stride="16">
            <param name="TRANSFORM" type="float4x4" />
          </accessor>
        </technique_common>
      </source>
      <source id="B_L_Clavicle_matrix-interpolation">
        <Name_array id="B_L_Clavicle_matrix-interpolation-array" count="13"> LINEAR LINEAR LINEAR LINEAR LINEAR LINEAR LINEAR LINEAR LINEAR LINEAR LINEAR LINEAR LINEAR </Name_array>
        <technique_common>
          <accessor source="#B_L_Clavicle_matrix-interpolation-array" count="13" stride="1">
            <param name="INTERPOLATION" type="name"></param>
          </accessor>
        </technique_common>
      </source>
      <source id="B_L_Finger0_matrix-input" name="B_L_Finger0_matrix-input">
        <float_array id="B_L_Finger0_matrix-input-array" count="13"> 0 1 2 3 4 5 6 7 8 9 10 11 12 </float_array>
        <technique_common>
          <accessor count="13" offset="0" source="#B_L_Finger0_matrix-input-array" stride="1">
            <param name="TIME" type="float" />
          </accessor>
        </technique_common>
      </source>
      <source id="B_L_Finger0_matrix-output" name="B_L_Finger0_matrix-output">
        <float_array id="B_L_Finger0_matrix-output-array" count="208"> 0.80900669 0.13246356 0.57267964 1.4603271 0.15583248 0.89108157 -0.42625129 1.9355621 -0.56676692 0.43408212 0.70024878 -2.4376526 0 0 0 1 0.80900657 0.13246362 0.57267964 1.4603271 0.15583241 0.89108157 -0.42625138 1.9355469 -0.5667668 0.43408215 0.70024884 -2.4376602 0 0 0 1 0.80900675 0.13246369 0.57267964 1.4603271 0.1558325 0.89108163 -0.4262515 1.9355469 -0.56676692 0.4340823 0.70024878 -2.4376526 0 0 0 1 0.80900657 0.13246346 0.57267958 1.4603195 0.15583253 0.89108145 -0.42625126 1.9355469 -0.5667668 0.43408209 0.70024884 -2.4376526 0 0 0 1 0.80900657 0.13246366 0.57267976 1.460331 0.15583253 0.89108151 -0.42625144 1.9355316 -0.56676698 0.43408221 0.70024872 -2.4376602 0 0 0 1 0.80900657 0.13246368 0.57267988 1.4603348 0.15583251 0.89108151 -0.4262515 1.9355469 -0.56676698 0.43408221 0.70024884 -2.4376602 0 0 0 1 0.80900657 0.13246353 0.5726797 1.460331 0.15583257 0.89108157 -0.42625123 1.9355392 -0.56676698 0.43408212 0.70024872 -2.4376602 0 0 0 1 0.80900657 0.13246377 0.57267958 1.4603271 0.15583244 0.89108145 -0.42625153 1.9355392 -0.5667668 0.4340823 0.70024866 -2.4376602 0 0 0 1 0.80900669 0.1324638 0.57267964 1.4603271 0.15583244 0.89108157 -0.42625159 1.9355469 -0.56676686 0.43408233 0.70024872 -2.4376602 0 0 0 1 0.80900669 0.13246372 0.57267958 1.4603348 0.15583245 0.89108163 -0.42625147 1.9355469 -0.56676686 0.43408227 0.70024872 -2.4376526 0 0 0 1 0.80900669 0.13246353 0.57267964 1.4603271 0.15583248 0.89108133 -0.42625129 1.9355469 -0.56676692 0.434082 0.70024878 -2.4376678 0 0 0 1 0.80900669 0.13246375 0.57267964 1.4603271 0.15583242 0.89108163 -0.42625153 1.9355392 -0.56676686 0.43408227 0.70024878 -2.4376602 0 0 0 1 0.80900669 0.13246365 0.57267964 1.4603271 0.15583239 0.89108157 -0.42625141 1.9355469 -0.56676686 0.43408212 0.70024884 -2.437645 0 0 0 1 </float_array>
        <technique_common>
          <accessor count="13" offset="0" source="#B_L_Finger0_matrix-output-array" stride="16">
            <param name="TRANSFORM" type="float4x4" />
          </accessor>
        </technique_common>
      </source>
      <source id="B_L_Finger0_matrix-interpolation">
        <Name_array id="B_L_Finger0_matrix-interpolation-array" count="13"> LINEAR LINEAR LINEAR LINEAR LINEAR LINEAR LINEAR LINEAR LINEAR LINEAR LINEAR LINEAR LINEAR </Name_array>
        <technique_common>
          <accessor source="#B_L_Finger0_matrix-interpolation-array" count="13" stride="1">
            <param name="INTERPOLATION" type="name"></param>
          </accessor>
        </technique_common>
      </source>
      <source id="B_L_Finger01_matrix-input" name="B_L_Finger01_matrix-input">
        <float_array id="B_L_Finger01_matrix-input-array" count="13"> 0 1 2 3 4 5 6 7 8 9 10 11 12 </float_array>
        <technique_common>
          <accessor count="13" offset="0" source="#B_L_Finger01_matrix-input-array" stride="1">
            <param name="TIME" type="float" />
          </accessor>
        </technique_common>
      </source>
      <source id="B_L_Finger01_matrix-output" name="B_L_Finger01_matrix-output">
        <float_array id="B_L_Finger01_matrix-output-array" count="208"> 0.80299294 -0.59598827 -6.838124e-08 3.7140121 0.59598827 0.80299294 -4.1474632e-08 0 7.962808e-08 -7.4505797e-09 0.99999964 -2.2888184e-05 0 0 0 1 0.80299336 -0.59598833 -1.5737433e-07 3.7140121 0.59598839 0.8029933 -1.4464008e-07 -1.5258789e-05 2.1257442e-07 2.2351752e-08 0.9999997 -2.2888184e-05 0 0 0 1 0.80299336 -0.59598827 -6.4164716e-08 3.7139969 0.59598839 0.80299318 9.387368e-08 1.5258789e-05 -4.4237831e-09 -1.1362135e-07 0.99999988 -2.2888184e-05 0 0 0 1 0.80299306 -0.59598815 -1.2475134e-07 3.7140045 0.59598815 0.80299306 9.4721031e-09 0 9.4529227e-08 -8.1956379e-08 0.99999964 -2.6702881e-05 0 0 0 1 0.80299336 -0.59598809 -8.1328686e-08 3.7140045 0.59598821 0.80299318 -2.3248784e-08 0 7.9162412e-08 -2.9802322e-08 0.9999997 -2.2888184e-05 0 0 0 1 0.8029933 -0.59598821 -7.2168092e-08 3.7140121 0.59598833 0.80299312 2.0664318e-08 -1.5258789e-05 4.5634806e-08 -5.9604645e-08 0.99999976 -2.4795532e-05 0 0 0 1 0.8029933 -0.59598821 -9.9183744e-08 3.7140045 0.59598827 0.80299318 -1.794395e-08 0 9.033829e-08 -4.4703476e-08 0.99999976 -2.2888184e-05 0 0 0 1 0.802993 -0.59598827 -5.2912593e-08 3.7139969 0.59598833 0.80299294 1.4629804e-07 0 -4.4703487e-08 -1.4901163e-07 0.99999964 -1.9073486e-05 0 0 0 1 0.80299318 -0.59598815 -6.5203388e-08 3.7140121 0.59598821 0.80299306 -2.0019604e-09 0 5.3551044e-08 -3.7252899e-08 0.99999952 -2.4795532e-05 0 0 0 1 0.8029933 -0.59598815 -3.6737163e-08 3.7139969 0.59598827 0.80299306 -8.2937667e-08 0 7.8929588e-08 4.4703476e-08 0.99999976 -2.2888184e-05 0 0 0 1 0.80299318 -0.59598827 -2.044896e-08 3.7140121 0.59598845 0.80299294 -1.0538138e-08 -1.5258789e-05 2.2700991e-08 -3.7252912e-09 0.99999976 -1.9073486e-05 0 0 0 1 0.80299318 -0.59598833 3.7953658e-08 3.7140045 0.59598845 0.802993 -8.9445082e-09 0 -2.5145711e-08 2.9802322e-08 0.9999997 -3.0517578e-05 0 0 0 1 0.802993 -0.59598833 -9.7034466e-08 3.7140045 0.59598833 0.80299294 3.9322327e-08 -1.5258789e-05 5.4482374e-08 -8.9406974e-08 0.9999997 -3.0517578e-05 0 0 0 1 </float_array>
        <technique_common>
          <accessor count="13" offset="0" source="#B_L_Finger01_matrix-output-array" stride="16">
            <param name="TRANSFORM" type="float4x4" />
          </accessor>
        </technique_common>
      </source>
      <source id="B_L_Finger01_matrix-interpolation">
        <Name_array id="B_L_Finger01_matrix-interpolation-array" count="13"> LINEAR LINEAR LINEAR LINEAR LINEAR LINEAR LINEAR LINEAR LINEAR LINEAR LINEAR LINEAR LINEAR </Name_array>
        <technique_common>
          <accessor source="#B_L_Finger01_matrix-interpolation-array" count="13" stride="1">
            <param name="INTERPOLATION" type="name"></param>
          </accessor>
        </technique_common>
      </source>
      <source id="B_L_Finger02_matrix-input" name="B_L_Finger02_matrix-input">
        <float_array id="B_L_Finger02_matrix-input-array" count="13"> 0 1 2 3 4 5 6 7 8 9 10 11 12 </float_array>
        <technique_common>
          <accessor count="13" offset="0" source="#B_L_Finger02_matrix-input-array" stride="1">
            <param name="TIME" type="float" />
          </accessor>
        </technique_common>
      </source>
      <source id="B_L_Finger02_matrix-output" name="B_L_Finger02_matrix-output">
        <float_array id="B_L_Finger02_matrix-output-array" count="208"> 0.55218488 -0.83372188 -4.9693679e-08 5.5299349 0.83372188 0.55218488 3.2912769e-08 1.5258789e-05 1.7763571e-15 -5.9604645e-08 0.99999994 2.6702881e-05 0 0 0 1 0.55218494 -0.83372176 -3.7797623e-08 5.529933 0.83372194 0.55218482 1.9929618e-07 1.5258789e-05 -1.4528632e-07 -1.4156103e-07 1 2.2888184e-05 0 0 0 1 0.55218482 -0.833722 -1.1451246e-07 5.5299311 0.833722 0.55218482 2.7809239e-08 1.5258789e-05 4.0046871e-08 -1.108274e-07 1 2.6702881e-05 0 0 0 1 0.55218506 -0.83372188 -5.5743129e-08 5.5299387 0.83372217 0.55218488 -1.6699767e-08 0 4.4703484e-08 -3.7252899e-08 1.0000001 2.2888184e-05 0 0 0 1 0.55218494 -0.8337217 7.413486e-08 5.5299358 0.83372194 0.55218476 8.4947445e-08 1.5258789e-05 -1.1175871e-07 1.490116e-08 1 2.0980835e-05 0 0 0 1 0.55218488 -0.83372194 5.146676e-08 5.529933 0.83372211 0.55218476 6.4214703e-08 3.0517578e-05 -8.1956387e-08 7.4505797e-09 1 2.6702881e-05 0 0 0 1 0.55218488 -0.83372188 -9.9143968e-08 5.5299397 0.83372188 0.55218488 -1.4764423e-08 1.5258789e-05 6.7055218e-08 -7.4505799e-08 0.99999994 2.6702881e-05 0 0 0 1 0.55218506 -0.83372188 -5.5824259e-08 5.5299339 0.83372217 0.55218488 1.0163552e-08 0 2.2351745e-08 -5.2154064e-08 1 2.2888184e-05 0 0 0 1 0.55218494 -0.83372176 -6.9093659e-08 5.5299339 0.83372194 0.55218482 -4.3603652e-08 3.0517578e-05 7.4505799e-08 -3.3527613e-08 0.99999994 2.6702881e-05 0 0 0 1 0.55218482 -0.83372182 5.7800175e-08 5.5299301 0.833722 0.5521847 1.9805633e-08 0 -4.8428774e-08 3.7252896e-08 1 2.0980835e-05 0 0 0 1 0.55218494 -0.83372176 -6.8499745e-08 5.5299168 0.83372194 0.55218482 1.6324558e-08 3.0517578e-05 2.4214385e-08 -6.6123903e-08 0.99999994 7.6293945e-06 0 0 0 1 0.55218488 -0.83372182 -1.3851184e-07 5.5299368 0.83372211 0.5521847 2.0245961e-08 4.5776367e-05 5.9604652e-08 -1.2665986e-07 0.99999994 2.6702881e-05 0 0 0 1 0.55218488 -0.83372188 4.541733e-08 5.529932 0.83372188 0.55218488 1.4602165e-08 0 -3.7252899e-08 2.9802321e-08 1.0000001 1.9073486e-05 0 0 0 1 </float_array>
        <technique_common>
          <accessor count="13" offset="0" source="#B_L_Finger02_matrix-output-array" stride="16">
            <param name="TRANSFORM" type="float4x4" />
          </accessor>
        </technique_common>
      </source>
      <source id="B_L_Finger02_matrix-interpolation">
        <Name_array id="B_L_Finger02_matrix-interpolation-array" count="13"> LINEAR LINEAR LINEAR LINEAR LINEAR LINEAR LINEAR LINEAR LINEAR LINEAR LINEAR LINEAR LINEAR </Name_array>
        <technique_common>
          <accessor source="#B_L_Finger02_matrix-interpolation-array" count="13" stride="1">
            <param name="INTERPOLATION" type="name"></param>
          </accessor>
        </technique_common>
      </source>
      <source id="B_L_Finger1_matrix-input" name="B_L_Finger1_matrix-input">
        <float_array id="B_L_Finger1_matrix-input-array" count="13"> 0 1 2 3 4 5 6 7 8 9 10 11 12 </float_array>
        <technique_common>
          <accessor count="13" offset="0" source="#B_L_Finger1_matrix-input-array" stride="1">
            <param name="TIME" type="float" />
          </accessor>
        </technique_common>
      </source>
      <source id="B_L_Finger1_matrix-output" name="B_L_Finger1_matrix-output">
