<?xml version="1.0" encoding="UTF-8" standalone="no" ?>
<COLLADA xmlns="http://www.collada.org/2005/11/COLLADASchema" version="1.4.1">
  <asset>
    <contributor>
      <author>Assimp</author>
      <authoring_tool>FBX SDK/FBX Plugins version 2013.1</authoring_tool>
    </contributor>
    <created>2020-08-21T10:31:25</created>
    <modified>2020-08-21T10:31:25</modified>
    <unit name="meter" meter="1" />
    <up_axis>Y_UP</up_axis>
  </asset>
  <library_geometries>
  </library_geometries>
  <library_controllers>
  </library_controllers>
  <library_visual_scenes>
    <visual_scene id="RootNode" name="RootNode">
      <node id="Motion_aAssimpFbxa_Translation"  name="Motion_$AssimpFbx$_Translation" type="NODE">
        <matrix sid="matrix">1 0 0 9.92585e-07 0 1 0 0 0 0 1 -0.17328988 0 0 0 1</matrix>
        <node id="Motion_aAssimpFbxa_PreRotation"  name="Motion_$AssimpFbx$_PreRotation" type="NODE">
          <matrix sid="matrix">1 0 0 0 0 -4.3711388e-08 1 0 0 -1 -4.3711388e-08 0 0 0 0 1</matrix>
          <node id="Motion_aAssimpFbxa_Rotation"  name="Motion_$AssimpFbx$_Rotation" type="NODE">
            <matrix sid="matrix">1.3868001e-06 1 0 0 -1 1.3868001e-06 0 0 0 0 1 0 0 0 0 1</matrix>
            <node id="Motion_aAssimpFbxa_Scaling"  name="Motion_$AssimpFbx$_Scaling" type="NODE">
              <matrix sid="matrix">1 0 0 0 0 1 0 0 0 0 1 0 0 0 0 1</matrix>
              <node id="Motion"  name="Motion" type="NODE">
                <matrix sid="matrix">1 0 0 0 0 1 0 0 0 0 1 0 0 0 0 1</matrix>
                <node id="B_Pelvis"  name="B_Pelvis" type="NODE">
                  <matrix sid="matrix">-4.3711388e-08 0.47715977 0.87881655 8.4299412 0 -0.87881655 0.47715977 2.6999884 1 2.0857316e-08 3.8414292e-08 27.564949 0 0 0 1</matrix>
                  <node id="B_Spine"  name="B_Spine" type="NODE">
                    <matrix sid="matrix">0.90887946 -0.41392836 -0.051004604 7.6809902 0.41435888 0.91011059 -0.0023194812 -1.6262097 0.047379933 -0.019026082 0.99869567 0.00019836426 0 0 0 1</matrix>
                    <node id="B_Spine1"  name="B_Spine1" type="NODE">
                      <matrix sid="matrix">0.88321298 -0.46896467 0.0026209801 12.754112 0.45751083 0.86038679 -0.22454026 -0.012290001 0.10304639 0.19951601 0.97446126 -0.0028495789 0 0 0 1</matrix>
                      <node id="B_Spine2"  name="B_Spine2" type="NODE">
                        <matrix sid="matrix">0.87208748 -0.48924929 0.0099288747 17.947109 0.4798077 0.85091835 -0.21382838 -0.022533417 0.096166722 0.19124101 0.97682083 -0.0050802231 0 0 0 1</matrix>
                        <node id="B_L_Clavicle"  name="B_L_Clavicle" type="NODE">
                          <matrix sid="matrix">-0.01759062 -0.00078351796 0.99984497 17.736855 -0.17375694 -0.98478109 -0.0038286746 0.073139191 0.98463148 -0.17379735 0.017186768 5.0180149 0 0 0 1</matrix>
                          <node id="B_L_UpperArm"  name="B_L_UpperArm" type="NODE">
                            <matrix sid="matrix">0.85696328 0.51537699 -0.00075930357 17.464661 -0.39300519 0.65443641 0.64595664 0 0.33340806 -0.55326265 0.76337379 -3.8146973e-06 0 0 0 1</matrix>
                            <node id="B_L_Forearm"  name="B_L_Forearm" type="NODE">
                              <matrix sid="matrix">0.55757779 0.82652193 0.077255882 27.628174 -0.83012468 0.5551579 0.05189091 7.6293945e-06 -2.3841861e-07 -0.093065232 0.99566001 -1.5258789e-05 0 0 0 1</matrix>
                              <node id="B_L_ForeArmTwist"  name="B_L_ForeArmTwist" type="NODE">
                                <matrix sid="matrix">1 1.3159099e-07 -2.870222e-07 11.992634 -1.0430807e-07 0.99566001 0.093065314 -7.6293945e-06 2.9802308e-07 -0.093065314 0.99566001 1.5258789e-05 0 0 0 1</matrix>
                                <node id="B_L_Hand"  name="B_L_Hand" type="NODE">
                                  <matrix sid="matrix">0.96226168 -0.26206893 0.073295921 11.992645 -0.094868459 -0.070617914 0.99298191 0 -0.2550537 -0.96246189 -0.092814989 7.6293945e-06 0 0 0 1</matrix>
                                  <node id="B_L_Finger0"  name="B_L_Finger0" type="NODE">
                                    <matrix sid="matrix">0.80900657 0.13246366 0.57267946 1.4603271 0.15583254 0.89108133 -0.42625141 1.9355469 -0.5667668 0.4340823 0.70024854 -2.4376564 0 0 0 1</matrix>
                                    <node id="B_L_Finger01"  name="B_L_Finger01" type="NODE">
                                      <matrix sid="matrix">0.80299318 -0.59598821 -5.1718656e-09 3.7140007 0.59598821 0.80299318 3.1970654e-08 0 -1.490116e-08 -2.8754588e-08 1 -2.2888184e-05 0 0 0 1</matrix>
                                      <node id="B_L_Finger02"  name="B_L_Finger02" type="NODE">
                                        <matrix sid="matrix">0.55218476 -0.83372176 -9.0996913e-08 5.5299339 0.83372176 0.55218476 2.4522324e-08 9.5367432e-06 2.9802312e-08 -8.940696e-08 1 2.2888184e-05 0 0 0 1</matrix>
                                      </node>
                                    </node>
                                  </node>
                                  <node id="B_L_Finger1"  name="B_L_Finger1" type="NODE">
                                    <matrix sid="matrix">0.27254871 -0.95552647 0.11263388 11.625465 0.92804098 0.23019071 -0.29283455 3.1205444 0.2538839 0.18434055 0.94950593 -3.0983505 0 0 0 1</matrix>
                                    <node id="B_L_Finger11"  name="B_L_Finger11" type="NODE">
                                      <matrix sid="matrix">-0.25881925 -0.96592575 3.9323542e-08 4.4568253 0.96592575 -0.25881925 2.5963541e-08 0 -1.4901163e-08 4.4703487e-08 1 2.2888184e-05 0 0 0 1</matrix>
                                      <node id="B_L_Finger12"  name="B_L_Finger12" type="NODE">
                                        <matrix sid="matrix">0.57357568 -0.81915259 3.5765527e-07 3.3311501 0.81915259 0.57357568 -1.7766862e-07 -1.5258789e-05 -5.9604638e-08 3.9488063e-07 1 -3.0517578e-05 0 0 0 1</matrix>
                                      </node>
                                    </node>
                                  </node>
                                  <node id="B_L_Finger2"  name="B_L_Finger2" type="NODE">
                                    <matrix sid="matrix">0.25808457 -0.96503478 0.045829143 11.814079 0.9609651 0.25152308 -0.11524853 2.4381104 0.099691741 0.073784068 0.99227893 0.83572388 0 0 0 1</matrix>
                                    <node id="B_L_Finger21"  name="B_L_Finger21" type="NODE">
                                      <matrix sid="matrix">-0.62068564 -0.78405952 4.7901165e-07 5.1996384 0.78405952 -0.62068564 3.7107938e-08 2.2888184e-05 2.6822082e-07 3.9860601e-07 1 7.6293945e-06 0 0 0 1</matrix>
                                      <node id="B_L_Finger22"  name="B_L_Finger22" type="NODE">
                                        <matrix sid="matrix">0.44828629 -0.89389002 1.992005e-08 5.1996288 0.89389002 0.44828629 -5.9999962e-08 2.2888184e-05 4.470348e-08 4.4703494e-08 1 -3.8146973e-06 0 0 0 1</matrix>
                                      </node>
                                    </node>
                                  </node>
                                  <node id="B_L_Finger3"  name="B_L_Finger3" type="NODE">
                                    <matrix sid="matrix">0.13847044 -0.99036652 0.00029704184 11.814068 0.99036658 0.13847046 5.9360053e-05 1.9342346 -9.9919729e-05 0.0002859607 0.99999994 4.600235 0 0 0 1</matrix>
                                    <node id="B_L_Finger31"  name="B_L_Finger31" type="NODE">
                                      <matrix sid="matrix">-0.058766745 -0.99827176 -8.9028447e-07 4.45681 0.99827176 -0.058766745 -1.2316394e-06 1.5258789e-05 1.1771916e-06 -9.6112524e-07 1 -3.8146973e-06 0 0 0 1</matrix>
                                      <node id="B_L_Finger32"  name="B_L_Finger32" type="NODE">
                                        <matrix sid="matrix">-0.058766626 -0.99827176 -1.8335485e-06 4.4567738 0.99827176 -0.058766626 -1.5633158e-06 -2.2888184e-05 1.4528625e-06 -1.9222505e-06 1 7.6293945e-06 0 0 0 1</matrix>
                                      </node>
                                    </node>
                                  </node>
                                  <node id="B_L_Finger4"  name="B_L_Finger4" type="NODE">
                                    <matrix sid="matrix">0.14714384 -0.98122936 -0.12465002 11.857189 0.98368686 0.15835437 -0.085346907 4.0528946 0.10348377 -0.11005832 0.9885233 6.5145264 0 0 0 1</matrix>
                                    <node id="B_L_Finger41"  name="B_L_Finger41" type="NODE">
                                      <matrix sid="matrix">-0.18123157 -0.98344046 -2.1620558e-06 3.327652 0.98344046 -0.18123157 -3.8076471e-06 0 3.3527613e-06 -2.8163188e-06 1 1.9073486e-05 0 0 0 1</matrix>
                                      <node id="B_L_Finger42"  name="B_L_Finger42" type="NODE">
                                        <matrix sid="matrix">0.0019773988 -0.99999803 -2.3160987e-06 3.3276596 0.99999803 0.0019773988 -3.2438797e-06 -2.2888184e-05 3.2484534e-06 -2.3096798e-06 1 -1.9073486e-05 0 0 0 1</matrix>
                                      </node>
                                    </node>
                                  </node>
                                </node>
                              </node>
                            </node>
                          </node>
                        </node>
                        <node id="B_R_Clavicle"  name="B_R_Clavicle" type="NODE">
                          <matrix sid="matrix">-0.10452852 -0.00079609582 -0.9945215 17.736855 0.00023392974 -0.99999964 0.00077589392 0.07466507 -0.99452186 -0.00015154514 0.10452867 -5.0179653 0 0 0 1</matrix>
                          <node id="B_R_UpperArm"  name="B_R_UpperArm" type="NODE">
                            <matrix sid="matrix">0.82476157 -0.2609733 -0.5016585 17.464642 0.25892541 0.96296078 -0.075260974 7.6293945e-06 0.50271857 -0.067819782 0.86178565 7.6293945e-06 0 0 0 1</matrix>
                            <node id="B_R_Forearm"  name="B_R_Forearm" type="NODE">
                              <matrix sid="matrix">0.80765754 0.58838749 -0.038594127 27.628178 -0.58965188 0.80592573 -0.052862994 3.8146973e-06 7.4505841e-08 0.065452293 0.99785572 3.8146973e-06 0 0 0 1</matrix>
                              <node id="B_R_ForeArmTwist"  name="B_R_ForeArmTwist" type="NODE">
                                <matrix sid="matrix">1 -1.5161804e-07 -3.4854448e-08 11.992634 1.4901161e-07 0.99785566 -0.065452449 -7.6293945e-06 4.4703484e-08 0.065452449 0.99785566 -3.8146973e-06 0 0 0 1</matrix>
                                <node id="B_R_Hand"  name="B_R_Hand" type="NODE">
                                  <matrix sid="matrix">0.99811697 -0.032143176 0.052242853 11.992653 0.049997091 -0.067096442 -0.99649298 -3.8146973e-06 0.03553576 0.99722862 -0.065363042 -1.9073486e-05 0 0 0 1</matrix>
                                  <node id="B_R_Finger0"  name="B_R_Finger0" type="NODE">
                                    <matrix sid="matrix">0.80900663 0.13246384 -0.57267934 1.4603157 0.15583237 0.89108133 0.42625159 1.9355469 0.5667668 -0.4340823 0.70024854 2.4376564 0 0 0 1</matrix>
                                    <node id="B_R_Finger01"  name="B_R_Finger01" type="NODE">
                                      <matrix sid="matrix">0.80299306 -0.59598833 -1.4050171e-07 3.7140198 0.59598833 0.80299306 -8.5724558e-08 -9.5367432e-06 1.6391274e-07 -1.490116e-08 1 3.8146973e-06 0 0 0 1</matrix>
                                      <node id="B_R_Finger02"  name="B_R_Finger02" type="NODE">
                                        <matrix sid="matrix">0.55218482 -0.83372176 1.4464239e-07 5.5299377 0.83372176 0.55218482 2.5032705e-09 3.8146973e-06 -8.1956365e-08 1.1920923e-07 1 1.9073486e-05 0 0 0 1</matrix>
                                      </node>
                                    </node>
                                  </node>
                                  <node id="B_R_Finger1"  name="B_R_Finger1" type="NODE">
                                    <matrix sid="matrix">0.27254859 -0.95552653 -0.11263385 11.625463 0.92804098 0.2301905 0.29283497 3.1205521 -0.25388432 -0.18434058 0.94950587 3.0983429 0 0 0 1</matrix>
                                    <node id="B_R_Finger11"  name="B_R_Finger11" type="NODE">
                                      <matrix sid="matrix">-0.25881925 -0.96592575 -1.3262238e-07 4.4568119 0.96592575 -0.25881925 -6.6389724e-08 5.7220459e-06 2.9802321e-08 -1.4528631e-07 1 7.6293945e-06 0 0 0 1</matrix>
                                      <node id="B_R_Finger12"  name="B_R_Finger12" type="NODE">
                                        <matrix sid="matrix">0.57357585 -0.81915247 1.5138866e-07 3.3311348 0.81915247 0.57357585 1.1228809e-07 -3.8146973e-06 -1.7881393e-07 5.9604652e-08 1 -7.6293945e-06 0 0 0 1</matrix>
                                      </node>
                                    </node>
                                  </node>
                                  <node id="B_R_Finger2"  name="B_R_Finger2" type="NODE">
                                    <matrix sid="matrix">0.25808468 -0.96503472 -0.045829192 11.814054 0.96096504 0.25152323 0.11524843 2.4381218 -0.099691622 -0.073784105 0.99227893 -0.83572388 0 0 0 1</matrix>
                                    <node id="B_R_Finger21"  name="B_R_Finger21" type="NODE">
                                      <matrix sid="matrix">-0.62068564 -0.78405952 -1.3435903e-07 5.1996002 0.78405952 -0.62068564 -1.0636273e-07 -7.6293945e-06 0 -1.713633e-07 1 -3.4332275e-05 0 0 0 1</matrix>
                                      <node id="B_R_Finger22"  name="B_R_Finger22" type="NODE">
                                        <matrix sid="matrix">0.44828629 -0.89389002 -8.9939981e-08 5.199604 0.89389002 0.44828629 2.0099916e-08 7.6293945e-06 2.2351749e-08 -8.9406974e-08 1 3.0517578e-05 0 0 0 1</matrix>
                                      </node>
                                    </node>
                                  </node>
                                  <node id="B_R_Finger3"  name="B_R_Finger3" type="NODE">
                                    <matrix sid="matrix">0.13847044 -0.99036652 -0.00029819005 11.814058 0.99036658 0.13847046 -5.944775e-05 1.9342728 0.00010016558 -0.00028708568 0.99999994 -4.6002579 0 0 0 1</matrix>
                                    <node id="B_R_Finger31"  name="B_R_Finger31" type="NODE">
                                      <matrix sid="matrix">-0.058766864 -0.99827176 -4.3670729e-09 4.4567909 0.99827176 -0.058766864 -1.7938061e-07 -9.5367432e-06 1.7881393e-07 -1.4901159e-08 1 0 0 0 0 1</matrix>
                                      <node id="B_R_Finger32"  name="B_R_Finger32" type="NODE">
                                        <matrix sid="matrix">-0.058766864 -0.99827176 6.0640014e-07 4.4568291 0.99827176 -0.058766864 -1.5835258e-07 7.6293945e-06 1.9371512e-07 5.9604622e-07 1 -1.9073486e-05 0 0 0 1</matrix>
                                      </node>
                                    </node>
                                  </node>
                                  <node id="B_R_Finger4"  name="B_R_Finger4" type="NODE">
                                    <matrix sid="matrix">0.14714408 -0.9812296 0.12464784 11.857224 0.9836868 0.15835439 0.085347086 4.0529175 -0.10348362 0.11005612 0.98852354 -6.5145721 0 0 0 1</matrix>
                                    <node id="B_R_Finger41"  name="B_R_Finger41" type="NODE">
                                      <matrix sid="matrix">-0.18123123 -0.98344052 2.4598637e-07 3.3276749 0.98344052 -0.18123123 8.0293478e-07 3.0517578e-05 -7.4505812e-07 3.8742982e-07 1 2.6702881e-05 0 0 0 1</matrix>
                                      <node id="B_R_Finger42"  name="B_R_Finger42" type="NODE">
                                        <matrix sid="matrix">0.0019769219 -0.99999803 2.3975835e-07 3.3277035 0.99999803 0.0019769219 6.7753035e-07 3.0517578e-05 -6.78003e-07 2.3841845e-07 1 -3.8146973e-06 0 0 0 1</matrix>
                                      </node>
                                    </node>
                                  </node>
                                </node>
                              </node>
                            </node>
                          </node>
                        </node>
                        <node id="B_Neck"  name="B_Neck" type="NODE">
                          <matrix sid="matrix">0.90034938 -0.42587441 -0.089453518 27.041569 0.43011782 0.90212202 0.03427092 1.1288528 0.066102885 -0.069331355 0.9954012 0.00075340271 0 0 0 1</matrix>
                          <node id="B_Head"  name="B_Head" type="NODE">
                            <matrix sid="matrix">0.27865189 0.92725474 0.25010341 10.01931 -0.95835733 0.25152388 0.13522945 1.4083176 0.062485173 -0.27737039 0.95872897 0 0 0 0 1</matrix>
                          </node>
                        </node>
                      </node>
                    </node>
                  </node>
                  <node id="B_L_Thigh"  name="B_L_Thigh" type="NODE">
                    <matrix sid="matrix">-0.81717753 0.33981794 -0.46555841 1.9073486e-06 0.45930091 0.87190491 -0.16977769 1.6450882e-05 0.34822917 -0.35256997 -0.86857986 11.161452 0 0 0 1</matrix>
                    <node id="B_L_Calf"  name="B_L_Calf" type="NODE">
                      <matrix sid="matrix">-0.92216271 0.38680226 5.1724919e-07 50.282753 -0.38680226 -0.92216271 6.163446e-06 3.8146973e-06 2.8610225e-06 5.4836264e-06 1 1.9073486e-06 0 0 0 1</matrix>
                      <node id="B_L_Foot"  name="B_L_Foot" type="NODE">
                        <matrix sid="matrix">-0.62212795 -0.74180746 0.25035661 39.728134 0.62945557 -0.66407335 -0.4034752 -1.9073486e-06 0.46555609 -0.093424834 0.88007349 -1.9073486e-06 0 0 0 1</matrix>
                        <node id="B_L_Toe0"  name="B_L_Toe0" type="NODE">
                          <matrix sid="matrix">-4.3711388e-08 -1 -5.6529242e-08 18.214443 1 -4.3711388e-08 -2.980239e-08 14.545954 2.9802386e-08 -5.6529242e-08 1 0.020650864 0 0 0 1</matrix>
                        </node>
                      </node>
                    </node>
                  </node>
                  <node id="B_R_Thigh"  name="B_R_Thigh" type="NODE">
                    <matrix sid="matrix">-0.03323558 0.90338546 0.42753968 0 0.50782156 0.38370606 -0.77128923 -1.4781952e-05 -0.86082095 0.19147961 -0.47151127 -11.161449 0 0 0 1</matrix>
                    <node id="B_R_Calf"  name="B_R_Calf" type="NODE">
                      <matrix sid="matrix">-0.89815873 0.4396714 -1.2766463e-08 50.282757 -0.4396714 -0.89815873 -4.6848509e-06 1.9073486e-06 -2.0712612e-06 -4.2021265e-06 1 9.5367432e-07 0 0 0 1</matrix>
                      <node id="B_R_Foot"  name="B_R_Foot" type="NODE">
                        <matrix sid="matrix">0.36734229 -0.9214896 -0.12616062 39.728134 0.82599753 0.26086479 0.49967754 -9.5367432e-07 -0.42753682 -0.28776106 0.85697484 -9.5367432e-07 0 0 0 1</matrix>
                        <node id="B_R_Toe0"  name="B_R_Toe0" type="NODE">
                          <matrix sid="matrix">-2.8212997e-07 -1 5.093865e-07 18.214439 1 -2.8213046e-07 -9.2387182e-07 14.545952 9.2387199e-07 5.0938621e-07 1 -0.020650864 0 0 0 1</matrix>
                        </node>
                      </node>
                    </node>
                  </node>
                </node>
              </node>
            </node>
          </node>
        </node>
      </node>
      <node id="Exporter_aAssimpFbxa_PreRotation"  name="Exporter_$AssimpFbx$_PreRotation" type="NODE">
        <matrix sid="matrix">1 0 0 0 0 -4.3711388e-08 1 0 0 -1 -4.3711388e-08 0 0 0 0 1</matrix>
        <node id="Exporter"  name="Exporter" type="NODE">
          <matrix sid="matrix">1 0 0 0 0 1 0 0 0 0 1 0 0 0 0 1</matrix>
        </node>
      </node>
    </visual_scene>
  </library_visual_scenes>
  <library_animations>
    <animation id="TakeW001AnimId0" name="Take 001">
      <source id="B_Head_matrix-input" name="B_Head_matrix-input">
        <float_array id="B_Head_matrix-input-array" count="33"> 0 1 2 3 4 5 6 7 8 9 10 11 12 13 14 15 16 17 18 19 20 21 22 23 24 25 26 27 28 29 30 31 32 </float_array>
        <technique_common>
          <accessor count="33" offset="0" source="#B_Head_matrix-input-array" stride="1">
            <param name="TIME" type="float" />
          </accessor>
        </technique_common>
      </source>
      <source id="B_Head_matrix-output" name="B_Head_matrix-output">
        <float_array id="B_Head_matrix-output-array" count="528"> 0.27865177 0.92725468 0.25010341 10.01931 -0.95835716 0.25152373 0.13522948 1.4083176 0.062485203 -0.27737036 0.95872891 0 0 0 0 1 0.10364961 0.94059598 0.32332039 10.019308 -0.98934644 0.064090371 0.13071325 1.4083176 0.10222664 -0.33342433 0.93721801 0 0 0 0 1 -0.10518384 0.92122054 0.37455195 10.01932 -0.98159039 -0.15655923 0.10940587 1.4083176 0.15942648 -0.35614881 0.92072874 3.8146973e-06 0 0 0 1 -0.037010789 0.95684111 0.28824538 10.019314 -0.98843491 -0.077499621 0.13034786 1.4083214 0.14706105 -0.28008744 0.94864339 -1.9073486e-06 0 0 0 1 0.9930414 0.051005825 0.10614724 10.019302 0.0072619896 0.87310332 -0.48748136 1.4083138 -0.11754188 0.48486006 0.8666572 0 0 0 0 1 0.99455404 0.034187224 0.098455653 10.019302 0.026508063 0.83062857 -0.55619538 1.4083118 -0.10079488 0.55577624 0.82519871 7.6293945e-06 0 0 0 1 0.97410899 0.18916322 -0.12381107 10.019318 -0.22530025 0.8576684 -0.46221709 1.4083099 0.018754369 0.47814438 0.87808096 -1.5258789e-05 0 0 0 1 0.95942712 0.027471801 -0.28061464 10.019306 -0.035365965 0.99910718 -0.023105701 1.4082947 0.27972937 0.032092448 0.95954227 0 0 0 0 1 0.96613711 0.0087853558 -0.25787976 10.019318 0.0020228624 0.99913174 0.041616645 1.4083099 0.25802141 -0.040729042 0.96528041 0 0 0 0 1 0.96850806 0.0056593283 -0.24891709 10.019318 0.0095377564 0.99816447 0.05980441 1.4082947 0.24879861 -0.060295176 0.96667665 0 0 0 0 1 0.9657222 0.014489179 -0.2591725 10.019318 -0.0047590346 0.99926132 0.038131237 1.4083176 0.25953361 -0.035590779 0.96507782 -1.5258789e-05 0 0 0 1 0.95942724 0.027471766 -0.28061464 10.019333 -0.035365935 0.99910724 -0.023105711 1.4083176 0.2797294 0.032092448 0.95954221 0 0 0 0 1 0.96208304 0.057540137 -0.26661837 10.019318 -0.13300328 0.95237273 -0.27440178 1.4083252 0.23813091 0.29945841 0.92391479 0 0 0 0 1 0.98590666 0.13624488 -0.097083338 10.019318 -0.16636823 0.85948747 -0.48332471 1.4083099 0.017591381 0.49266469 0.87004131 -1.5258789e-05 0 0 0 1 0.98340434 0.1681273 -0.068183184 10.019318 -0.17943612 0.84579331 -0.50243014 1.4083099 -0.026803344 0.50632656 0.86192495 0 0 0 0 1 0.97885132 0.17527625 -0.10549218 10.019306 -0.20449744 0.85243046 -0.48118916 1.4083252 0.0055837189 0.49258542 0.87024617 6.1035156e-05 0 0 0 1 0.97410882 0.18916328 -0.12381113 10.019302 -0.22530025 0.85766858 -0.462217 1.4082947 0.018754436 0.47814453 0.87808079 -3.0517578e-05 0 0 0 1 0.97022694 0.22184025 -0.09719488 10.019318 -0.24134181 0.85181612 -0.46493387 1.4083099 -0.020348879 0.47454846 0.87999427 0 0 0 0 1 0.96319413 0.26292202 -0.055938732 10.019318 -0.25768033 0.84385902 -0.47064081 1.4083176 -0.07653743 0.46773279 0.88054979 1.5258789e-05 0 0 0 1 0.95189744 0.30629605 -0.0085928217 10.019287 -0.27302921 0.83511508 -0.4775328 1.4083138 -0.1390904 0.45690835 0.87857187 -3.8146973e-06 0 0 0 1 0.93748182 0.34617808 0.035893794 10.019318 -0.28660679 0.82641065 -0.48466691 1.4083138 -0.19744402 0.44407901 0.87396216 -3.8146973e-06 0 0 0 1 0.92349404 0.37747008 0.068373948 10.019318 -0.29791418 0.81799102 -0.49207497 1.4083138 -0.24167283 0.43405879 0.8678636 -3.8146973e-06 0 0 0 1 0.91495007 0.39560303 0.079780079 10.019287 -0.30665666 0.81003052 -0.49981225 1.4083176 -0.26235157 0.43283808 0.86245167 0 0 0 0 1 0.91636312 0.39564034 0.061217934 10.019333 -0.31320858 0.80371785 -0.50590354 1.4083138 -0.24935772 0.44441724 0.86041528 0 0 0 0 1 0.95377487 0.25397199 -0.16066113 10.019318 -0.2997148 0.84303916 -0.44660529 1.4083099 0.02201839 0.47411337 0.88018858 -1.9073486e-06 0 0 0 1 0.92625391 0.12229753 -0.35650635 10.019314 -0.2305527 0.93213022 -0.27924666 1.4083099 0.29815912 0.34084684 0.89158553 -9.5367432e-07 0 0 0 1 0.91627163 0.10891689 -0.38546562 10.019314 -0.21056129 0.94960481 -0.23219532 1.4083099 0.34074998 0.29391801 0.89302975 -1.9073486e-06 0 0 0 1 0.91758752 0.11675076 -0.38000315 10.01931 -0.2195902 0.9456895 -0.23969099 1.4083099 0.33138075 0.30338243 0.89339024 2.8610229e-06 0 0 0 1 0.92625386 0.12229754 -0.35650629 10.019314 -0.2305527 0.93213022 -0.27924669 1.4083099 0.29815903 0.34084687 0.89158553 0 0 0 0 1 0.9419589 0.12158385 -0.31293899 10.019314 -0.23026648 0.91229618 -0.33866361 1.4083176 0.24431702 0.39106661 0.88734204 3.8146973e-06 0 0 0 1 0.96231186 0.1294748 -0.23914799 10.019302 -0.22038476 0.88651043 -0.40685329 1.4083252 0.15932995 0.44422442 0.88163394 -1.9073486e-06 0 0 0 1 0.97869396 0.14866938 -0.14161728 10.01931 -0.19816934 0.86444116 -0.46202883 1.4083099 0.053730257 0.48024914 0.87548494 1.9073486e-06 0 0 0 1 0.98408645 0.1735899 -0.037950221 10.019318 -0.16961534 0.85404319 -0.49177313 1.4083138 -0.052955702 0.49038419 0.86989611 0 0 0 0 1 </float_array>
        <technique_common>
          <accessor count="33" offset="0" source="#B_Head_matrix-output-array" stride="16">
            <param name="TRANSFORM" type="float4x4" />
          </accessor>
        </technique_common>
      </source>
      <source id="B_Head_matrix-interpolation">
        <Name_array id="B_Head_matrix-interpolation-array" count="33"> LINEAR LINEAR LINEAR LINEAR LINEAR LINEAR LINEAR LINEAR LINEAR LINEAR LINEAR LINEAR LINEAR LINEAR LINEAR LINEAR LINEAR LINEAR LINEAR LINEAR LINEAR LINEAR LINEAR LINEAR LINEAR LINEAR LINEAR LINEAR LINEAR LINEAR LINEAR LINEAR LINEAR </Name_array>
        <technique_common>
          <accessor source="#B_Head_matrix-interpolation-array" count="33" stride="1">
            <param name="INTERPOLATION" type="name"></param>
          </accessor>
        </technique_common>
      </source>
      <source id="B_L_Calf_matrix-input" name="B_L_Calf_matrix-input">
        <float_array id="B_L_Calf_matrix-input-array" count="33"> 0 1 2 3 4 5 6 7 8 9 10 11 12 13 14 15 16 17 18 19 20 21 22 23 24 25 26 27 28 29 30 31 32 </float_array>
        <technique_common>
          <accessor count="33" offset="0" source="#B_L_Calf_matrix-input-array" stride="1">
            <param name="TIME" type="float" />
          </accessor>
        </technique_common>
      </source>
      <source id="B_L_Calf_matrix-output" name="B_L_Calf_matrix-output">
        <float_array id="B_L_Calf_matrix-output-array" count="528"> -0.92216301 0.38680235 5.1724885e-07 50.282753 -0.38680235 -0.92216301 6.163446e-06 3.8146973e-06 2.8610232e-06 5.4836282e-06 1 1.9073486e-06 0 0 0 1 -0.96802866 0.25084251 3.1035074e-07 50.282749 -0.25084251 -0.96802866 6.168475e-06 7.1525574e-07 1.847744e-06 5.8934102e-06 1 3.8146973e-06 0 0 0 1 -0.98246765 0.18643464 1.5762816e-07 50.282753 -0.18643464 -0.98246765 6.2029117e-06 -3.5762787e-06 1.3113023e-06 6.0647726e-06 1 3.8146973e-06 0 0 0 1 -0.97382081 0.2273168 2.7371297e-07 50.282745 -0.22731677 -0.97382092 6.1692881e-06 -4.7683716e-07 1.6689302e-06 5.9455629e-06 0.99999994 9.5367432e-06 0 0 0 1 0.9795475 0.20121308 1.9073364e-07 50.282738 -0.20121308 0.9795475 7.9639103e-06 9.5367432e-07 1.4156102e-06 -7.8394069e-06 0.99999994 3.8146973e-06 0 0 0 1 0.77671432 0.62985355 5.7467304e-07 50.282761 -0.62985343 0.7767145 7.882998e-06 0 4.5187771e-06 -6.4847995e-06 0.99999994 1.9073486e-06 0 0 0 1 -0.13474883 0.99087995 8.6874184e-07 50.282753 -0.99087995 -0.13474883 6.8859545e-06 7.6293945e-06 6.9402158e-06 6.705546e-08 1 7.6293945e-06 0 0 0 1 -0.64454401 0.76456738 7.2751357e-07 50.282761 -0.7645672 -0.64454418 6.434645e-06 -7.6293945e-06 5.388632e-06 3.5911798e-06 1.0000001 7.6293945e-06 0 0 0 1 -0.71080041 0.703394 6.8681902e-07 50.282761 -0.70339382 -0.71080059 6.4028109e-06 0 4.9918885e-06 4.068017e-06 1 3.8146973e-06 0 0 0 1 -0.69922853 0.71489823 6.9803349e-07 50.282745 -0.71489823 -0.69922853 6.4249857e-06 0 5.081296e-06 3.9935112e-06 0.99999994 -1.5258789e-05 0 0 0 1 -0.69676071 0.71730399 6.6550405e-07 50.282745 -0.71730381 -0.69676089 6.4166629e-06 -3.8146973e-06 5.0663939e-06 3.9935117e-06 0.99999994 0 0 0 0 1 -0.69024175 0.72357887 6.8970121e-07 50.282745 -0.72357887 -0.69024175 6.5086801e-06 1.5258789e-05 5.1856041e-06 3.9935103e-06 1 -3.0517578e-05 0 0 0 1 -0.68098956 0.73229325 7.4954096e-07 50.282761 -0.73229325 -0.68098956 6.3639436e-06 0 5.1707025e-06 3.7848954e-06 1 0 0 0 0 1 -0.67034984 0.74204576 7.4876277e-07 50.282715 -0.74204576 -0.67034984 6.4749952e-06 0 5.3066765e-06 3.7848959e-06 0.99999988 0 0 0 0 1 -0.65973216 0.7515012 7.1743438e-07 50.282745 -0.75150126 -0.65973204 6.4328469e-06 0 5.3076074e-06 3.7048021e-06 0.99999994 1.9073486e-06 0 0 0 1 -0.6506176 0.75940561 6.2402091e-07 50.282745 -0.75940549 -0.65061766 6.4312326e-06 -1.4305115e-06 5.2899122e-06 3.7103887e-06 1 7.6293945e-06 0 0 0 1 -0.64454406 0.7645672 7.617158e-07 50.282745 -0.76456732 -0.64454401 6.4520973e-06 0 5.4240227e-06 3.5762787e-06 0.99999988 1.5258789e-05 0 0 0 1 -0.64285064 0.76599169 8.1061944e-07 50.282745 -0.76599157 -0.6428507 6.5174631e-06 1.5258789e-05 5.5134292e-06 3.5688281e-06 1 0 0 0 0 1 -0.64466888 0.76446223 7.1720478e-07 50.282761 -0.76446205 -0.64466906 6.4903988e-06 1.5258789e-05 5.4240231e-06 3.6358838e-06 1 -1.5258789e-05 0 0 0 1 -0.64822018 0.76145315 8.2468136e-07 50.282745 -0.76145297 -0.64822036 6.5777631e-06 3.0517578e-05 5.543232e-06 3.6358833e-06 1 0 0 0 0 1 -0.65173274 0.75844896 7.2564319e-07 50.282761 -0.7584489 -0.65173286 6.4689848e-06 1.5258789e-05 5.3793187e-06 3.6656857e-06 1.0000001 0 0 0 0 1 -0.65345913 0.75696218 7.2634157e-07 50.282745 -0.756962 -0.65345931 6.496658e-06 7.6293945e-06 5.3923573e-06 3.6954884e-06 1 -7.6293945e-06 0 0 0 1 -0.65165836 0.75851274 6.7084505e-07 50.282745 -0.75851274 -0.65165836 6.4517412e-06 7.6293945e-06 5.33089e-06 3.695488e-06 0.99999988 7.6293945e-06 0 0 0 1 -0.64454401 0.76456732 7.8450165e-07 50.282738 -0.7645672 -0.64454406 6.4328888e-06 0 5.4240218e-06 3.5464764e-06 0.99999994 0 0 0 0 1 -0.60609698 0.79539084 7.4774061e-07 50.282745 -0.79539073 -0.60609704 6.5867494e-06 -7.6293945e-06 5.6922427e-06 3.3974638e-06 1 7.6293945e-06 0 0 0 1 -0.54641002 0.83751798 8.1945393e-07 50.282738 -0.83751798 -0.54641002 6.5466093e-06 -1.9073486e-06 5.9306622e-06 2.8908257e-06 0.99999988 5.7220459e-06 0 0 0 1 -0.60049587 0.7996282 7.7891173e-07 50.282753 -0.79962802 -0.60049605 6.5336767e-06 -2.8610229e-06 5.6922436e-06 3.300607e-06 1 1.9073486e-06 0 0 0 1 -0.59097832 0.80668765 8.7551894e-07 50.282738 -0.80668759 -0.59097838 6.5996337e-06 1.9073486e-06 5.8412561e-06 3.1939705e-06 1 1.9073486e-06 0 0 0 1 -0.54640955 0.83751816 8.6206404e-07 50.282745 -0.83751833 -0.54640943 6.625562e-06 -1.9073486e-06 6.02007e-06 2.8982754e-06 0.99999994 7.6293945e-06 0 0 0 1 -0.43710515 0.89941067 8.5817214e-07 50.282753 -0.89941078 -0.43710512 6.6407742e-06 -3.8146973e-06 6.3478942e-06 2.1308667e-06 1 7.6293945e-06 0 0 0 1 -0.17189078 0.98511624 8.464167e-07 50.282753 -0.98511624 -0.17189078 6.9314174e-06 -3.8146973e-06 6.9737434e-06 3.5762795e-07 1 3.8146973e-06 0 0 0 1 0.28167853 0.95950896 9.0609137e-07 50.282745 -0.95950896 0.28167853 7.4408508e-06 0 6.8843365e-06 -2.9653313e-06 1 1.1444092e-05 0 0 0 1 0.87463474 0.48478273 4.7988232e-07 50.282738 -0.48478273 0.87463474 7.9969668e-06 1.9073486e-06 3.4570696e-06 -7.2270645e-06 0.99999994 7.6293945e-06 0 0 0 1 </float_array>
        <technique_common>
          <accessor count="33" offset="0" source="#B_L_Calf_matrix-output-array" stride="16">
            <param name="TRANSFORM" type="float4x4" />
          </accessor>
        </technique_common>
      </source>
      <source id="B_L_Calf_matrix-interpolation">
        <Name_array id="B_L_Calf_matrix-interpolation-array" count="33"> LINEAR LINEAR LINEAR LINEAR LINEAR LINEAR LINEAR LINEAR LINEAR LINEAR LINEAR LINEAR LINEAR LINEAR LINEAR LINEAR LINEAR LINEAR LINEAR LINEAR LINEAR LINEAR LINEAR LINEAR LINEAR LINEAR LINEAR LINEAR LINEAR LINEAR LINEAR LINEAR LINEAR </Name_array>
        <technique_common>
          <accessor source="#B_L_Calf_matrix-interpolation-array" count="33" stride="1">
            <param name="INTERPOLATION" type="name"></param>
          </accessor>
        </technique_common>
      </source>
      <source id="B_L_Clavicle_matrix-input" name="B_L_Clavicle_matrix-input">
        <float_array id="B_L_Clavicle_matrix-input-array" count="33"> 0 1 2 3 4 5 6 7 8 9 10 11 12 13 14 15 16 17 18 19 20 21 22 23 24 25 26 27 28 29 30 31 32 </float_array>
        <technique_common>
          <accessor count="33" offset="0" source="#B_L_Clavicle_matrix-input-array" stride="1">
            <param name="TIME" type="float" />
          </accessor>
        </technique_common>
      </source>
      <source id="B_L_Clavicle_matrix-output" name="B_L_Clavicle_matrix-output">
        <float_array id="B_L_Clavicle_matrix-output-array" count="528"> -0.017590523 -0.0007835179 0.99984497 17.736855 -0.17375694 -0.98478109 -0.0038286746 0.073139191 0.98463148 -0.17379734 0.017186701 5.0180149 0 0 0 1 -0.017590638 -0.00078399474 0.99984503 17.736855 -0.17375691 -0.98478121 -0.0038291365 0.073143005 0.98463136 -0.17379734 0.017186522 5.0180206 0 0 0 1 -0.017590879 -0.00078349549 0.99984485 17.736851 -0.17375703 -0.98478115 -0.0038286815 0.073143005 0.98463142 -0.17379744 0.017186878 5.018013 0 0 0 1 -0.017590642 -0.0007843374 0.99984497 17.736855 -0.17375693 -0.98478103 -0.0038294941 0.073143005 0.98463148 -0.17379734 0.017186642 5.0180149 0 0 0 1 -0.017590642 -0.00078433752 0.99984497 17.736877 -0.17375693 -0.98478115 -0.0038294941 0.073141098 0.98463148 -0.17379735 0.017186642 5.0180149 0 0 0 1 -0.017590642 -0.00078445661 0.99984497 17.736862 -0.17375693 -0.98478103 -0.0038296133 0.073142052 0.98463148 -0.17379734 0.017186642 5.0180206 0 0 0 1 -0.01759064 -0.0007841214 0.99984497 17.736847 -0.17375694 -0.98478121 -0.0038292629 0.073143005 0.98463148 -0.17379735 0.017186521 5.0180206 0 0 0 1 -0.01759064 -0.00078421814 0.99984497 17.736851 -0.17375693 -0.98478091 -0.0038293749 0.073120117 0.98463136 -0.17379731 0.017186642 5.0180054 0 0 0 1 -0.01759064 -0.00078400213 0.99984491 17.736847 -0.17375691 -0.98478109 -0.0038291435 0.073135376 0.98463148 -0.17379731 0.017186521 5.0180054 0 0 0 1 -0.017590879 -0.00078397233 0.99984485 17.736847 -0.17375691 -0.98478115 -0.0038291584 0.073120117 0.98463136 -0.17379732 0.017186819 5.0180206 0 0 0 1 -0.017590644 -0.00078433764 0.99984509 17.736832 -0.17375694 -0.98478127 -0.0038294946 0.073143005 0.9846316 -0.17379737 0.017186644 5.0180054 0 0 0 1 -0.017590642 -0.00078421819 0.99984509 17.736877 -0.17375694 -0.98478097 -0.0038293828 0.073143005 0.98463148 -0.17379734 0.017186644 5.0180206 0 0 0 1 -0.017590642 -0.00078421831 0.99984521 17.736877 -0.17375694 -0.98478115 -0.0038293758 0.073139191 0.98463148 -0.17379735 0.017186645 5.0180206 0 0 0 1 -0.017590642 -0.00078409904 0.99984509 17.736908 -0.17375693 -0.98478109 -0.0038292636 0.073137283 0.98463148 -0.17379732 0.017186644 5.0180054 0 0 0 1 -0.0291363 -0.00078416598 0.99957508 17.736877 -0.17370126 -0.98478079 -0.0058357264 0.073135376 0.98436725 -0.17379746 0.028556643 5.0180054 0 0 0 1 -0.040678144 -0.00078432262 0.99917221 17.736855 -0.17362203 -0.98478103 -0.0078415219 0.073120117 0.98397183 -0.17379725 0.039922964 5.0180054 0 0 0 1 -0.017590642 -0.00078433752 0.99984497 17.736855 -0.17375693 -0.98478115 -0.0038294941 0.073120117 0.98463148 -0.17379735 0.017186642 5.0179749 0 0 0 1 0.051663332 -0.00078359235 0.99866426 17.736862 -0.17360526 -0.98478097 0.008208341 0.073135376 0.98345917 -0.17379743 -0.051013108 5.0180054 0 0 0 1 0.14564355 -0.00078412134 0.98933685 17.736877 -0.17205678 -0.98478109 0.024548538 0.073135376 0.97426116 -0.1737974 -0.14356208 5.0180206 0 0 0 1 0.24906267 -0.00078396482 0.96848685 17.736847 -0.16851301 -0.98478091 0.042538796 0.073143005 0.95371425 -0.17379749 -0.2454043 5.018013 0 0 0 1 0.3468478 -0.00078415114 0.93792123 17.736847 -0.16327624 -0.98478091 0.059557013 0.073143005 0.92360038 -0.17379743 -0.34169713 5.0180168 0 0 0 1 0.4255079 -0.00078428525 0.90495437 17.736862 -0.15760745 -0.98478115 0.073253252 0.073140144 0.89112473 -0.17379735 -0.41915581 5.0180159 0 0 0 1 0.473739 -0.00078437472 0.88066471 17.736847 -0.15342322 -0.98478109 0.081654392 0.073142052 0.86719793 -0.17379732 -0.46664959 5.0180159 0 0 0 1 0.4812738 -0.0007843374 0.87656981 17.736862 -0.15271732 -0.98478091 0.08296708 0.073140144 0.86316442 -0.17379731 -0.47406906 5.0180159 0 0 0 1 0.18609868 -0.00078414369 0.98253095 17.736862 -0.17090516 -0.98478115 0.031584788 0.073143005 0.9675529 -0.17379746 -0.18340065 5.0180159 0 0 0 1 -0.18614541 -0.00078400213 0.98252189 17.736847 -0.17061614 -0.98478115 -0.033110175 0.073143005 0.96759498 -0.17379741 0.18317859 5.0180168 0 0 0 1 -0.25117901 -0.00078393519 0.96794045 17.736855 -0.16803165 -0.98478127 -0.044401519 0.073139191 0.95324445 -0.17379734 0.24722451 5.0180159 0 0 0 1 -0.22665921 -0.00078453112 0.97397381 17.736851 -0.16909911 -0.98478115 -0.040145282 0.073143005 0.95918274 -0.17379738 0.22307692 5.0180178 0 0 0 1 -0.18614541 -0.00078400213 0.98252189 17.736851 -0.17061614 -0.98478115 -0.033110175 0.073139191 0.96759498 -0.17379741 0.18317859 5.0180168 0 0 0 1 -0.15442991 -0.00078420341 0.98800349 17.736862 -0.17159316 -0.98478127 -0.027602494 0.073135376 0.97298884 -0.17379728 0.15194494 5.018014 0 0 0 1 -0.11127185 -0.00078448642 0.99378967 17.736847 -0.17263235 -0.98478097 -0.02010653 0.073139191 0.97868109 -0.17379752 0.10944288 5.0180159 0 0 0 1 -0.063368805 -0.00078408408 0.99798971 17.736862 -0.1733993 -0.98478091 -0.011783948 0.073143005 0.98281091 -0.17379744 0.062268548 5.0180149 0 0 0 1 -0.01759064 -0.00078410644 0.99984503 17.736847 -0.17375688 -0.98478109 -0.0038292557 0.073140144 0.98463148 -0.17379729 0.017186522 5.0180159 0 0 0 1 </float_array>
        <technique_common>
          <accessor count="33" offset="0" source="#B_L_Clavicle_matrix-output-array" stride="16">
            <param name="TRANSFORM" type="float4x4" />
          </accessor>
        </technique_common>
      </source>
      <source id="B_L_Clavicle_matrix-interpolation">
        <Name_array id="B_L_Clavicle_matrix-interpolation-array" count="33"> LINEAR LINEAR LINEAR LINEAR LINEAR LINEAR LINEAR LINEAR LINEAR LINEAR LINEAR LINEAR LINEAR LINEAR LINEAR LINEAR LINEAR LINEAR LINEAR LINEAR LINEAR LINEAR LINEAR LINEAR LINEAR LINEAR LINEAR LINEAR LINEAR LINEAR LINEAR LINEAR LINEAR </Name_array>
        <technique_common>
          <accessor source="#B_L_Clavicle_matrix-interpolation-array" count="33" stride="1">
            <param name="INTERPOLATION" type="name"></param>
          </accessor>
        </technique_common>
      </source>
      <source id="B_L_Finger0_matrix-input" name="B_L_Finger0_matrix-input">
        <float_array id="B_L_Finger0_matrix-input-array" count="33"> 0 1 2 3 4 5 6 7 8 9 10 11 12 13 14 15 16 17 18 19 20 21 22 23 24 25 26 27 28 29 30 31 32 </float_array>
        <technique_common>
          <accessor count="33" offset="0" source="#B_L_Finger0_matrix-input-array" stride="1">
            <param name="TIME" type="float" />
          </accessor>
        </technique_common>
      </source>
      <source id="B_L_Finger0_matrix-output" name="B_L_Finger0_matrix-output">
