<?xml version="1.0" encoding="UTF-8" standalone="no" ?>
<COLLADA xmlns="http://www.collada.org/2005/11/COLLADASchema" version="1.4.1">
  <asset>
    <contributor>
      <author>Assimp</author>
      <authoring_tool>FBX SDK/FBX Plugins version 2013.1</authoring_tool>
    </contributor>
    <created>2020-08-21T10:31:56</created>
    <modified>2020-08-21T10:31:56</modified>
    <unit name="meter" meter="1" />
    <up_axis>Y_UP</up_axis>
  </asset>
  <library_geometries>
  </library_geometries>
  <library_controllers>
  </library_controllers>
  <library_visual_scenes>
    <visual_scene id="RootNode" name="RootNode">
      <node id="Motion_aAssimpFbxa_Translation"  name="Motion_$AssimpFbx$_Translation" type="NODE">
        <matrix sid="matrix">1 0 0 9.92585e-07 0 1 0 0 0 0 1 -0.17328988 0 0 0 1</matrix>
        <node id="Motion_aAssimpFbxa_PreRotation"  name="Motion_$AssimpFbx$_PreRotation" type="NODE">
          <matrix sid="matrix">1 0 0 0 0 -4.3711388e-08 1 0 0 -1 -4.3711388e-08 0 0 0 0 1</matrix>
          <node id="Motion_aAssimpFbxa_Rotation"  name="Motion_$AssimpFbx$_Rotation" type="NODE">
            <matrix sid="matrix">1.3868001e-06 1 0 0 -1 1.3868001e-06 0 0 0 0 1 0 0 0 0 1</matrix>
            <node id="Motion_aAssimpFbxa_Scaling"  name="Motion_$AssimpFbx$_Scaling" type="NODE">
              <matrix sid="matrix">1 0 0 0 0 1 0 0 0 0 1 0 0 0 0 1</matrix>
              <node id="Motion"  name="Motion" type="NODE">
                <matrix sid="matrix">1 0 0 0 0 1 0 0 0 0 1 0 0 0 0 1</matrix>
                <node id="B_Pelvis"  name="B_Pelvis" type="NODE">
                  <matrix sid="matrix">-4.3711388e-08 0.60876256 0.79335248 0.17329331 0 -0.79335248 0.60876256 2.6999989 1 2.6609857e-08 3.4678539e-08 98.599998 0 0 0 1</matrix>
                  <node id="B_Spine"  name="B_Spine" type="NODE">
                    <matrix sid="matrix">0.99823147 0.047404032 -0.03587313 7.6762924 -0.037805337 0.97190607 0.23231289 -1.6268322 0.045877881 -0.23054582 0.97197938 0.0023474693 0 0 0 1</matrix>
                    <node id="B_Spine1"  name="B_Spine1" type="NODE">
                      <matrix sid="matrix">0.99970514 -0.024198735 0.0019994131 12.747765 0.024175974 0.99965024 0.010716197 -0.014276028 -0.0022580323 -0.0106647 0.99994057 0.00015211105 0 0 0 1</matrix>
                      <node id="B_Spine2"  name="B_Spine2" type="NODE">
                        <matrix sid="matrix">0.9988209 -0.048403613 0.003731553 17.935463 0.048312023 0.99859816 0.021625748 -0.026443005 -0.0047730859 -0.02141997 0.9997592 0.00054788589 0 0 0 1</matrix>
                        <node id="B_L_Clavicle"  name="B_L_Clavicle" type="NODE">
                          <matrix sid="matrix">-0.017590661 -0.00078421831 0.99984497 17.736847 -0.17375694 -0.98478115 -0.0038293824 0.073141098 0.98463148 -0.17379735 0.017186686 5.0180159 0 0 0 1</matrix>
                          <node id="B_L_UpperArm"  name="B_L_UpperArm" type="NODE">
                            <matrix sid="matrix">0.67658818 0.40229213 0.61675727 17.464663 -0.50647587 0.86222738 -0.0067964494 3.8146973e-06 -0.53451914 -0.30777425 0.7871241 0 0 0 0 1</matrix>
                            <node id="B_L_Forearm"  name="B_L_Forearm" type="NODE">
                              <matrix sid="matrix">-0.13640097 0.98478979 0.10762779 27.628181 -0.99065369 -0.13559353 -0.014819397 -7.6293945e-06 -3.5762784e-07 -0.10864325 0.99408078 -1.5258789e-05 0 0 0 1</matrix>
                              <node id="B_L_ForeArmTwist"  name="B_L_ForeArmTwist" type="NODE">
                                <matrix sid="matrix">1 8.8392305e-08 -2.6015746e-07 11.992634 -5.960462e-08 0.99408078 0.10864369 -7.6293945e-06 2.6822079e-07 -0.10864369 0.99408078 1.5258789e-05 0 0 0 1</matrix>
                                <node id="B_L_Hand"  name="B_L_Hand" type="NODE">
                                  <matrix sid="matrix">0.96626526 -0.095602125 0.23914792 11.992653 -0.24727416 -0.084708601 0.96523571 0 -0.072020702 -0.99180877 -0.10549091 0 0 0 0 1</matrix>
                                  <node id="B_L_Finger0"  name="B_L_Finger0" type="NODE">
                                    <matrix sid="matrix">0.80900657 0.1324636 0.57267952 1.4603348 0.15583253 0.89108139 -0.42625129 1.9355392 -0.5667668 0.43408221 0.7002486 -2.4376678 0 0 0 1</matrix>
                                    <node id="B_L_Finger01"  name="B_L_Finger01" type="NODE">
                                      <matrix sid="matrix">0.80299318 -0.59598827 -7.7683723e-08 3.7140121 0.59598827 0.80299318 3.5127602e-08 -7.6293945e-06 4.1443858e-08 -7.4505806e-08 1 -2.2888184e-05 0 0 0 1</matrix>
                                      <node id="B_L_Finger02"  name="B_L_Finger02" type="NODE">
                                        <matrix sid="matrix">0.55218464 -0.83372188 -4.6587839e-08 5.529933 0.83372188 0.55218464 3.085572e-08 1.5258789e-05 0 -5.5879354e-08 1 2.6702881e-05 0 0 0 1</matrix>
                                      </node>
                                    </node>
                                  </node>
                                  <node id="B_L_Finger1"  name="B_L_Finger1" type="NODE">
                                    <matrix sid="matrix">0.27254894 -0.95552641 0.11263375 11.625465 0.92804092 0.23019096 -0.29283461 3.1205444 0.25388393 0.18434049 0.94950593 -3.0983582 0 0 0 1</matrix>
                                    <node id="B_L_Finger11"  name="B_L_Finger11" type="NODE">
                                      <matrix sid="matrix">-0.25881925 -0.96592575 1.4779091e-07 4.4568329 0.96592575 -0.25881925 2.4173662e-08 -7.6293945e-06 1.4901167e-08 1.4901165e-07 1 1.9073486e-05 0 0 0 1</matrix>
                                      <node id="B_L_Finger12"  name="B_L_Finger12" type="NODE">
                                        <matrix sid="matrix">0.57357568 -0.81915259 3.5828202e-07 3.3311615 0.81915259 0.57357568 -5.9866323e-08 -1.5258789e-05 -1.5646219e-07 3.2782549e-07 1 -2.2888184e-05 0 0 0 1</matrix>
                                      </node>
                                    </node>
                                  </node>
                                  <node id="B_L_Finger2"  name="B_L_Finger2" type="NODE">
                                    <matrix sid="matrix">0.2580848 -0.9650346 0.045829281 11.814079 0.96096498 0.25152329 -0.11524849 2.4381027 0.099691652 0.073784217 0.99227887 0.83571625 0 0 0 1</matrix>
                                    <node id="B_L_Finger21"  name="B_L_Finger21" type="NODE">
                                      <matrix sid="matrix">-0.62068564 -0.78405952 5.0846705e-07 5.1996384 0.78405952 -0.62068564 2.2196934e-07 1.5258789e-05 1.41561e-07 5.3644163e-07 1 7.6293945e-06 0 0 0 1</matrix>
                                      <node id="B_L_Finger22"  name="B_L_Finger22" type="NODE">
                                        <matrix sid="matrix">0.44828618 -0.89389008 -2.6560066e-08 5.1996269 0.89389008 0.44828618 7.999995e-08 1.5258789e-05 -5.9604652e-08 -5.9604652e-08 1 0 0 0 0 1</matrix>
                                      </node>
                                    </node>
                                  </node>
                                  <node id="B_L_Finger3"  name="B_L_Finger3" type="NODE">
                                    <matrix sid="matrix">0.13847044 -0.99036652 0.00029712403 11.814064 0.99036658 0.13847046 5.9356073e-05 1.9342499 -9.9927172e-05 0.00028604266 0.99999994 4.6002388 0 0 0 1</matrix>
                                    <node id="B_L_Finger31"  name="B_L_Finger31" type="NODE">
                                      <matrix sid="matrix">-0.058766864 -0.99827176 -9.7647739e-07 4.4567871 0.99827176 -0.058766864 -1.1620787e-06 7.6293945e-06 1.1026858e-06 -1.0430815e-06 1 -1.1444092e-05 0 0 0 1</matrix>
                                      <node id="B_L_Finger32"  name="B_L_Finger32" type="NODE">
                                        <matrix sid="matrix">-0.058766626 -0.99827176 -1.9109912e-06 4.4567795 0.99827176 -0.058766626 -1.5156309e-06 -3.0517578e-05 1.4007089e-06 -1.996757e-06 1 7.6293945e-06 0 0 0 1</matrix>
                                      </node>
                                    </node>
                                  </node>
                                  <node id="B_L_Finger4"  name="B_L_Finger4" type="NODE">
                                    <matrix sid="matrix">0.14714384 -0.98122936 -0.12464998 11.857193 0.9836868 0.15835437 -0.085346922 4.052887 0.10348378 -0.11005827 0.98852324 6.5145187 0 0 0 1</matrix>
                                    <node id="B_L_Finger41"  name="B_L_Finger41" type="NODE">
                                      <matrix sid="matrix">-0.18123157 -0.98344046 -2.1902133e-06 3.327652 0.98344046 -0.18123157 -3.7370758e-06 7.6293945e-06 3.2782557e-06 -2.8312204e-06 1 1.1444092e-05 0 0 0 1</matrix>
                                      <node id="B_L_Finger42"  name="B_L_Finger42" type="NODE">
                                        <matrix sid="matrix">0.0019772795 -0.99999803 -2.3609784e-06 3.3276596 0.99999803 0.0019772795 -3.3331987e-06 -2.2888184e-05 3.3378606e-06 -2.354383e-06 1 -1.9073486e-05 0 0 0 1</matrix>
                                      </node>
                                    </node>
                                  </node>
                                </node>
                              </node>
                            </node>
                          </node>
                        </node>
                        <node id="B_R_Clavicle"  name="B_R_Clavicle" type="NODE">
                          <matrix sid="matrix">-0.10452852 -0.00079656718 -0.9945215 17.736847 0.00023397958 -0.99999964 0.00077636249 0.074661255 -0.99452186 -0.00015154571 0.10452867 -5.0179625 0 0 0 1</matrix>
                          <node id="B_R_UpperArm"  name="B_R_UpperArm" type="NODE">
                            <matrix sid="matrix">0.65678829 0.18435103 -0.73119342 17.464647 -0.58112288 0.74166942 -0.33499652 1.1444092e-05 0.48054683 0.64493501 0.59425038 1.5258789e-05 0 0 0 1</matrix>
                            <node id="B_R_Forearm"  name="B_R_Forearm" type="NODE">
                              <matrix sid="matrix">0.1257856 0.99193633 -0.015499667 27.628185 -0.99205744 0.12577026 -0.0019651239 -7.6293945e-06 1.1920932e-07 0.015623745 0.99987793 -1.5258789e-05 0 0 0 1</matrix>
                              <node id="B_R_ForeArmTwist"  name="B_R_ForeArmTwist" type="NODE">
                                <matrix sid="matrix">1 -1.3968749e-09 -8.9396053e-08 11.99263 0 0.99987793 -0.015623782 -1.1444092e-05 8.9406967e-08 0.015623782 0.99987793 0 0 0 0 1</matrix>
                                <node id="B_R_Hand"  name="B_R_Hand" type="NODE">
                                  <matrix sid="matrix">0.86458039 -0.066815883 -0.49803257 11.992653 -0.49769521 0.022792321 -0.8670525 3.8146973e-06 0.069284193 0.99750501 -0.013548149 -1.5258789e-05 0 0 0 1</matrix>
                                  <node id="B_R_Finger0"  name="B_R_Finger0" type="NODE">
                                    <matrix sid="matrix">0.80900657 0.13246377 -0.5726794 1.4603119 0.15583241 0.89108127 0.42625144 1.9355469 0.5667668 -0.43408227 0.70024854 2.437664 0 0 0 1</matrix>
                                    <node id="B_R_Finger01"  name="B_R_Finger01" type="NODE">
                                      <matrix sid="matrix">0.80299306 -0.59598839 -4.2347119e-07 3.714035 0.59598839 0.80299306 -5.4505648e-08 -1.5258789e-05 3.7252914e-07 -2.0861624e-07 1 7.6293945e-06 0 0 0 1</matrix>
                                      <node id="B_R_Finger02"  name="B_R_Finger02" type="NODE">
                                        <matrix sid="matrix">0.55218482 -0.83372176 2.3168742e-07 5.5299339 0.83372176 0.55218482 -8.1957396e-08 0 -5.9604623e-08 2.3841847e-07 1 2.2888184e-05 0 0 0 1</matrix>
                                      </node>
                                    </node>
                                  </node>
                                  <node id="B_R_Finger1"  name="B_R_Finger1" type="NODE">
                                    <matrix sid="matrix">0.27254844 -0.95552653 -0.11263386 11.625458 0.92804092 0.23019037 0.292835 3.1205597 -0.2538844 -0.18434057 0.94950581 3.0983467 0 0 0 1</matrix>
                                    <node id="B_R_Finger11"  name="B_R_Finger11" type="NODE">
                                      <matrix sid="matrix">-0.25881925 -0.96592575 -1.8934603e-07 4.4568176 0.96592575 -0.25881925 -6.5197796e-08 0 1.3969836e-08 -1.9976866e-07 1 7.6293945e-06 0 0 0 1</matrix>
                                      <node id="B_R_Finger12"  name="B_R_Finger12" type="NODE">
                                        <matrix sid="matrix">0.57357585 -0.81915247 2.3865232e-07 3.331131 0.81915247 0.57357585 7.1295027e-08 1.5258789e-05 -1.952867e-07 1.5459953e-07 1 -1.1444092e-05 0 0 0 1</matrix>
                                      </node>
                                    </node>
                                  </node>
                                  <node id="B_R_Finger2"  name="B_R_Finger2" type="NODE">
                                    <matrix sid="matrix">0.25808468 -0.96503466 -0.045829333 11.814056 0.9609651 0.2515232 0.11524829 2.438118 -0.099691465 -0.07378421 0.99227893 -0.83571625 0 0 0 1</matrix>
                                    <node id="B_R_Finger21"  name="B_R_Finger21" type="NODE">
                                      <matrix sid="matrix">-0.62068546 -0.7840597 -4.6978055e-08 5.199604 0.7840597 -0.62068546 -8.4702094e-08 0 3.7252903e-08 -8.9406953e-08 1 -3.8146973e-05 0 0 0 1</matrix>
                                      <node id="B_R_Finger22"  name="B_R_Finger22" type="NODE">
                                        <matrix sid="matrix">0.44828629 -0.89389002 3.3399936e-09 5.1996002 0.89389002 0.44828629 6.6600006e-09 0 -7.4505815e-09 0 1 2.4795532e-05 0 0 0 1</matrix>
                                      </node>
                                    </node>
                                  </node>
                                  <node id="B_R_Finger3"  name="B_R_Finger3" type="NODE">
                                    <matrix sid="matrix">0.1384702 -0.99036652 -0.00029826586 11.814056 0.99036658 0.13847022 -5.9452286e-05 1.9342728 0.00010018051 -0.00028716019 0.99999994 -4.6002502 0 0 0 1</matrix>
                                    <node id="B_R_Finger31"  name="B_R_Finger31" type="NODE">
                                      <matrix sid="matrix">-0.058766745 -0.99827176 -2.2745269e-08 4.4567871 0.99827176 -0.058766745 -1.2075466e-07 0 1.192093e-07 -2.9802317e-08 1 -3.8146973e-06 0 0 0 1</matrix>
                                      <node id="B_R_Finger32"  name="B_R_Finger32" type="NODE">
                                        <matrix sid="matrix">-0.058766864 -0.99827176 6.0640019e-07 4.4568176 0.99827176 -0.058766864 -1.5835256e-07 0 1.9371511e-07 5.9604628e-07 1 -1.5258789e-05 0 0 0 1</matrix>
                                      </node>
                                    </node>
                                  </node>
                                  <node id="B_R_Finger4"  name="B_R_Finger4" type="NODE">
                                    <matrix sid="matrix">0.14714384 -0.98122966 0.12464786 11.857239 0.98368686 0.15835416 0.085347086 4.0529175 -0.1034836 0.11005616 0.98852354 -6.5145607 0 0 0 1</matrix>
                                    <node id="B_R_Finger41"  name="B_R_Finger41" type="NODE">
                                      <matrix sid="matrix">-0.18123123 -0.98344052 2.3518429e-07 3.3276749 0.98344052 -0.18123123 8.6155234e-07 3.0517578e-05 -8.046627e-07 3.8742994e-07 1 3.0517578e-05 0 0 0 1</matrix>
                                      <node id="B_R_Finger42"  name="B_R_Finger42" type="NODE">
                                        <matrix sid="matrix">0.0019766835 -0.99999803 3.1419023e-07 3.3277206 0.99999803 0.0019766835 6.4013028e-07 3.0517578e-05 -6.407501e-07 3.129243e-07 1 -1.1444092e-05 0 0 0 1</matrix>
                                      </node>
                                    </node>
                                  </node>
                                </node>
                              </node>
                            </node>
                          </node>
                        </node>
                        <node id="B_Neck"  name="B_Neck" type="NODE">
                          <matrix sid="matrix">0.9745459 -0.20556866 -0.089452848 27.039749 0.20928557 0.97725385 0.034271039 1.128233 0.080373086 -0.052119896 0.99540126 0.00061249733 0 0 0 1</matrix>
                          <node id="B_Head"  name="B_Head" type="NODE">
                            <matrix sid="matrix">0.98408651 0.17358992 -0.037950255 10.019318 -0.16961537 0.85404325 -0.49177304 1.4083176 -0.05295568 0.49038416 0.86989599 0 0 0 0 1</matrix>
                          </node>
                        </node>
                      </node>
                    </node>
                  </node>
                  <node id="B_L_Thigh"  name="B_L_Thigh" type="NODE">
                    <matrix sid="matrix">-0.88179511 0.28008235 -0.37946182 0 0.35161725 0.92662746 -0.13314211 1.7642975e-05 0.31432897 -0.2508294 -0.91557735 11.161455 0 0 0 1</matrix>
                    <node id="B_L_Calf"  name="B_L_Calf" type="NODE">
                      <matrix sid="matrix">0.87463564 0.48478088 4.4013495e-07 50.282749 -0.48478088 0.87463564 7.9252841e-06 0 3.4570687e-06 -7.145105e-06 1 3.8146973e-06 0 0 0 1</matrix>
                      <node id="B_L_Foot"  name="B_L_Foot" type="NODE">
                        <matrix sid="matrix">0.90702921 -0.23339428 -0.35046417 39.728119 0.1825064 0.96798992 -0.17229915 -5.2452087e-06 0.37945938 0.092318408 0.92059106 0 0 0 0 1</matrix>
                        <node id="B_L_Toe0"  name="B_L_Toe0" type="NODE">
                          <matrix sid="matrix">-4.3711388e-08 -1 -5.6529188e-08 18.214443 1 -4.3711388e-08 -2.4709694e-15 14.545956 0 -5.6529188e-08 1 0.020648956 0 0 0 1</matrix>
                        </node>
                      </node>
                    </node>
                  </node>
                  <node id="B_R_Thigh"  name="B_R_Thigh" type="NODE">
                    <matrix sid="matrix">-0.87342453 0.42952591 0.22942796 0 0.18169032 0.72456962 -0.66482145 -1.2397766e-05 -0.45179453 -0.5389865 -0.71089751 -11.161448 0 0 0 1</matrix>
                    <node id="B_R_Calf"  name="B_R_Calf" type="NODE">
                      <matrix sid="matrix">0.69287783 0.72105503 -1.4819375e-07 50.282753 -0.72105503 0.69287783 -4.7922017e-06 3.8146973e-06 -3.3527608e-06 3.4272659e-06 1 7.6293945e-06 0 0 0 1</matrix>
                      <node id="B_R_Foot"  name="B_R_Foot" type="NODE">
                        <matrix sid="matrix">0.91488838 -0.31722787 0.24969132 39.728134 0.33217838 0.94302446 -0.01903338 0 -0.22942713 0.10035548 0.9681384 0 0 0 0 1</matrix>
                        <node id="B_R_Toe0"  name="B_R_Toe0" type="NODE">
                          <matrix sid="matrix">3.1391647e-07 -1 5.9479254e-07 18.214441 1 3.1391639e-07 -1.6391296e-07 14.545956 1.6391277e-07 5.947926e-07 1 -0.020652771 0 0 0 1</matrix>
                        </node>
                      </node>
                    </node>
                  </node>
                </node>
              </node>
            </node>
          </node>
        </node>
      </node>
      <node id="Exporter_aAssimpFbxa_PreRotation"  name="Exporter_$AssimpFbx$_PreRotation" type="NODE">
        <matrix sid="matrix">1 0 0 0 0 -4.3711388e-08 1 0 0 -1 -4.3711388e-08 0 0 0 0 1</matrix>
        <node id="Exporter"  name="Exporter" type="NODE">
          <matrix sid="matrix">1 0 0 0 0 1 0 0 0 0 1 0 0 0 0 1</matrix>
        </node>
      </node>
    </visual_scene>
  </library_visual_scenes>
  <library_animations>
    <animation id="TakeW001AnimId0" name="Take 001">
      <source id="B_Head_matrix-input" name="B_Head_matrix-input">
        <float_array id="B_Head_matrix-input-array" count="46"> 0 1 2 3 4 5 6 7 8 9 10 11 12 13 14 15 16 17 18 19 20 21 22 23 24 25 26 27 28 29 30 31 32 33 34 35 36 37 38 39 40 41 42 43 44 45 </float_array>
        <technique_common>
          <accessor count="46" offset="0" source="#B_Head_matrix-input-array" stride="1">
            <param name="TIME" type="float" />
          </accessor>
        </technique_common>
      </source>
      <source id="B_Head_matrix-output" name="B_Head_matrix-output">
        <float_array id="B_Head_matrix-output-array" count="736"> 0.98408645 0.17358989 -0.037950251 10.019318 -0.16961536 0.85404319 -0.49177313 1.4083176 -0.052955672 0.49038419 0.86989611 0 0 0 0 1 0.94522434 0.32058132 -0.061471522 10.019318 -0.30354273 0.79398501 -0.52673513 1.4083138 -0.12005395 0.51654202 0.84780401 -3.8146973e-06 0 0 0 1 0.81681275 0.5667845 -0.10757483 10.019318 -0.53279674 0.66962504 -0.51742637 1.4083138 -0.2212344 0.47995585 0.84893936 -3.8146973e-06 0 0 0 1 0.68032748 0.72102976 -0.13141897 10.019318 -0.6873889 0.56552345 -0.4557192 1.4083214 -0.25426662 0.4003742 0.88036871 7.6293945e-06 0 0 0 1 0.62568969 0.7642526 -0.15630238 10.01931 -0.73701394 0.51351547 -0.43944564 1.4083214 -0.25558376 0.39015356 0.88456619 0 0 0 0 1 0.62369031 0.76111102 -0.17810336 10.019318 -0.73838139 0.49887896 -0.45377627 1.4083176 -0.25652212 0.41452417 0.87313563 7.6293945e-06 0 0 0 1 0.68032724 0.72102982 -0.13141902 10.01931 -0.68738884 0.56552339 -0.45571923 1.4083138 -0.25426656 0.40037411 0.88036883 0 0 0 0 1 0.78764951 0.61531782 0.031503804 10.01931 -0.56591642 0.74273568 -0.35788617 1.4083138 -0.24361274 0.26406032 0.93323362 0 0 0 0 1 0.89953953 0.42431629 0.10384605 10.019318 -0.41000649 0.90211457 -0.13447599 1.4083252 -0.15074135 0.078388922 0.98546052 1.4305115e-06 0 0 0 1 0.97030658 0.24046601 -0.026108935 10.019302 -0.24095018 0.9703837 -0.017278772 1.4083138 0.021180728 0.023056651 0.99950987 2.3841858e-07 0 0 0 1 0.96106035 0.2762728 -0.0060238605 10.019333 -0.27609637 0.96090275 0.020901456 1.4083099 0.011562848 -0.018424399 0.99976325 7.6293945e-06 0 0 0 1 0.94272095 0.33355954 0.0038517301 10.019318 -0.33346736 0.9420321 0.037075568 1.4083252 0.0087384572 -0.036236346 0.99930501 1.4305115e-06 0 0 0 1 0.91829592 0.39584196 0.0064269742 10.019318 -0.39579812 0.91759449 0.036928434 1.4083099 0.0087204687 -0.03645502 0.9992972 7.6293945e-06 0 0 0 1 0.89426851 0.44751599 0.0036574616 10.019287 -0.44744638 0.89391106 0.026739271 1.4082947 0.0086968038 -0.025548605 0.99963588 4.7683716e-07 0 0 0 1 0.88028377 0.47444436 -0.0016640137 10.019348 -0.474392 0.88022906 0.012191895 1.4083252 0.0072490913 -0.0099429321 0.99992424 0 0 0 0 1 0.886361 0.46296299 -0.005385031 10.019318 -0.4629783 0.88636714 -0.0020089932 1.4083252 0.0038430246 0.0042738463 0.99998349 0 0 0 0 1 0.91774732 0.39715642 -0.0024977739 10.019287 -0.39715788 0.91767901 -0.011428947 1.4083252 -0.0022469237 0.011480894 0.99993181 -7.6293945e-06 0 0 0 1 0.96660244 0.25603214 0.01128957 10.019287 -0.25592706 0.9666447 -0.0099649495 1.4083252 -0.013464355 0.0067428378 0.99988651 0 0 0 0 1 0.98063529 0.19527656 0.014879748 10.019287 -0.19518614 0.98073852 -0.0073213144 1.4083061 -0.016022829 0.0042752181 0.99986243 0 0 0 0 1 0.99168527 -0.12423606 0.033551719 10.019287 0.12373606 0.99217606 0.016598055 1.4082642 -0.035351306 -0.012308487 0.99929911 5.7220459e-06 0 0 0 1 0.86869282 -0.49303344 0.047865067 10.019318 0.4904972 0.86964935 0.055882026 1.4083252 -0.069177516 -0.025066629 0.99728954 0 0 0 0 1 0.70373172 -0.7085821 0.051702719 10.019312 0.70355523 0.70516413 0.088055126 1.4083862 -0.098853201 -0.025591468 0.99477303 3.8146973e-06 0 0 0 1 0.64164478 -0.76557243 0.046802491 10.019287 0.76023507 0.64288646 0.093484551 1.4083252 -0.10165788 -0.02440298 0.99452007 0 0 0 0 1 0.6535145 -0.75575835 0.04181375 10.019287 0.75134242 0.65440357 0.085093193 1.4082947 -0.091672964 -0.024193184 0.99549538 9.5367432e-07 0 0 0 1 0.70373172 -0.70858228 0.051702749 10.019226 0.70355523 0.70516431 0.088055097 1.4083099 -0.098853201 -0.025591435 0.99477303 9.5367432e-07 0 0 0 1 0.76828909 -0.63506669 0.080141328 10.019348 0.62656051 0.77173448 0.10884959 1.4082947 -0.13097459 -0.033414572 0.99082232 0 0 0 0 1 0.83749115 -0.53308213 0.12013268 10.019287 0.51845908 0.84461087 0.13353817 1.4083252 -0.1726522 -0.049553148 0.98373568 3.0517578e-05 0 0 0 1 0.89530748 -0.41223124 0.1687901 10.019302 0.38831106 0.9079324 0.15771288 1.4083252 -0.21826427 -0.075658455 0.97295225 0 0 0 0 1 0.9320243 -0.28705308 0.22120388 10.019318 0.25089103 0.95156169 0.177719 1.4083252 -0.26150391 -0.11014035 0.95889771 0 0 0 0 1 0.94676715 -0.1738971 0.2709088 10.019348 0.1239986 0.97360617 0.19161235 1.4082642 -0.29707938 -0.14782001 0.9433412 7.6293945e-06 0 0 0 1 0.94642979 -0.087052234 0.31095466 10.019287 0.024562636 0.97959405 0.19947943 1.4083252 -0.32197455 -0.18115538 0.92925507 0 0 0 0 1 0.94027591 -0.064661436 0.33421531 10.019226 -0.009566416 0.97638661 0.2158179 1.4083252 -0.34027854 -0.20612565 0.91745436 0 0 0 0 1 0.93798929 -0.088165209 0.3352662 10.019348 0.0096251387 0.97336954 0.22903915 1.4083557 -0.3465313 -0.21160917 0.91385877 0 0 0 0 1 0.94642961 -0.087052144 0.31095469 10.019226 0.024562508 0.97959405 0.19947949 1.4083252 -0.32197449 -0.18115546 0.92925513 -1.9073486e-06 0 0 0 1 0.96293825 -0.045183334 0.26591134 10.019287 0.013231636 0.99259526 0.12074524 1.4083252 -0.26939809 -0.11275173 0.95640564 7.6293945e-06 0 0 0 1 0.97768378 0.0034413226 0.21005322 10.019287 -0.0076335967 0.99978745 0.019150637 1.4082031 -0.20994268 -0.020326732 0.97750223 0 0 0 0 1 0.9874326 0.052273691 0.14914492 10.019287 -0.038050178 0.99458814 -0.096676596 1.4082947 -0.15339139 0.089786619 0.98407811 0 0 0 0 1 0.99137932 0.095994338 0.089174844 10.019287 -0.074814975 0.97348088 -0.21618915 1.4083557 -0.10756293 0.20765379 0.97227073 0 0 0 0 1 0.99070466 0.13130446 0.035544287 10.019287 -0.11252427 0.93786454 -0.32825094 1.4082947 -0.07643652 0.32120013 0.94392169 6.1035156e-05 0 0 0 1 0.98756129 0.15704744 -0.0076699066 10.019318 -0.14552726 0.89447111 -0.42278039 1.4082947 -0.059536066 0.41863778 0.90619963 -6.1035156e-05 0 0 0 1 0.98408645 0.17358994 -0.037950262 10.019318 -0.16961539 0.85404336 -0.49177319 1.4083405 -0.052955683 0.49038428 0.86989617 6.1035156e-05 0 0 0 1 0.98205698 0.18111376 -0.052550115 10.019348 -0.18138556 0.83090836 -0.52601391 1.4083252 -0.051604018 0.52610755 0.84885103 0 0 0 0 1 0.98179424 0.18201135 -0.054331556 10.019318 -0.18282464 0.82790077 -0.53024077 1.4083252 -0.0515287 0.53052038 0.8461045 6.1035156e-05 0 0 0 1 0.98257744 0.1792901 -0.048957918 10.019287 -0.17848489 0.83684653 -0.517524 1.4083405 -0.051816676 0.51724559 0.85426712 0 0 0 0 1 0.98359281 0.17552851 -0.04165756 10.019348 -0.17259841 0.84841466 -0.50040245 1.4083099 -0.052492008 0.4993822 0.86479032 -6.1035156e-05 0 0 0 1 0.98408645 0.17358994 -0.037950262 10.019318 -0.16961539 0.85404336 -0.49177319 1.4083405 -0.052955683 0.49038428 0.86989617 6.1035156e-05 0 0 0 1 </float_array>
        <technique_common>
          <accessor count="46" offset="0" source="#B_Head_matrix-output-array" stride="16">
            <param name="TRANSFORM" type="float4x4" />
          </accessor>
        </technique_common>
      </source>
      <source id="B_Head_matrix-interpolation">
        <Name_array id="B_Head_matrix-interpolation-array" count="46"> LINEAR LINEAR LINEAR LINEAR LINEAR LINEAR LINEAR LINEAR LINEAR LINEAR LINEAR LINEAR LINEAR LINEAR LINEAR LINEAR LINEAR LINEAR LINEAR LINEAR LINEAR LINEAR LINEAR LINEAR LINEAR LINEAR LINEAR LINEAR LINEAR LINEAR LINEAR LINEAR LINEAR LINEAR LINEAR LINEAR LINEAR LINEAR LINEAR LINEAR LINEAR LINEAR LINEAR LINEAR LINEAR LINEAR </Name_array>
        <technique_common>
          <accessor source="#B_Head_matrix-interpolation-array" count="46" stride="1">
            <param name="INTERPOLATION" type="name"></param>
          </accessor>
        </technique_common>
      </source>
      <source id="B_L_Calf_matrix-input" name="B_L_Calf_matrix-input">
        <float_array id="B_L_Calf_matrix-input-array" count="46"> 0 1 2 3 4 5 6 7 8 9 10 11 12 13 14 15 16 17 18 19 20 21 22 23 24 25 26 27 28 29 30 31 32 33 34 35 36 37 38 39 40 41 42 43 44 45 </float_array>
        <technique_common>
          <accessor count="46" offset="0" source="#B_L_Calf_matrix-input-array" stride="1">
            <param name="TIME" type="float" />
          </accessor>
        </technique_common>
      </source>
      <source id="B_L_Calf_matrix-output" name="B_L_Calf_matrix-output">
        <float_array id="B_L_Calf_matrix-output-array" count="736"> 0.87463582 0.484781 4.4013495e-07 50.282749 -0.484781 0.87463582 7.9252841e-06 0 3.4570694e-06 -7.1451068e-06 1 3.8146973e-06 0 0 0 1 0.62176454 0.78320444 8.0153245e-07 50.282749 -0.78320444 0.62176454 7.7139457e-06 3.8146973e-06 5.5432315e-06 -5.4240222e-06 1 0 0 0 0 1 0.25819224 0.96609396 9.0785215e-07 50.282753 -0.96609384 0.25819227 7.3377296e-06 3.8146973e-06 6.8545351e-06 -2.7716158e-06 1 3.8146973e-06 0 0 0 1 0.079017647 0.99687344 9.6955227e-07 50.282753 -0.99687332 0.079017662 7.1920513e-06 0 7.0929527e-06 -1.5348197e-06 1 3.8146973e-06 0 0 0 1 0.24074376 0.97058892 9.0251615e-07 50.282742 -0.97058892 0.24074376 7.2861003e-06 0 6.8545332e-06 -2.6300556e-06 1 7.6293945e-06 0 0 0 1 0.51668388 0.85617638 8.1635778e-07 50.282745 -0.85617638 0.51668388 7.5588036e-06 0 6.0498714e-06 -4.6044588e-06 0.99999988 7.6293945e-06 0 0 0 1 0.30631703 0.95192993 8.6629132e-07 50.282757 -0.95192981 0.30631709 7.3228966e-06 0 6.7055225e-06 -3.0677768e-06 1.0000001 3.8146973e-06 0 0 0 1 -0.25192401 0.96774727 8.6593491e-07 50.282749 -0.96774751 -0.25192395 6.9345488e-06 3.8146973e-06 6.9290409e-06 9.0897186e-07 1 3.8146973e-06 0 0 0 1 0.058329411 0.99829751 9.5036552e-07 50.282753 -0.99829751 0.058329411 7.1736372e-06 7.6293945e-06 7.1059903e-06 -1.3671817e-06 0.99999994 3.8146973e-06 0 0 0 1 0.99999964 0.00097652909 -1.470009e-09 50.282753 -0.00097652897 0.99999976 8.0317295e-06 -7.6293945e-06 9.3132249e-09 -8.0317259e-06 1 3.8146973e-06 0 0 0 1 0.99999964 0.00097653409 -8.9205416e-09 50.282761 -0.00097653409 0.99999964 8.0317377e-06 3.8146973e-06 1.6763805e-08 -8.0317268e-06 0.99999994 -3.8146973e-06 0 0 0 1 0.99999964 0.00097654009 7.8578521e-09 50.282761 -0.00097654009 0.99999964 8.0466225e-06 3.8146973e-06 0 -8.0466261e-06 1.0000001 5.7220459e-06 0 0 0 1 0.99999952 0.00097653933 3.7816461e-10 50.282745 -0.0009765391 0.99999976 8.0168265e-06 2.8610229e-06 7.4505802e-09 -8.0168247e-06 1 0 0 0 0 1 0.99999964 0.00097653264 -5.1952669e-09 50.282776 -0.00097653264 0.99999964 8.0317341e-06 7.6293945e-06 1.3038516e-08 -8.0317259e-06 1 3.8146973e-06 0 0 0 1 0.99999976 0.00097653543 -8.9350838e-09 50.282776 -0.00097653543 0.99999976 8.0168356e-06 0 1.6763805e-08 -8.0168247e-06 1 3.8146973e-06 0 0 0 1 0.99999952 0.0009765327 -5.2098184e-09 50.282745 -0.0009765327 0.99999952 8.0168338e-06 -3.8146973e-06 1.3038516e-08 -8.0168247e-06 1 0 0 0 0 1 0.99999964 0.00097654387 -3.3179837e-09 50.282715 -0.00097654376 0.99999976 8.0466334e-06 1.9073486e-06 1.117587e-08 -8.046627e-06 1.0000001 -7.6293945e-06 0 0 0 1 0.99999952 0.00097652536 -5.2098792e-09 50.282745 -0.00097652513 0.99999976 8.0168311e-06 7.6293945e-06 1.3038515e-08 -8.0168247e-06 0.99999994 0 0 0 0 1 0.94084102 0.33884862 3.3387141e-07 50.282715 -0.33884862 0.94084102 8.012632e-06 7.6293945e-06 2.4009494e-06 -7.6517454e-06 1 7.6293945e-06 0 0 0 1 0.75998777 0.64993775 6.0941602e-07 50.282776 -0.64993775 0.75998777 7.831457e-06 3.0517578e-05 4.6268106e-06 -6.3478942e-06 1 3.8146973e-06 0 0 0 1 0.51041818 0.85992682 8.216806e-07 50.282715 -0.85992658 0.5104183 7.5490448e-06 0 6.0722227e-06 -4.5597553e-06 1.0000001 3.8146973e-06 0 0 0 1 0.28931829 0.95723307 9.1971805e-07 50.282776 -0.95723307 0.28931829 7.3609231e-06 0 6.7800283e-06 -3.0100348e-06 0.99999994 0 0 0 0 1 0.21815196 0.97591507 9.3553717e-07 50.282837 -0.97591496 0.21815197 7.32444e-06 -1.5258789e-05 6.9439411e-06 -2.5108457e-06 1 7.6293945e-06 0 0 0 1 0.26468685 0.96433461 9.2167841e-07 50.282715 -0.96433431 0.26468694 7.345574e-06 0 6.8396325e-06 -2.8330833e-06 1.0000001 0 0 0 0 1 0.28931823 0.95723349 8.7187072e-07 50.282745 -0.95723337 0.28931829 7.3775946e-06 0 6.8098311e-06 -2.9690568e-06 1 0 0 0 0 1 -0.02305603 0.99973434 9.2954315e-07 50.282715 -0.99973422 -0.023056032 7.1022796e-06 0 7.1218233e-06 -7.6554636e-07 1 -1.5258789e-05 0 0 0 1 -0.094004974 0.99557197 9.3273223e-07 50.282745 -0.99557161 -0.094005011 6.9456905e-06 0 7.0026144e-06 -2.7567177e-07 0.99999994 7.6293945e-06 0 0 0 1 0.029191379 0.99957418 1.0510148e-06 50.282715 -0.99957395 0.029191386 7.1453032e-06 6.1035156e-05 7.1115792e-06 -1.2591483e-06 1 7.6293945e-06 0 0 0 1 -0.031279322 0.99951077 9.2233927e-07 50.282715 -0.99951071 -0.031279325 7.0824708e-06 0 7.1078543e-06 -7.0035389e-07 1 7.6293945e-06 0 0 0 1 0.025618264 0.99967217 9.3627432e-07 50.282715 -0.99967217 0.025618264 7.0894607e-06 1.5258789e-05 7.0631509e-06 -1.1175871e-06 1 1.5258789e-05 0 0 0 1 -0.44377023 0.89614099 8.4106523e-07 50.282776 -0.89614099 -0.44377023 6.5673271e-06 -1.5258789e-05 6.2584895e-06 2.16067e-06 1 -3.0517578e-05 0 0 0 1 -0.52125561 0.85340089 8.3483354e-07 50.282776 -0.85340089 -0.52125561 6.6839825e-06 0 6.1392789e-06 2.7716158e-06 0.99999994 0 0 0 0 1 -0.49599659 0.86832476 7.714745e-07 50.282776 -0.86832464 -0.49599665 6.6982252e-06 1.5258789e-05 6.1988821e-06 2.652406e-06 0.99999994 0 0 0 0 1 -0.41913432 0.90792441 7.6654146e-07 50.282654 -0.90792429 -0.41913438 6.6377906e-06 0 6.3478938e-06 2.0861635e-06 1 0 0 0 0 1 -0.29603139 0.95517844 8.1791831e-07 50.282837 -0.95517832 -0.29603142 6.7666865e-06 0 6.7055225e-06 1.2218944e-06 0.99999994 0 0 0 0 1 -0.13390671 0.99099422 9.4580287e-07 50.282776 -0.99099392 -0.13390675 6.9995385e-06 0 7.06315e-06 2.2737373e-13 1 -3.0517578e-05 0 0 0 1 0.060451508 0.99817127 9.3014972e-07 50.282776 -0.99817115 0.060451515 7.0727092e-06 3.0517578e-05 7.0035453e-06 -1.3560053e-06 0.99999994 -6.1035156e-05 0 0 0 1 0.27638039 0.96104842 1.0065672e-06 50.282745 -0.96104842 0.27638039 7.3908095e-06 0 6.8247314e-06 -3.010035e-06 0.99999988 -6.1035156e-05 0 0 0 1 0.49832493 0.86699057 8.1639496e-07 50.282715 -0.86699075 0.49832481 7.5503785e-06 -3.0517578e-05 6.139278e-06 -4.4703479e-06 1 6.1035156e-05 0 0 0 1 0.70583493 0.70837653 7.8313599e-07 50.282745 -0.70837671 0.70583475 7.7641616e-06 0 4.947186e-06 -6.0349698e-06 1.0000001 6.1035156e-05 0 0 0 1 0.87463373 0.4847846 3.9164775e-07 50.282715 -0.4847846 0.87463373 7.9606962e-06 -3.0517578e-05 3.5166743e-06 -7.1525578e-06 1 0 0 0 0 1 0.96588969 0.25895441 2.7279134e-07 50.282715 -0.25895438 0.96588981 8.0378168e-06 -3.0517578e-05 1.8179419e-06 -7.8342864e-06 1 0 0 0 0 1 0.97745705 0.21113494 2.4318578e-07 50.282745 -0.21113493 0.97745717 8.1834869e-06 0 1.4901159e-06 -8.0503523e-06 1.0000001 6.1035156e-05 0 0 0 1 0.94285858 0.33319405 3.6476285e-07 50.282745 -0.33319402 0.9428587 7.9194051e-06 -3.0517578e-05 2.2947786e-06 -7.5884168e-06 1 6.1035156e-05 0 0 0 1 0.89723319 0.44155741 4.8632819e-07 50.282745 -0.44155735 0.89723331 7.9400534e-06 0 3.0696392e-06 -7.3388223e-06 1 -6.1035156e-05 0 0 0 1 0.87463373 0.4847846 3.9164775e-07 50.282715 -0.4847846 0.87463373 7.9606962e-06 -3.0517578e-05 3.5166743e-06 -7.1525578e-06 1 0 0 0 0 1 </float_array>
        <technique_common>
          <accessor count="46" offset="0" source="#B_L_Calf_matrix-output-array" stride="16">
            <param name="TRANSFORM" type="float4x4" />
          </accessor>
        </technique_common>
      </source>
      <source id="B_L_Calf_matrix-interpolation">
        <Name_array id="B_L_Calf_matrix-interpolation-array" count="46"> LINEAR LINEAR LINEAR LINEAR LINEAR LINEAR LINEAR LINEAR LINEAR LINEAR LINEAR LINEAR LINEAR LINEAR LINEAR LINEAR LINEAR LINEAR LINEAR LINEAR LINEAR LINEAR LINEAR LINEAR LINEAR LINEAR LINEAR LINEAR LINEAR LINEAR LINEAR LINEAR LINEAR LINEAR LINEAR LINEAR LINEAR LINEAR LINEAR LINEAR LINEAR LINEAR LINEAR LINEAR LINEAR LINEAR </Name_array>
        <technique_common>
          <accessor source="#B_L_Calf_matrix-interpolation-array" count="46" stride="1">
            <param name="INTERPOLATION" type="name"></param>
          </accessor>
        </technique_common>
      </source>
      <source id="B_L_Clavicle_matrix-input" name="B_L_Clavicle_matrix-input">
        <float_array id="B_L_Clavicle_matrix-input-array" count="46"> 0 1 2 3 4 5 6 7 8 9 10 11 12 13 14 15 16 17 18 19 20 21 22 23 24 25 26 27 28 29 30 31 32 33 34 35 36 37 38 39 40 41 42 43 44 45 </float_array>
        <technique_common>
          <accessor count="46" offset="0" source="#B_L_Clavicle_matrix-input-array" stride="1">
            <param name="TIME" type="float" />
          </accessor>
        </technique_common>
      </source>
      <source id="B_L_Clavicle_matrix-output" name="B_L_Clavicle_matrix-output">
