<?xml version="1.0" encoding="UTF-8" standalone="no" ?>
<COLLADA xmlns="http://www.collada.org/2005/11/COLLADASchema" version="1.4.1">
  <asset>
    <contributor>
      <author>Assimp</author>
      <authoring_tool>FBX SDK/FBX Plugins version 2013.1</authoring_tool>
    </contributor>
    <created>2020-08-21T10:28:51</created>
    <modified>2020-08-21T10:28:51</modified>
    <unit name="meter" meter="1" />
    <up_axis>Y_UP</up_axis>
  </asset>
  <library_geometries>
  </library_geometries>
  <library_controllers>
  </library_controllers>
  <library_visual_scenes>
    <visual_scene id="RootNode" name="RootNode">
      <node id="Motion_aAssimpFbxa_Translation"  name="Motion_$AssimpFbx$_Translation" type="NODE">
        <matrix sid="matrix">1 0 0 9.92585e-07 0 1 0 0 0 0 1 -0.17328988 0 0 0 1</matrix>
        <node id="Motion_aAssimpFbxa_PreRotation"  name="Motion_$AssimpFbx$_PreRotation" type="NODE">
          <matrix sid="matrix">1 0 0 0 0 -4.3711388e-08 1 0 0 -1 -4.3711388e-08 0 0 0 0 1</matrix>
          <node id="Motion_aAssimpFbxa_Rotation"  name="Motion_$AssimpFbx$_Rotation" type="NODE">
            <matrix sid="matrix">1.3868001e-06 1 0 0 -1 1.3868001e-06 0 0 0 0 1 0 0 0 0 1</matrix>
            <node id="Motion_aAssimpFbxa_Scaling"  name="Motion_$AssimpFbx$_Scaling" type="NODE">
              <matrix sid="matrix">1 0 0 0 0 1 0 0 0 0 1 0 0 0 0 1</matrix>
              <node id="Motion"  name="Motion" type="NODE">
                <matrix sid="matrix">1 0 0 0 0 1 0 0 0 0 1 0 0 0 0 1</matrix>
                <node id="B_Pelvis"  name="B_Pelvis" type="NODE">
                  <matrix sid="matrix">-0.11125118 0.15340431 0.98188102 0.17328988 0.013554227 -0.98768818 0.15584733 -1.2122457e-06 0.99369991 0.030646835 0.10780219 94.513962 0 0 0 1</matrix>
                  <node id="B_Spine"  name="B_Spine" type="NODE">
                    <matrix sid="matrix">0.99949318 0.030863486 0.0077999323 7.6475906 -0.031831432 0.97196919 0.23294342 -1.6268363 -0.00039184839 -0.23307364 0.97245902 -0.66283798 0 0 0 1</matrix>
                    <node id="B_Spine1"  name="B_Spine1" type="NODE">
                      <matrix sid="matrix">0.99903959 -0.020619892 -0.03866151 12.747696 0.020982156 0.99973947 0.0089878943 -0.014277458 0.038466107 -0.0097904634 0.99921197 0.00013923645 0 0 0 1</matrix>
                      <node id="B_Spine2"  name="B_Spine2" type="NODE">
                        <matrix sid="matrix">0.9983142 -0.044820134 -0.036876366 17.935341 0.045539618 0.99878365 0.018907305 -0.026448011 0.03598408 -0.020554766 0.99914092 0.00052642822 0 0 0 1</matrix>
                        <node id="B_L_Clavicle"  name="B_L_Clavicle" type="NODE">
                          <matrix sid="matrix">-0.017590661 -0.00078421831 0.99984497 17.736847 -0.17375694 -0.98478115 -0.0038293824 0.073140144 0.98463148 -0.17379735 0.017186686 5.0180168 0 0 0 1</matrix>
                          <node id="B_L_UpperArm"  name="B_L_UpperArm" type="NODE">
                            <matrix sid="matrix">0.32975772 0.082510017 0.94045305 17.464661 -0.93243742 -0.12740456 0.33812493 3.8146973e-06 0.14771669 -0.98841298 0.034922794 0 0 0 0 1</matrix>
                            <node id="B_L_Forearm"  name="B_L_Forearm" type="NODE">
                              <matrix sid="matrix">0.032895308 0.99512112 0.093014836 27.628193 -0.99945879 0.03275257 0.0030611116 0 -2.9802331e-07 -0.093065195 0.99566001 -1.5258789e-05 0 0 0 1</matrix>
                              <node id="B_L_ForeArmTwist"  name="B_L_ForeArmTwist" type="NODE">
                                <matrix sid="matrix">1 7.9663323e-08 -2.9187595e-07 11.992645 -5.2154046e-08 0.99566001 0.093065336 -1.5258789e-05 2.9802311e-07 -0.093065336 0.99566001 1.7166138e-05 0 0 0 1</matrix>
                                <node id="B_L_Hand"  name="B_L_Hand" type="NODE">
                                  <matrix sid="matrix">0.96226168 -0.26206905 0.073295787 11.992661 -0.09486834 -0.070617929 0.99298191 0 -0.25505382 -0.96246189 -0.092814989 7.6293945e-06 0 0 0 1</matrix>
                                  <node id="B_L_Finger0"  name="B_L_Finger0" type="NODE">
                                    <matrix sid="matrix">0.80900657 0.13246362 0.57267952 1.4603119 0.15583251 0.89108139 -0.42625132 1.9355392 -0.5667668 0.43408221 0.7002486 -2.4376564 0 0 0 1</matrix>
                                    <node id="B_L_Finger01"  name="B_L_Finger01" type="NODE">
                                      <matrix sid="matrix">0.80299318 -0.59598821 1.1348607e-07 3.7139969 0.59598821 0.80299318 4.7116263e-08 1.9073486e-06 -1.1920928e-07 2.9802322e-08 1 -3.0517578e-05 0 0 0 1</matrix>
                                      <node id="B_L_Finger02"  name="B_L_Finger02" type="NODE">
                                        <matrix sid="matrix">0.5521847 -0.83372182 -1.4908106e-07 5.5299377 0.83372182 0.5521847 9.8738305e-08 1.5258789e-05 0 -1.7881391e-07 1 3.0517578e-05 0 0 0 1</matrix>
                                      </node>
                                    </node>
                                  </node>
                                  <node id="B_L_Finger1"  name="B_L_Finger1" type="NODE">
                                    <matrix sid="matrix">0.27254903 -0.95552641 0.11263385 11.625458 0.92804092 0.23019101 -0.29283464 3.1205368 0.25388393 0.18434063 0.94950593 -3.0983505 0 0 0 1</matrix>
                                    <node id="B_L_Finger11"  name="B_L_Finger11" type="NODE">
                                      <matrix sid="matrix">-0.25881916 -0.96592581 9.2523841e-08 4.4568253 0.96592581 -0.25881916 8.6498979e-08 0 -5.9604652e-08 1.1175876e-07 1 1.5258789e-05 0 0 0 1</matrix>
                                      <node id="B_L_Finger12"  name="B_L_Finger12" type="NODE">
                                        <matrix sid="matrix">0.57357562 -0.81915259 2.3130602e-07 3.3311615 0.81915259 0.57357562 -1.8924828e-07 -1.1444092e-05 2.2351733e-08 2.9802314e-07 1 -1.5258789e-05 0 0 0 1</matrix>
                                      </node>
                                    </node>
                                  </node>
                                  <node id="B_L_Finger2"  name="B_L_Finger2" type="NODE">
                                    <matrix sid="matrix">0.2580848 -0.96503466 0.045829169 11.814056 0.96096498 0.25152332 -0.11524851 2.4381104 0.099691704 0.073784113 0.99227893 0.83572388 0 0 0 1</matrix>
                                    <node id="B_L_Finger21"  name="B_L_Finger21" type="NODE">
                                      <matrix sid="matrix">-0.62068564 -0.78405952 4.960504e-07 5.1996269 0.78405952 -0.62068564 6.9601484e-08 1.5258789e-05 2.5331966e-07 4.3213367e-07 1 7.6293945e-06 0 0 0 1</matrix>
                                      <node id="B_L_Finger22"  name="B_L_Finger22" type="NODE">
                                        <matrix sid="matrix">0.44828618 -0.89389008 1.3359969e-08 5.1996231 0.89389008 0.44828618 2.664e-08 1.5258789e-05 -2.9802322e-08 0 1 0 0 0 0 1</matrix>
                                      </node>
                                    </node>
                                  </node>
                                  <node id="B_L_Finger3"  name="B_L_Finger3" type="NODE">
                                    <matrix sid="matrix">0.13847044 -0.99036652 0.00029717796 11.814056 0.99036658 0.13847046 5.9310933e-05 1.9342346 -9.9889934e-05 0.00028610229 0.99999994 4.6002388 0 0 0 1</matrix>
                                    <node id="B_L_Finger31"  name="B_L_Finger31" type="NODE">
                                      <matrix sid="matrix">-0.058766864 -0.99827176 -9.3644576e-07 4.4568024 0.99827176 -0.058766864 -1.144795e-06 1.5258789e-05 1.0877844e-06 -1.0021033e-06 1 0 0 0 0 1</matrix>
                                      <node id="B_L_Finger32"  name="B_L_Finger32" type="NODE">
                                        <matrix sid="matrix">-0.058766626 -0.99827176 -1.9234585e-06 4.4567719 0.99827176 -0.058766626 -1.5574138e-06 -1.9073486e-05 1.441687e-06 -2.0116581e-06 1 3.8146973e-06 0 0 0 1</matrix>
                                      </node>
                                    </node>
                                  </node>
                                  <node id="B_L_Finger4"  name="B_L_Finger4" type="NODE">
                                    <matrix sid="matrix">0.14714396 -0.98122936 -0.12465001 11.857178 0.9836868 0.15835449 -0.085346907 4.0528793 0.10348378 -0.11005829 0.98852324 6.5145302 0 0 0 1</matrix>
                                    <node id="B_L_Finger41"  name="B_L_Finger41" type="NODE">
                                      <matrix sid="matrix">-0.18123169 -0.9834404 -2.0609189e-06 3.3276596 0.9834404 -0.18123169 -3.811738e-06 0 3.3751135e-06 -2.7175986e-06 1 1.5258789e-05 0 0 0 1</matrix>
                                      <node id="B_L_Finger42"  name="B_L_Finger42" type="NODE">
                                        <matrix sid="matrix">0.0019772795 -0.99999803 -2.2340898e-06 3.327652 0.99999803 0.0019772795 -3.2179655e-06 -2.2888184e-05 3.2223768e-06 -2.2277227e-06 1 -1.5258789e-05 0 0 0 1</matrix>
                                      </node>
                                    </node>
                                  </node>
                                </node>
                              </node>
                            </node>
                          </node>
                        </node>
                        <node id="B_R_Clavicle"  name="B_R_Clavicle" type="NODE">
                          <matrix sid="matrix">-0.10452852 -0.00079608348 -0.9945215 17.736847 0.00023395466 -0.99999964 0.00077587878 0.074661255 -0.99452186 -0.0001515715 0.10452867 -5.0179629 0 0 0 1</matrix>
                          <node id="B_R_UpperArm"  name="B_R_UpperArm" type="NODE">
                            <matrix sid="matrix">-0.40103272 0.62238377 -0.67216909 17.464668 -0.86648744 -0.019606248 0.49881375 1.7642975e-05 0.29727486 0.78246665 0.54715043 0 0 0 0 1</matrix>
                            <node id="B_R_Forearm"  name="B_R_Forearm" type="NODE">
                              <matrix sid="matrix">0.39944065 0.91557515 -0.046577189 27.628178 -0.91675907 0.3989248 -0.020293992 0 1.1920932e-07 0.050806303 0.99870855 0 0 0 0 1</matrix>
                              <node id="B_R_ForeArmTwist"  name="B_R_ForeArmTwist" type="NODE">
                                <matrix sid="matrix">1 6.2555969e-08 5.6499381e-08 11.99263 -5.9604652e-08 0.99870855 -0.050806358 -1.5258789e-05 -5.9604652e-08 0.050806358 0.99870855 0 0 0 0 1</matrix>
                                <node id="B_R_Hand"  name="B_R_Hand" type="NODE">
                                  <matrix sid="matrix">0.80650461 -0.058809184 -0.58829564 11.992653 -0.58967501 -0.0079426989 -0.80760157 -7.6293945e-06 0.042821731 0.99823767 -0.041084129 -1.5258789e-05 0 0 0 1</matrix>
                                  <node id="B_R_Finger0"  name="B_R_Finger0" type="NODE">
                                    <matrix sid="matrix">0.80900663 0.13246381 -0.5726794 1.4603271 0.15583232 0.89108139 0.4262515 1.9355469 0.5667668 -0.43408221 0.7002486 2.4376602 0 0 0 1</matrix>
                                    <node id="B_R_Finger01"  name="B_R_Finger01" type="NODE">
                                      <matrix sid="matrix">0.802993 -0.59598845 -4.4777508e-07 3.7140274 0.59598845 0.802993 -1.4677235e-07 -1.5258789e-05 4.4703489e-07 -1.4901161e-07 1 0 0 0 0 1</matrix>
                                      <node id="B_R_Finger02"  name="B_R_Finger02" type="NODE">
                                        <matrix sid="matrix">0.55218482 -0.83372176 2.5653426e-07 5.5299377 0.83372176 0.55218482 -9.841375e-08 7.6293945e-06 -5.9604631e-08 2.6822076e-07 1 1.5258789e-05 0 0 0 1</matrix>
                                      </node>
                                    </node>
                                  </node>
                                  <node id="B_R_Finger1"  name="B_R_Finger1" type="NODE">
                                    <matrix sid="matrix">0.27254859 -0.95552653 -0.11263385 11.625458 0.92804098 0.23019052 0.29283491 3.1205521 -0.25388426 -0.18434057 0.94950587 3.0983467 0 0 0 1</matrix>
                                    <node id="B_R_Finger11"  name="B_R_Finger11" type="NODE">
                                      <matrix sid="matrix">-0.25881937 -0.96592575 -1.251673e-07 4.4568157 0.96592575 -0.25881937 -7.9818975e-08 0 4.470348e-08 -1.4156102e-07 1 7.6293945e-06 0 0 0 1</matrix>
                                      <node id="B_R_Finger12"  name="B_R_Finger12" type="NODE">
                                        <matrix sid="matrix">0.57357585 -0.81915247 3.3421423e-07 3.3311462 0.81915247 0.57357585 2.4349345e-07 -7.6293945e-06 -3.9115545e-07 1.3411044e-07 1 -1.1444092e-05 0 0 0 1</matrix>
                                      </node>
                                    </node>
                                  </node>
                                  <node id="B_R_Finger2"  name="B_R_Finger2" type="NODE">
                                    <matrix sid="matrix">0.25808457 -0.96503478 -0.045829311 11.814056 0.96096516 0.25152311 0.11524824 2.438118 -0.099691421 -0.073784158 0.99227899 -0.83572197 0 0 0 1</matrix>
                                    <node id="B_R_Finger21"  name="B_R_Finger21" type="NODE">
                                      <matrix sid="matrix">-0.62068564 -0.78405952 -4.1377017e-08 5.1995964 0.78405952 -0.62068564 4.3265231e-08 -1.5258789e-05 -5.9604638e-08 -5.5879337e-09 1 -3.0517578e-05 0 0 0 1</matrix>
                                      <node id="B_R_Finger22"  name="B_R_Finger22" type="NODE">
                                        <matrix sid="matrix">0.44828618 -0.89389008 6.6799863e-09 5.1996155 0.89389008 0.44828618 1.3320004e-08 7.6293945e-06 -1.4901165e-08 0 1 2.8610229e-05 0 0 0 1</matrix>
                                      </node>
                                    </node>
                                  </node>
                                  <node id="B_R_Finger3"  name="B_R_Finger3" type="NODE">
                                    <matrix sid="matrix">0.13847044 -0.99036652 -0.00029828158 11.814056 0.99036658 0.13847046 -5.9510196e-05 1.9342651 0.0001002401 -0.0002871677 0.99999994 -4.600256 0 0 0 1</matrix>
                                    <node id="B_R_Finger31"  name="B_R_Finger31" type="NODE">
                                      <matrix sid="matrix">-0.058766745 -0.99827176 -1.0171684e-07 4.4567909 0.99827176 -0.058766745 -1.1047661e-07 1.5258789e-05 1.0430811e-07 -1.080334e-07 1 -1.9073486e-06 0 0 0 1</matrix>
                                      <node id="B_R_Finger32"  name="B_R_Finger32" type="NODE">
                                        <matrix sid="matrix">-0.058766864 -0.99827176 6.099088e-07 4.4568176 0.99827176 -0.058766864 -3.4473305e-07 1.1444092e-05 3.7997967e-07 5.8859581e-07 1 -1.335144e-05 0 0 0 1</matrix>
                                      </node>
                                    </node>
                                  </node>
                                  <node id="B_R_Finger4"  name="B_R_Finger4" type="NODE">
                                    <matrix sid="matrix">0.14714396 -0.98122966 0.12464775 11.857224 0.98368686 0.15835427 0.085347064 4.0529175 -0.10348357 0.11005604 0.98852354 -6.5145626 0 0 0 1</matrix>
                                    <node id="B_R_Finger41"  name="B_R_Finger41" type="NODE">
                                      <matrix sid="matrix">-0.18123123 -0.98344052 2.6951707e-07 3.3276711 0.98344052 -0.18123123 7.163585e-07 1.5258789e-05 -6.5565109e-07 3.9488054e-07 1 3.2424927e-05 0 0 0 1</matrix>
                                      <node id="B_R_Finger42"  name="B_R_Finger42" type="NODE">
                                        <matrix sid="matrix">0.0019770411 -0.99999803 2.845502e-07 3.3277283 0.99999803 0.0019770411 7.2214527e-07 3.8146973e-05 -7.2270643e-07 2.8312195e-07 1 -1.335144e-05 0 0 0 1</matrix>
                                      </node>
                                    </node>
                                  </node>
                                </node>
                              </node>
                            </node>
                          </node>
                        </node>
                        <node id="B_Neck"  name="B_Neck" type="NODE">
                          <matrix sid="matrix">0.9745459 -0.2055687 -0.08945287 27.039764 0.20928562 0.97725385 0.034271047 1.128232 0.080373101 -0.052119903 0.99540126 0.00061321259 0 0 0 1</matrix>
                          <node id="B_Head"  name="B_Head" type="NODE">
                            <matrix sid="matrix">0.94820386 0.11665488 -0.29546744 10.019318 -0.27651116 0.76095277 -0.5869348 1.4083138 0.15636796 0.63823384 0.75379473 0 0 0 0 1</matrix>
                          </node>
                        </node>
                      </node>
                    </node>
                  </node>
                  <node id="B_L_Thigh"  name="B_L_Thigh" type="NODE">
                    <matrix sid="matrix">-0.937163 0.18582052 -0.29529008 0 0.16471717 0.98175186 0.095034674 1.6450882e-05 0.30756098 0.040423635 -0.95066929 11.161456 0 0 0 1</matrix>
                    <node id="B_L_Calf"  name="B_L_Calf" type="NODE">
                      <matrix sid="matrix">0.7568872 0.65354556 5.7439456e-07 50.282742 -0.65354556 0.7568872 7.7333716e-06 1.9073486e-06 4.6193591e-06 -6.2286831e-06 1 -3.8146973e-06 0 0 0 1</matrix>
                      <node id="B_L_Foot"  name="B_L_Foot" type="NODE">
                        <matrix sid="matrix">0.81913227 -0.40137169 -0.4097842 39.728134 0.41781965 0.90697336 -0.053159416 -2.8610229e-06 0.39300007 -0.12767132 0.91063219 3.8146973e-06 0 0 0 1</matrix>
                        <node id="B_L_Toe0"  name="B_L_Toe0" type="NODE">
                          <matrix sid="matrix">-4.3711388e-08 -1 -5.6529242e-08 18.214441 1 -4.3711388e-08 -2.4709717e-15 14.545954 0 -5.6529242e-08 1 0.020652771 0 0 0 1</matrix>
                        </node>
                      </node>
                    </node>
                  </node>
                  <node id="B_R_Thigh"  name="B_R_Thigh" type="NODE">
                    <matrix sid="matrix">-0.74296874 0.6020745 0.29241019 -7.6293945e-06 0.48589024 0.78562117 -0.38302761 -1.502037e-05 -0.46033478 -0.1424983 -0.87623405 -11.161448 0 0 0 1</matrix>
                    <node id="B_R_Calf"  name="B_R_Calf" type="NODE">
                      <matrix sid="matrix">0.48961842 0.8719368 -1.4315219e-07 50.282753 -0.8719368 0.48961842 -4.797148e-06 7.6293945e-06 -4.11272e-06 2.4735918e-06 1 7.6293945e-06 0 0 0 1</matrix>
                      <node id="B_R_Foot"  name="B_R_Foot" type="NODE">
                        <matrix sid="matrix">0.90774941 -0.39173016 0.15012822 39.728127 0.37682936 0.91866219 0.11857237 -9.5367432e-07 -0.18436548 -0.051061291 0.98153049 1.9073486e-06 0 0 0 1</matrix>
                        <node id="B_R_Toe0"  name="B_R_Toe0" type="NODE">
                          <matrix sid="matrix">-7.5896713e-07 -1 2.1526646e-06 18.214439 1 -7.5896901e-07 -8.6426667e-07 14.545952 8.6426832e-07 2.1526639e-06 1 -0.020654678 0 0 0 1</matrix>
                        </node>
                      </node>
                    </node>
                  </node>
                </node>
              </node>
            </node>
          </node>
        </node>
      </node>
      <node id="Exporter_aAssimpFbxa_PreRotation"  name="Exporter_$AssimpFbx$_PreRotation" type="NODE">
        <matrix sid="matrix">1 0 0 0 0 -4.3711388e-08 1 0 0 -1 -4.3711388e-08 0 0 0 0 1</matrix>
        <node id="Exporter"  name="Exporter" type="NODE">
          <matrix sid="matrix">1 0 0 0 0 1 0 0 0 0 1 0 0 0 0 1</matrix>
        </node>
      </node>
    </visual_scene>
  </library_visual_scenes>
  <library_animations>
    <animation id="TakeW001AnimId0" name="Take 001">
      <source id="B_Head_matrix-input" name="B_Head_matrix-input">
        <float_array id="B_Head_matrix-input-array" count="11"> 0 1 2 3 4 5 6 7 8 9 10 </float_array>
        <technique_common>
          <accessor count="11" offset="0" source="#B_Head_matrix-input-array" stride="1">
            <param name="TIME" type="float" />
          </accessor>
        </technique_common>
      </source>
      <source id="B_Head_matrix-output" name="B_Head_matrix-output">
        <float_array id="B_Head_matrix-output-array" count="176"> 0.94820392 0.11665487 -0.29546744 10.019318 -0.27651116 0.76095277 -0.5869348 1.4083138 0.15636796 0.6382339 0.75379479 0 0 0 0 1 0.97165179 0.16973403 -0.16456932 10.019302 -0.2213707 0.40883699 -0.8853516 1.4083138 -0.082992241 0.89668429 0.43482137 7.6293945e-06 0 0 0 1 0.8745268 -0.051182028 -0.48226893 10.019318 -0.40868726 0.45761165 -0.7896623 1.4083157 0.2611084 0.88767779 0.37927628 0 0 0 0 1 0.79741919 -0.13338487 -0.58849919 10.019302 -0.4389756 0.5409357 -0.71741837 1.4083138 0.414033 0.83041996 0.37279975 1.9073486e-06 0 0 0 1 0.84864324 -0.077312693 -0.52328509 10.019302 -0.39225763 0.57170665 -0.72061455 1.4083138 0.35487828 0.81680733 0.4548485 0 0 0 0 1 0.91985971 0.027105223 -0.39130923 10.019318 -0.33285806 0.58172125 -0.74216288 1.4083138 0.2075164 0.81293625 0.54412436 -7.6293945e-06 0 0 0 1 0.93558723 0.078056201 -0.34435999 10.019318 -0.31547251 0.62284058 -0.71592385 1.4083176 0.15859905 0.77844542 0.60734624 -7.6293945e-06 0 0 0 1 0.94207579 0.10804389 -0.31752166 10.019302 -0.30493364 0.67015004 -0.6766938 1.4083099 0.13967453 0.73431987 0.66427815 3.8146973e-06 0 0 0 1 0.94538981 0.11900429 -0.3034403 10.019302 -0.2938008 0.71424741 -0.63524157 1.4083176 0.14113493 0.68970191 0.71020585 -1.9073486e-06 0 0 0 1 0.94743127 0.11818423 -0.29733148 10.019302 -0.28215352 0.7468012 -0.60222685 1.4083138 0.1508738 0.65446186 0.74088907 -9.5367432e-07 0 0 0 1 0.94820392 0.11665487 -0.29546744 10.019318 -0.27651116 0.76095277 -0.5869348 1.4083138 0.15636796 0.6382339 0.75379479 -1.9073486e-06 0 0 0 1 </float_array>
        <technique_common>
          <accessor count="11" offset="0" source="#B_Head_matrix-output-array" stride="16">
            <param name="TRANSFORM" type="float4x4" />
          </accessor>
        </technique_common>
      </source>
      <source id="B_Head_matrix-interpolation">
        <Name_array id="B_Head_matrix-interpolation-array" count="11"> LINEAR LINEAR LINEAR LINEAR LINEAR LINEAR LINEAR LINEAR LINEAR LINEAR LINEAR </Name_array>
        <technique_common>
          <accessor source="#B_Head_matrix-interpolation-array" count="11" stride="1">
            <param name="INTERPOLATION" type="name"></param>
          </accessor>
        </technique_common>
      </source>
      <source id="B_L_Calf_matrix-input" name="B_L_Calf_matrix-input">
        <float_array id="B_L_Calf_matrix-input-array" count="11"> 0 1 2 3 4 5 6 7 8 9 10 </float_array>
        <technique_common>
          <accessor count="11" offset="0" source="#B_L_Calf_matrix-input-array" stride="1">
            <param name="TIME" type="float" />
          </accessor>
        </technique_common>
      </source>
      <source id="B_L_Calf_matrix-output" name="B_L_Calf_matrix-output">
        <float_array id="B_L_Calf_matrix-output-array" count="176"> 0.75688738 0.6535458 5.7439456e-07 50.282742 -0.65354574 0.7568875 7.7333716e-06 1.9073486e-06 4.61936e-06 -6.2286854e-06 1 -3.8146973e-06 0 0 0 1 0.86077619 0.50898403 4.6534797e-07 50.282738 -0.50898397 0.86077625 7.9303945e-06 0 3.6358833e-06 -7.0631504e-06 1 3.8146973e-06 0 0 0 1 0.99999976 0.00097654673 -2.1941672e-08 50.282749 -0.00097654661 0.99999988 8.0494447e-06 -2.6226044e-06 2.9802322e-08 -8.049421e-06 1.0000001 3.8146973e-06 0 0 0 1 0.99999976 0.00097655423 -5.1740045e-08 50.282745 -0.00097655412 0.99999988 8.053431e-06 -1.5497208e-06 5.9604645e-08 -8.0533791e-06 1 1.1444092e-05 0 0 0 1 0.82661724 0.56276488 5.2231934e-07 50.282742 -0.56276482 0.8266173 7.8104849e-06 0 3.9637084e-06 -6.750226e-06 0.99999994 3.8146973e-06 0 0 0 1 0.92728108 0.37436661 3.3276842e-07 50.282742 -0.37436661 0.92728108 7.9889051e-06 0 2.6822092e-06 -7.5325374e-06 1 3.8146973e-06 0 0 0 1 0.96177936 0.27382657 1.8899411e-07 50.282749 -0.2738266 0.96177924 8.0646969e-06 0 2.0265575e-06 -7.8082085e-06 1.0000001 3.8146973e-06 0 0 0 1 0.96233213 0.27187756 2.8534751e-07 50.282749 -0.27187753 0.96233225 8.0254813e-06 0 1.9073485e-06 -7.8007579e-06 1.0000001 3.8146973e-06 0 0 0 1 0.905581 0.42417374 4.1093256e-07 50.282738 -0.42417371 0.90558112 7.9032843e-06 9.5367432e-07 2.9802327e-06 -7.3313718e-06 1 3.8146973e-06 0 0 0 1 0.80655658 0.59115732 5.1549011e-07 50.282738 -0.59115714 0.80655676 7.8620415e-06 0 4.2319298e-06 -6.6459183e-06 1 7.6293945e-06 0 0 0 1 0.75689268 0.65353948 5.9072744e-07 50.282738 -0.65353936 0.75689274 7.7979685e-06 1.9073486e-06 4.6491627e-06 -6.28829e-06 0.99999994 0 0 0 0 1 </float_array>
        <technique_common>
          <accessor count="11" offset="0" source="#B_L_Calf_matrix-output-array" stride="16">
            <param name="TRANSFORM" type="float4x4" />
          </accessor>
        </technique_common>
      </source>
      <source id="B_L_Calf_matrix-interpolation">
        <Name_array id="B_L_Calf_matrix-interpolation-array" count="11"> LINEAR LINEAR LINEAR LINEAR LINEAR LINEAR LINEAR LINEAR LINEAR LINEAR LINEAR </Name_array>
        <technique_common>
          <accessor source="#B_L_Calf_matrix-interpolation-array" count="11" stride="1">
            <param name="INTERPOLATION" type="name"></param>
          </accessor>
        </technique_common>
      </source>
      <source id="B_L_Clavicle_matrix-input" name="B_L_Clavicle_matrix-input">
        <float_array id="B_L_Clavicle_matrix-input-array" count="11"> 0 1 2 3 4 5 6 7 8 9 10 </float_array>
        <technique_common>
          <accessor count="11" offset="0" source="#B_L_Clavicle_matrix-input-array" stride="1">
            <param name="TIME" type="float" />
          </accessor>
        </technique_common>
      </source>
      <source id="B_L_Clavicle_matrix-output" name="B_L_Clavicle_matrix-output">
        <float_array id="B_L_Clavicle_matrix-output-array" count="176"> -0.017590642 -0.00078421831 0.99984497 17.736847 -0.17375694 -0.98478115 -0.0038293749 0.073140144 0.98463148 -0.17379735 0.017186642 5.0180168 0 0 0 1 0.32898602 -0.00071817631 0.94433457 17.736847 -0.40801817 -0.90194815 0.14145893 0.073143005 0.85163915 -0.43184367 -0.29702151 5.018013 0 0 0 1 0.34339386 -0.00071406364 0.93919122 17.736847 -0.41576034 -0.89679551 0.15133145 0.073141098 0.84215438 -0.44244477 -0.3082509 5.0180168 0 0 0 1 0.29755315 -0.0007267294 0.95470476 17.736839 -0.39038792 -0.9126671 0.1209776 0.073141098 0.87124002 -0.40870249 -0.27185076 5.0180168 0 0 0 1 0.24465582 -0.00074011087 0.96960998 17.736847 -0.35862991 -0.92915225 0.089781709 0.073141098 0.90084875 -0.36969662 -0.227588 5.0180206 0 0 0 1 0.19953749 -0.00074987102 0.97988993 17.736839 -0.32971421 -0.94174147 0.066419885 0.07314682 0.92275327 -0.33633682 -0.18816006 5.0180054 0 0 0 1 0.14494699 -0.00076083839 0.98943901 17.736847 -0.29280543 -0.95524216 0.042159747 0.073139191 0.94512188 -0.29582411 -0.13868235 5.0180206 0 0 0 1 0.088277206 -0.00077016663 0.99609554 17.736839 -0.25262481 -0.96732259 0.021640535 0.073143005 0.96352875 -0.25354892 -0.085587248 5.0180092 0 0 0 1 0.037182331 -0.00077787775 0.99930817 17.736847 -0.2150785 -0.97656977 0.007242478 0.073141098 0.97588873 -0.21519896 -0.036478516 5.018013 0 0 0 1 -0.00063920027 -0.00078223657 0.99999964 17.736862 -0.18664519 -0.98242712 -0.0008877815 0.073139668 0.98242736 -0.18664567 0.00048190361 5.0180225 0 0 0 1 -0.017590642 -0.00078421831 0.99984497 17.736847 -0.17375694 -0.98478115 -0.0038293749 0.073140144 0.98463148 -0.17379735 0.017186642 5.0180182 0 0 0 1 </float_array>
        <technique_common>
          <accessor count="11" offset="0" source="#B_L_Clavicle_matrix-output-array" stride="16">
            <param name="TRANSFORM" type="float4x4" />
          </accessor>
        </technique_common>
      </source>
      <source id="B_L_Clavicle_matrix-interpolation">
        <Name_array id="B_L_Clavicle_matrix-interpolation-array" count="11"> LINEAR LINEAR LINEAR LINEAR LINEAR LINEAR LINEAR LINEAR LINEAR LINEAR LINEAR </Name_array>
        <technique_common>
          <accessor source="#B_L_Clavicle_matrix-interpolation-array" count="11" stride="1">
            <param name="INTERPOLATION" type="name"></param>
          </accessor>
        </technique_common>
      </source>
      <source id="B_L_Finger0_matrix-input" name="B_L_Finger0_matrix-input">
        <float_array id="B_L_Finger0_matrix-input-array" count="11"> 0 1 2 3 4 5 6 7 8 9 10 </float_array>
        <technique_common>
          <accessor count="11" offset="0" source="#B_L_Finger0_matrix-input-array" stride="1">
            <param name="TIME" type="float" />
          </accessor>
        </technique_common>
      </source>
      <source id="B_L_Finger0_matrix-output" name="B_L_Finger0_matrix-output">
        <float_array id="B_L_Finger0_matrix-output-array" count="176"> 0.80900657 0.13246359 0.57267952 1.4603119 0.1558325 0.89108133 -0.42625141 1.9355392 -0.5667668 0.43408218 0.70024866 -2.4376564 0 0 0 1 0.80900645 0.13246363 0.57267964 1.4603271 0.15583244 0.89108151 -0.42625144 1.9355392 -0.56676674 0.43408221 0.70024884 -2.4376526 0 0 0 1 0.80900669 0.13246363 0.57267946 1.4603424 0.15583238 0.89108139 -0.42625144 1.9355392 -0.56676668 0.43408215 0.70024884 -2.437645 0 0 0 1 0.80900675 0.13246375 0.57267964 1.4603424 0.15583244 0.89108163 -0.42625153 1.9355392 -0.56676692 0.43408227 0.70024878 -2.4376526 0 0 0 1 0.80900657 0.13246351 0.5726794 1.4603271 0.15583256 0.89108115 -0.42625129 1.9355469 -0.5667668 0.43408215 0.70024854 -2.4376526 0 0 0 1 0.80900657 0.13246375 0.57267964 1.4603271 0.15583241 0.89108163 -0.42625153 1.9355392 -0.5667668 0.43408227 0.70024878 -2.4376526 0 0 0 1 0.80900633 0.13246371 0.57267964 1.4603424 0.15583242 0.89108133 -0.42625138 1.9355469 -0.56676686 0.43408209 0.70024854 -2.4376526 0 0 0 1 0.80900639 0.13246368 0.5726797 1.4603271 0.15583251 0.89108151 -0.42625144 1.9355469 -0.56676686 0.43408227 0.70024866 -2.4376526 0 0 0 1 0.80900657 0.13246365 0.57267952 1.4603424 0.15583245 0.89108139 -0.42625141 1.9355469 -0.5667668 0.43408221 0.70024866 -2.4376564 0 0 0 1 0.80900657 0.13246372 0.5726797 1.4603271 0.15583242 0.89108139 -0.42625138 1.9355392 -0.56676698 0.43408209 0.70024866 -2.4376564 0 0 0 1 0.80900657 0.13246359 0.57267952 1.4603119 0.1558325 0.89108133 -0.42625141 1.9355469 -0.5667668 0.43408218 0.70024866 -2.4376564 0 0 0 1 </float_array>
        <technique_common>
          <accessor count="11" offset="0" source="#B_L_Finger0_matrix-output-array" stride="16">
            <param name="TRANSFORM" type="float4x4" />
          </accessor>
        </technique_common>
      </source>
      <source id="B_L_Finger0_matrix-interpolation">
        <Name_array id="B_L_Finger0_matrix-interpolation-array" count="11"> LINEAR LINEAR LINEAR LINEAR LINEAR LINEAR LINEAR LINEAR LINEAR LINEAR LINEAR </Name_array>
        <technique_common>
          <accessor source="#B_L_Finger0_matrix-interpolation-array" count="11" stride="1">
            <param name="INTERPOLATION" type="name"></param>
          </accessor>
        </technique_common>
      </source>
      <source id="B_L_Finger01_matrix-input" name="B_L_Finger01_matrix-input">
        <float_array id="B_L_Finger01_matrix-input-array" count="11"> 0 1 2 3 4 5 6 7 8 9 10 </float_array>
        <technique_common>
          <accessor count="11" offset="0" source="#B_L_Finger01_matrix-input-array" stride="1">
            <param name="TIME" type="float" />
          </accessor>
        </technique_common>
      </source>
      <source id="B_L_Finger01_matrix-output" name="B_L_Finger01_matrix-output">
        <float_array id="B_L_Finger01_matrix-output-array" count="176"> 0.8029933 -0.59598821 1.1348606e-07 3.7139969 0.59598827 0.80299318 4.7116252e-08 1.9073486e-06 -1.1920929e-07 2.9802322e-08 0.99999988 -3.0517578e-05 0 0 0 1 0.8029933 -0.59598815 -1.7761828e-08 3.7140083 0.59598827 0.80299306 2.3931054e-08 0 8.8817853e-16 -2.9802322e-08 0.99999958 -3.0517578e-05 0 0 0 1 0.8029933 -0.59598821 5.9081778e-08 3.7139931 0.59598827 0.80299318 -1.0460513e-07 3.8146973e-06 1.4901163e-08 1.1920929e-07 0.99999964 -3.0517578e-05 0 0 0 1 0.80299324 -0.59598815 -3.5523652e-08 3.7139969 0.59598815 0.80299324 4.7862112e-08 -3.8146973e-06 1.7763568e-15 -5.9604645e-08 0.9999997 -3.0517578e-05 0 0 0 1 0.80299318 -0.59598809 1.5143375e-08 3.7140045 0.59598809 0.80299318 4.835357e-08 7.6293945e-06 -4.097819e-08 -2.9802322e-08 0.99999976 -1.5258789e-05 0 0 0 1 0.802993 -0.59598833 -8.6190695e-08 3.7139969 0.59598833 0.802993 4.7370644e-08 0 4.0978183e-08 -8.9406967e-08 0.99999976 -3.0517578e-05 0 0 0 1 0.802993 -0.59598827 -1.0488683e-07 3.7140045 0.59598833 0.80299294 3.3494224e-08 -7.6293945e-06 6.4261243e-08 -8.9406967e-08 0.99999976 -3.0517578e-05 0 0 0 1 0.8029933 -0.59598821 -1.5461954e-07 3.7140045 0.59598827 0.80299318 7.0810259e-08 3.8146973e-06 8.1956394e-08 -1.4901161e-07 0.99999976 -1.5258789e-05 0 0 0 1 0.80299306 -0.59598827 -4.1692886e-08 3.7139969 0.59598821 0.80299318 6.1692225e-09 0 2.9802322e-08 -2.9802322e-08 0.9999997 -1.5258789e-05 0 0 0 1 0.80299318 -0.59598827 -8.4131578e-08 3.7139893 0.59598839 0.80299294 -1.3667128e-07 3.8146973e-06 1.4901161e-07 5.9604645e-08 0.99999976 -3.0517578e-05 0 0 0 1 0.8029933 -0.59598821 1.1348606e-07 3.7139969 0.59598827 0.80299318 4.7116252e-08 0 -1.1920929e-07 2.9802322e-08 0.99999988 -3.0517578e-05 0 0 0 1 </float_array>
        <technique_common>
          <accessor count="11" offset="0" source="#B_L_Finger01_matrix-output-array" stride="16">
            <param name="TRANSFORM" type="float4x4" />
          </accessor>
        </technique_common>
      </source>
      <source id="B_L_Finger01_matrix-interpolation">
        <Name_array id="B_L_Finger01_matrix-interpolation-array" count="11"> LINEAR LINEAR LINEAR LINEAR LINEAR LINEAR LINEAR LINEAR LINEAR LINEAR LINEAR </Name_array>
        <technique_common>
          <accessor source="#B_L_Finger01_matrix-interpolation-array" count="11" stride="1">
            <param name="INTERPOLATION" type="name"></param>
          </accessor>
        </technique_common>
      </source>
      <source id="B_L_Finger02_matrix-input" name="B_L_Finger02_matrix-input">
        <float_array id="B_L_Finger02_matrix-input-array" count="11"> 0 1 2 3 4 5 6 7 8 9 10 </float_array>
        <technique_common>
          <accessor count="11" offset="0" source="#B_L_Finger02_matrix-input-array" stride="1">
            <param name="TIME" type="float" />
          </accessor>
        </technique_common>
      </source>
      <source id="B_L_Finger02_matrix-output" name="B_L_Finger02_matrix-output">
        <float_array id="B_L_Finger02_matrix-output-array" count="176"> 0.55218488 -0.83372194 -1.4908106e-07 5.5299377 0.83372211 0.55218476 9.8738319e-08 1.5258789e-05 0 -1.7881392e-07 1.0000001 3.0517578e-05 0 0 0 1 0.55218476 -0.83372182 2.4684574e-08 5.5299339 0.83372205 0.55218458 3.7270262e-08 7.6293945e-06 -4.4703487e-08 1.7763567e-15 1 1.5258789e-05 0 0 0 1 0.55218482 -0.83372194 -2.5171374e-08 5.5299397 0.833722 0.55218476 1.2390966e-07 7.6293945e-06 -8.940696e-08 -8.9406953e-08 1 3.0517578e-05 0 0 0 1 0.55218494 -0.83372188 6.6150065e-08 5.5299406 0.83372194 0.55218488 -8.0659355e-09 7.6293945e-06 -2.9802321e-08 5.9604641e-08 1 4.5776367e-05 0 0 0 1 0.55218494 -0.83372176 -1.1987673e-07 5.529932 0.83372194 0.55218482 7.9036804e-09 0 5.9604641e-08 -1.0430812e-07 1.0000001 3.0517578e-05 0 0 0 1 0.55218494 -0.83372188 -4.0329651e-09 5.5299368 0.83372194 0.55218488 -3.3075032e-08 7.6293945e-06 2.9802322e-08 1.4901161e-08 1 1.5258789e-05 0 0 0 1 0.55218488 -0.83372188 3.258824e-08 5.5299301 0.83372188 0.55218488 1.5714699e-07 1.5258789e-05 -1.490116e-07 -5.9604652e-08 1 3.0517578e-05 0 0 0 1 0.55218482 -0.8337217 -2.4522311e-08 5.5299301 0.833722 0.55218464 -9.099692e-08 1.5258789e-05 8.9406974e-08 2.9802322e-08 1 1.5258789e-05 0 0 0 1 0.55218494 -0.83372176 1.6456385e-08 5.5299416 0.83372194 0.55218482 2.4846837e-08 7.6293945e-06 -2.9802321e-08 0 1 1.5258789e-05 0 0 0 1 0.55218512 -0.83372152 9.8576102e-08 5.5299416 0.83372194 0.55218488 2.0280768e-07 7.6293945e-06 -2.2351745e-07 -2.9802326e-08 1.0000001 1.5258789e-05 0 0 0 1 0.55218488 -0.83372194 -1.4908106e-07 5.5299301 0.83372211 0.55218476 9.8738319e-08 7.6293945e-06 0 -1.7881392e-07 1.0000001 3.0517578e-05 0 0 0 1 </float_array>
        <technique_common>
          <accessor count="11" offset="0" source="#B_L_Finger02_matrix-output-array" stride="16">
            <param name="TRANSFORM" type="float4x4" />
          </accessor>
        </technique_common>
      </source>
      <source id="B_L_Finger02_matrix-interpolation">
        <Name_array id="B_L_Finger02_matrix-interpolation-array" count="11"> LINEAR LINEAR LINEAR LINEAR LINEAR LINEAR LINEAR LINEAR LINEAR LINEAR LINEAR </Name_array>
        <technique_common>
          <accessor source="#B_L_Finger02_matrix-interpolation-array" count="11" stride="1">
            <param name="INTERPOLATION" type="name"></param>
          </accessor>
        </technique_common>
      </source>
      <source id="B_L_Finger1_matrix-input" name="B_L_Finger1_matrix-input">
        <float_array id="B_L_Finger1_matrix-input-array" count="11"> 0 1 2 3 4 5 6 7 8 9 10 </float_array>
        <technique_common>
          <accessor count="11" offset="0" source="#B_L_Finger1_matrix-input-array" stride="1">
            <param name="TIME" type="float" />
          </accessor>
        </technique_common>
      </source>
      <source id="B_L_Finger1_matrix-output" name="B_L_Finger1_matrix-output">
        <float_array id="B_L_Finger1_matrix-output-array" count="176"> 0.272549 -0.95552635 0.11263385 11.625458 0.92804104 0.23019092 -0.29283461 3.1205368 0.25388399 0.1843406 0.94950581 -3.0983505 0 0 0 1 0.27254903 -0.95552665 0.11263378 11.625458 0.92804116 0.23019099 -0.29283464 3.1205292 0.25388405 0.18434061 0.94950581 -3.0983429 0 0 0 1 0.27254903 -0.95552665 0.11263384 11.625473 0.92804116 0.23019099 -0.29283464 3.1205444 0.25388405 0.18434067 0.94950575 -3.0983505 0 0 0 1 0.27254906 -0.95552677 0.11263388 11.625458 0.92804128 0.23019102 -0.29283464 3.1205444 0.25388405 0.18434072 0.94950587 -3.0983505 0 0 0 1 0.27254894 -0.95552653 0.11263393 11.625458 0.9280408 0.2301909 -0.29283467 3.1205444 0.25388399 0.18434073 0.94950569 -3.0983505 0 0 0 1 0.27254903 -0.95552647 0.11263388 11.625443 0.92804122 0.23019096 -0.29283461 3.1205368 0.25388396 0.18434064 0.94950593 -3.0983543 0 0 0 1 0.27254894 -0.95552653 0.11263384 11.625458 0.92804086 0.23019096 -0.2928347 3.1205292 0.25388399 0.18434063 0.94950593 -3.0983543 0 0 0 1 0.272549 -0.95552647 0.11263385 11.625458 0.9280411 0.23019096 -0.29283458 3.1205521 0.25388393 0.1843406 0.94950593 -3.0983505 0 0 0 1 0.27254912 -0.95552647 0.11263384 11.625473 0.9280411 0.23019108 -0.29283455 3.1205444 0.2538839 0.18434067 0.94950575 -3.0983543 0 0 0 1 0.272549 -0.95552665 0.11263382 11.625458 0.92804104 0.23019099 -0.29283473 3.1205368 0.25388405 0.18434064 0.94950593 -3.0983543 0 0 0 1 0.272549 -0.95552635 0.11263386 11.625458 0.92804104 0.23019092 -0.29283464 3.1205368 0.25388399 0.18434063 0.94950581 -3.0983505 0 0 0 1 </float_array>
        <technique_common>
          <accessor count="11" offset="0" source="#B_L_Finger1_matrix-output-array" stride="16">
            <param name="TRANSFORM" type="float4x4" />
          </accessor>
        </technique_common>
      </source>
      <source id="B_L_Finger1_matrix-interpolation">
        <Name_array id="B_L_Finger1_matrix-interpolation-array" count="11"> LINEAR LINEAR LINEAR LINEAR LINEAR LINEAR LINEAR LINEAR LINEAR LINEAR LINEAR </Name_array>
