<?xml version="1.0" encoding="UTF-8" standalone="no" ?>
<COLLADA xmlns="http://www.collada.org/2005/11/COLLADASchema" version="1.4.1">
  <asset>
    <contributor>
      <author>Assimp</author>
      <authoring_tool>FBX SDK/FBX Plugins version 2013.1</authoring_tool>
    </contributor>
    <created>2020-08-21T10:31:49</created>
    <modified>2020-08-21T10:31:49</modified>
    <unit name="meter" meter="1" />
    <up_axis>Y_UP</up_axis>
  </asset>
  <library_geometries>
  </library_geometries>
  <library_controllers>
  </library_controllers>
  <library_visual_scenes>
    <visual_scene id="RootNode" name="RootNode">
      <node id="Motion_aAssimpFbxa_Translation"  name="Motion_$AssimpFbx$_Translation" type="NODE">
        <matrix sid="matrix">1 0 0 9.92585e-07 0 1 0 0 0 0 1 -0.17328988 0 0 0 1</matrix>
        <node id="Motion_aAssimpFbxa_PreRotation"  name="Motion_$AssimpFbx$_PreRotation" type="NODE">
          <matrix sid="matrix">1 0 0 0 0 -4.3711388e-08 1 0 0 -1 -4.3711388e-08 0 0 0 0 1</matrix>
          <node id="Motion_aAssimpFbxa_Rotation"  name="Motion_$AssimpFbx$_Rotation" type="NODE">
            <matrix sid="matrix">1.3868001e-06 1 0 0 -1 1.3868001e-06 0 0 0 0 1 0 0 0 0 1</matrix>
            <node id="Motion_aAssimpFbxa_Scaling"  name="Motion_$AssimpFbx$_Scaling" type="NODE">
              <matrix sid="matrix">1 0 0 0 0 1 0 0 0 0 1 0 0 0 0 1</matrix>
              <node id="Motion"  name="Motion" type="NODE">
                <matrix sid="matrix">1 0 0 0 0 1 0 0 0 0 1 0 0 0 0 1</matrix>
                <node id="B_Pelvis"  name="B_Pelvis" type="NODE">
                  <matrix sid="matrix">-0.2496177 0.46205533 0.85099697 -2.3046482 -9.303937e-07 -0.87881649 0.47715986 2.700002 0.96834445 0.11910675 0.21936858 161.16151 0 0 0 1</matrix>
                  <node id="B_Spine"  name="B_Spine" type="NODE">
                    <matrix sid="matrix">0.98793238 0.014972005 -0.15416026 7.6766205 0.020636253 0.97371936 0.22681433 -1.6268501 0.1535047 -0.22725852 0.96165997 0.0023155212 0 0 0 1</matrix>
                    <node id="B_Spine1"  name="B_Spine1" type="NODE">
                      <matrix sid="matrix">0.99162978 -0.056458987 -0.1161155 12.748199 0.056751244 0.99838799 -0.00079020206 -0.014259338 0.11597295 -0.0058061122 0.99323541 8.1062317e-05 0 0 0 1</matrix>
                      <node id="B_Spine2"  name="B_Spine2" type="NODE">
                        <matrix sid="matrix">0.99019593 -0.080596603 -0.11408857 17.93631 0.081947803 0.99661064 0.0071956888 -0.026389599 0.11312193 -0.016474448 0.99344456 0.00041675568 0 0 0 1</matrix>
                        <node id="B_L_Clavicle"  name="B_L_Clavicle" type="NODE">
                          <matrix sid="matrix">-0.017590661 -0.00078421831 0.99984497 17.736862 -0.17375694 -0.98478115 -0.0038293824 0.073139191 0.98463148 -0.17379735 0.017186686 5.0180168 0 0 0 1</matrix>
                          <node id="B_L_UpperArm"  name="B_L_UpperArm" type="NODE">
                            <matrix sid="matrix">0.68708682 0.3874937 0.61462212 17.464663 -0.57618237 0.80592448 0.13601319 5.7220459e-06 -0.4426347 -0.44758728 0.77700716 0 0 0 0 1</matrix>
                            <node id="B_L_Forearm"  name="B_L_Forearm" type="NODE">
                              <matrix sid="matrix">0.17074057 0.98103976 0.091698527 27.628174 -0.98531604 0.16999958 0.015889596 -1.5258789e-05 -3.8743016e-07 -0.093065023 0.99566001 -1.5258789e-05 0 0 0 1</matrix>
                              <node id="B_L_ForeArmTwist"  name="B_L_ForeArmTwist" type="NODE">
                                <matrix sid="matrix">1 2.4962064e-08 -2.6705669e-07 11.992638 0 0.99566001 0.093065374 -7.6293945e-06 2.6822076e-07 -0.093065374 0.99566001 1.5258789e-05 0 0 0 1</matrix>
                                <node id="B_L_Hand"  name="B_L_Hand" type="NODE">
                                  <matrix sid="matrix">0.96226168 -0.26206899 0.073295981 11.992645 -0.094868518 -0.070617899 0.99298191 7.6293945e-06 -0.25505373 -0.96246189 -0.092814989 0 0 0 0 1</matrix>
                                  <node id="B_L_Finger0"  name="B_L_Finger0" type="NODE">
                                    <matrix sid="matrix">0.80900657 0.13246357 0.57267952 1.4603233 0.15583259 0.89108139 -0.42625135 1.9355316 -0.5667668 0.43408227 0.70024854 -2.4376678 0 0 0 1</matrix>
                                    <node id="B_L_Finger01"  name="B_L_Finger01" type="NODE">
                                      <matrix sid="matrix">0.80299318 -0.59598821 -3.8514056e-08 3.7139969 0.59598821 0.80299318 -2.8585452e-08 1.5258789e-05 4.7963116e-08 0 1 -2.6702881e-05 0 0 0 1</matrix>
                                      <node id="B_L_Finger02"  name="B_L_Finger02" type="NODE">
                                        <matrix sid="matrix">0.5521847 -0.83372182 -5.1872448e-08 5.5299358 0.83372182 0.5521847 7.0101905e-08 3.0517578e-05 -2.9802317e-08 -8.1956387e-08 1 2.6702881e-05 0 0 0 1</matrix>
                                      </node>
                                    </node>
                                  </node>
                                  <node id="B_L_Finger1"  name="B_L_Finger1" type="NODE">
                                    <matrix sid="matrix">0.27254894 -0.95552641 0.11263381 11.625462 0.92804092 0.23019093 -0.29283467 3.1205444 0.25388399 0.18434057 0.94950593 -3.0983582 0 0 0 1</matrix>
                                    <node id="B_L_Finger11"  name="B_L_Finger11" type="NODE">
                                      <matrix sid="matrix">-0.25881925 -0.96592575 3.4433423e-08 4.4568329 0.96592575 -0.25881925 1.0178732e-07 0 -8.9406967e-08 5.9604652e-08 1 1.5258789e-05 0 0 0 1</matrix>
                                      <node id="B_L_Finger12"  name="B_L_Finger12" type="NODE">
                                        <matrix sid="matrix">0.57357562 -0.81915259 2.0384815e-07 3.3311615 0.81915259 0.57357562 -1.2454475e-07 -1.5258789e-05 -1.490116e-08 2.3841858e-07 1 -2.2888184e-05 0 0 0 1</matrix>
                                      </node>
                                    </node>
                                  </node>
                                  <node id="B_L_Finger2"  name="B_L_Finger2" type="NODE">
                                    <matrix sid="matrix">0.2580848 -0.96503466 0.045829065 11.814075 0.96096498 0.25152335 -0.11524855 2.4380951 0.099691771 0.073784031 0.99227893 0.83570862 0 0 0 1</matrix>
                                    <node id="B_L_Finger21"  name="B_L_Finger21" type="NODE">
                                      <matrix sid="matrix">-0.62068564 -0.78405952 5.7922392e-07 5.1996307 0.78405952 -0.62068564 3.6558049e-08 1.5258789e-05 3.3085226e-07 4.7683707e-07 1 3.0517578e-05 0 0 0 1</matrix>
                                      <node id="B_L_Finger22"  name="B_L_Finger22" type="NODE">
                                        <matrix sid="matrix">0.44828618 -0.89389008 5.3439884e-08 5.1996231 0.89389008 0.44828618 1.0656002e-07 1.5258789e-05 -1.192093e-07 0 1 -7.6293945e-06 0 0 0 1</matrix>
                                      </node>
                                    </node>
                                  </node>
                                  <node id="B_L_Finger3"  name="B_L_Finger3" type="NODE">
                                    <matrix sid="matrix">0.13847044 -0.99036652 0.00029713224 11.81406 0.99036658 0.13847046 5.9415124e-05 1.9342346 -9.9986792e-05 0.0002860426 0.99999994 4.600235 0 0 0 1</matrix>
                                    <node id="B_L_Finger31"  name="B_L_Finger31" type="NODE">
                                      <matrix sid="matrix">-0.058766864 -0.99827176 -1.1532311e-06 4.4568024 0.99827176 -0.058766864 -1.2023379e-06 7.6293945e-06 1.1324881e-06 -1.2218956e-06 1 1.5258789e-05 0 0 0 1</matrix>
                                      <node id="B_L_Finger32"  name="B_L_Finger32" type="NODE">
                                        <matrix sid="matrix">-0.058766745 -0.99827176 -1.88911e-06 4.4567795 0.99827176 -0.058766745 -1.6337583e-06 -1.5258789e-05 1.5199179e-06 -1.9818558e-06 1 0 0 0 0 1</matrix>
                                      </node>
                                    </node>
                                  </node>
                                  <node id="B_L_Finger4"  name="B_L_Finger4" type="NODE">
                                    <matrix sid="matrix">0.14714384 -0.98122936 -0.12465005 11.857189 0.98368686 0.15835436 -0.085346818 4.052887 0.10348368 -0.11005837 0.9885233 6.5145416 0 0 0 1</matrix>
                                    <node id="B_L_Finger41"  name="B_L_Finger41" type="NODE">
                                      <matrix sid="matrix">-0.18123157 -0.98344046 -2.1726601e-06 3.327652 0.98344046 -0.18123157 -3.8323292e-06 1.5258789e-05 3.375113e-06 -2.8312209e-06 1 7.6293945e-06 0 0 0 1</matrix>
                                      <node id="B_L_Finger42"  name="B_L_Finger42" type="NODE">
                                        <matrix sid="matrix">0.0019773988 -0.99999803 -2.2937468e-06 3.3276634 0.99999803 0.0019773988 -3.2439245e-06 -3.0517578e-05 3.2484538e-06 -2.2873278e-06 1 -1.5258789e-05 0 0 0 1</matrix>
                                      </node>
                                    </node>
                                  </node>
                                </node>
                              </node>
                            </node>
                          </node>
                        </node>
                        <node id="B_R_Clavicle"  name="B_R_Clavicle" type="NODE">
                          <matrix sid="matrix">-0.10452852 -0.00079600839 -0.9945215 17.736847 0.00023395466 -0.99999964 0.00077580335 0.074661255 -0.99452186 -0.00015157938 0.10452867 -5.0179596 0 0 0 1</matrix>
                          <node id="B_R_UpperArm"  name="B_R_UpperArm" type="NODE">
                            <matrix sid="matrix">0.27306125 0.25117812 -0.92862648 17.464647 -0.6181103 0.78549135 0.030708045 1.9073486e-05 0.73714125 0.56560838 0.36974305 -1.5258789e-05 0 0 0 1</matrix>
                            <node id="B_R_Forearm"  name="B_R_Forearm" type="NODE">
                              <matrix sid="matrix">0.3198477 0.94746888 -0.00025373127 27.628189 -0.94746894 0.31984767 -8.5576263e-05 7.6293945e-06 7.4505834e-08 0.00026777387 0.99999994 0 0 0 0 1</matrix>
                              <node id="B_R_ForeArmTwist"  name="B_R_ForeArmTwist" type="NODE">
                                <matrix sid="matrix">1 5.9614614e-08 3.7236941e-08 11.992626 -5.9604645e-08 0.99999994 -0.00026771435 0 -3.7252903e-08 0.00026771435 0.99999994 7.6293945e-06 0 0 0 1</matrix>
                                <node id="B_R_Hand"  name="B_R_Hand" type="NODE">
                                  <matrix sid="matrix">0.91348934 -0.2160496 -0.34476057 11.992661 -0.33556631 0.079089627 -0.9386906 -1.5258789e-05 0.23007073 0.97317386 -0.0002514392 -2.2888184e-05 0 0 0 1</matrix>
                                  <node id="B_R_Finger0"  name="B_R_Finger0" type="NODE">
                                    <matrix sid="matrix">0.80900663 0.13246363 -0.5726794 1.4603195 0.15583239 0.89108145 0.42625132 1.9355316 0.56676674 -0.43408212 0.70024866 2.4376602 0 0 0 1</matrix>
                                    <node id="B_R_Finger01"  name="B_R_Finger01" type="NODE">
                                      <matrix sid="matrix">0.80299306 -0.59598833 -3.6046359e-07 3.7140198 0.59598833 0.80299306 -1.19083e-07 -1.5258789e-05 3.6042186e-07 -1.1920928e-07 1 3.8146973e-06 0 0 0 1</matrix>
                                      <node id="B_R_Finger02"  name="B_R_Finger02" type="NODE">
                                        <matrix sid="matrix">0.55218488 -0.8337217 2.4197266e-07 5.5299397 0.8337217 0.55218488 -6.6428129e-08 0 -7.8231082e-08 2.3841847e-07 1 2.4795532e-05 0 0 0 1</matrix>
                                      </node>
                                    </node>
                                  </node>
                                  <node id="B_R_Finger1"  name="B_R_Finger1" type="NODE">
                                    <matrix sid="matrix">0.27254847 -0.95552653 -0.11263397 11.625458 0.92804098 0.2301904 0.29283479 3.1205597 -0.25388414 -0.18434063 0.94950587 3.0983505 0 0 0 1</matrix>
                                    <node id="B_R_Finger11"  name="B_R_Finger11" type="NODE">
                                      <matrix sid="matrix">-0.25881937 -0.96592575 -1.1308047e-07 4.45681 0.96592575 -0.25881937 -1.5371441e-07 0 1.1920929e-07 -1.490116e-07 1 7.6293945e-06 0 0 0 1</matrix>
                                      <node id="B_R_Finger12"  name="B_R_Finger12" type="NODE">
                                        <matrix sid="matrix">0.57357585 -0.81915247 2.83227e-07 3.3311462 0.81915247 0.57357585 9.2737814e-08 -1.5258789e-05 -2.3841856e-07 1.7881391e-07 1 -2.2888184e-05 0 0 0 1</matrix>
                                      </node>
                                    </node>
                                  </node>
                                  <node id="B_R_Finger2"  name="B_R_Finger2" type="NODE">
                                    <matrix sid="matrix">0.25808468 -0.96503472 -0.045829311 11.814049 0.9609651 0.25152323 0.11524817 2.4381256 -0.099691339 -0.073784158 0.99227899 -0.83572388 0 0 0 1</matrix>
                                    <node id="B_R_Finger21"  name="B_R_Finger21" type="NODE">
                                      <matrix sid="matrix">-0.62068546 -0.7840597 -1.4117861e-08 5.1995773 0.7840597 -0.62068546 -3.0181265e-08 -1.5258789e-05 1.4901161e-08 -2.9802315e-08 1 -1.5258789e-05 0 0 0 1</matrix>
                                      <node id="B_R_Finger22"  name="B_R_Finger22" type="NODE">
                                        <matrix sid="matrix">0.44828629 -0.89389002 -9.335993e-08 5.1996078 0.89389002 0.44828629 -5.3200065e-08 -1.5258789e-05 8.9406988e-08 -5.9604652e-08 1 1.5258789e-05 0 0 0 1</matrix>
                                      </node>
                                    </node>
                                  </node>
                                  <node id="B_R_Finger3"  name="B_R_Finger3" type="NODE">
                                    <matrix sid="matrix">0.13847044 -0.99036652 -0.0002983624 11.814056 0.99036658 0.13847046 -5.9604215e-05 1.9342651 0.0001003444 -0.00028723472 0.99999994 -4.6002731 0 0 0 1</matrix>
                                    <node id="B_R_Finger31"  name="B_R_Finger31" type="NODE">
                                      <matrix sid="matrix">-0.058766745 -0.99827176 7.0009918e-08 4.4567871 0.99827176 -0.058766745 -1.7500213e-07 -1.5258789e-05 1.7881392e-07 5.960462e-08 1 0 0 0 0 1</matrix>
                                      <node id="B_R_Finger32"  name="B_R_Finger32" type="NODE">
                                        <matrix sid="matrix">-0.058766864 -0.99827176 6.6152342e-07 4.4568176 0.99827176 -0.058766864 -8.0472759e-08 1.5258789e-05 1.1920933e-07 6.5565098e-07 1 0 0 0 0 1</matrix>
                                      </node>
                                    </node>
                                  </node>
                                  <node id="B_R_Finger4"  name="B_R_Finger4" type="NODE">
                                    <matrix sid="matrix">0.14714384 -0.98122966 0.12464781 11.857224 0.98368686 0.15835415 0.085347012 4.0529022 -0.10348351 0.11005612 0.98852354 -6.5145645 0 0 0 1</matrix>
                                    <node id="B_R_Finger41"  name="B_R_Finger41" type="NODE">
                                      <matrix sid="matrix">-0.18123123 -0.98344052 2.3828218e-07 3.3276749 0.98344052 -0.18123123 6.8029851e-07 2.2888184e-05 -6.2584894e-07 3.5762767e-07 1 2.2888184e-05 0 0 0 1</matrix>
                                      <node id="B_R_Finger42"  name="B_R_Finger42" type="NODE">
                                        <matrix sid="matrix">0.0019769219 -0.99999803 2.3965524e-07 3.3277054 0.99999803 0.0019769219 6.2537629e-07 3.0517578e-05 -6.2584888e-07 2.3841845e-07 1 0 0 0 0 1</matrix>
                                      </node>
                                    </node>
                                  </node>
                                </node>
                              </node>
                            </node>
                          </node>
                        </node>
                        <node id="B_Neck"  name="B_Neck" type="NODE">
                          <matrix sid="matrix">0.9745459 -0.20556864 -0.089452885 27.039764 0.20928556 0.97725385 0.034271039 1.128231 0.080373123 -0.0521199 0.99540126 0.00061416626 0 0 0 1</matrix>
                          <node id="B_Head"  name="B_Head" type="NODE">
                            <matrix sid="matrix">0.97410887 0.18916328 -0.1238111 10.019318 -0.22530025 0.85766858 -0.46221697 1.4083099 0.01875441 0.47814429 0.87808102 0 0 0 0 1</matrix>
                          </node>
                        </node>
                      </node>
                    </node>
                  </node>
                  <node id="B_L_Thigh"  name="B_L_Thigh" type="NODE">
                    <matrix sid="matrix">-0.6639297 0.65491199 -0.36095384 0 0.68413299 0.72685081 0.060415298 1.9073486e-05 0.30192629 -0.20682892 -0.93062472 11.161457 0 0 0 1</matrix>
                    <node id="B_L_Calf"  name="B_L_Calf" type="NODE">
                      <matrix sid="matrix">-0.64454401 0.7645672 7.3412821e-07 50.282734 -0.7645672 -0.64454401 6.4656106e-06 7.6293945e-06 5.4165721e-06 3.6060806e-06 1 0 0 0 0 1</matrix>
                      <node id="B_L_Foot"  name="B_L_Foot" type="NODE">
                        <matrix sid="matrix">0.87371993 -0.46167299 -0.15320374 39.728127 0.25424722 0.70194364 -0.66530704 0 0.41469473 0.54234046 0.73068124 0 0 0 0 1</matrix>
                        <node id="B_L_Toe0"  name="B_L_Toe0" type="NODE">
                          <matrix sid="matrix">-4.3711388e-08 -1 -9.6857548e-08 18.214447 1 -4.3711388e-08 -4.2337777e-15 14.545959 0 -9.6857548e-08 1 0.020650864 0 0 0 1</matrix>
                        </node>
                      </node>
                    </node>
                  </node>
                  <node id="B_R_Thigh"  name="B_R_Thigh" type="NODE">
                    <matrix sid="matrix">-0.80727434 0.56150854 0.18170391 0 0.31843653 0.67363518 -0.66694361 -1.1444092e-05 -0.49689668 -0.48054531 -0.72261322 -11.161446 0 0 0 1</matrix>
                    <node id="B_R_Calf"  name="B_R_Calf" type="NODE">
                      <matrix sid="matrix">0.50536251 0.86290711 -3.1219997e-08 50.282761 -0.86290711 0.50536251 -4.7455505e-06 0 -4.079192e-06 2.4251633e-06 1 -1.4305115e-06 0 0 0 1</matrix>
                      <node id="B_R_Foot"  name="B_R_Foot" type="NODE">
                        <matrix sid="matrix">0.97364593 0.22759505 0.014634083 39.728134 -0.22806017 0.97203803 0.055952728 -5.7220459e-06 -0.0014903212 -0.057815593 0.99832612 4.2915344e-06 0 0 0 1</matrix>
                        <node id="B_R_Toe0"  name="B_R_Toe0" type="NODE">
                          <matrix sid="matrix">0.00031824509 -0.99999994 -0.00010426797 18.214439 0.99999994 0.00031825391 -8.4486208e-05 14.545956 8.4519386e-05 -0.00010424108 1 -0.020651817 0 0 0 1</matrix>
                        </node>
                      </node>
                    </node>
                  </node>
                </node>
              </node>
            </node>
          </node>
        </node>
      </node>
      <node id="Exporter_aAssimpFbxa_PreRotation"  name="Exporter_$AssimpFbx$_PreRotation" type="NODE">
        <matrix sid="matrix">1 0 0 0 0 -4.3711388e-08 1 0 0 -1 -4.3711388e-08 0 0 0 0 1</matrix>
        <node id="Exporter"  name="Exporter" type="NODE">
          <matrix sid="matrix">1 0 0 0 0 1 0 0 0 0 1 0 0 0 0 1</matrix>
        </node>
      </node>
    </visual_scene>
  </library_visual_scenes>
  <library_animations>
    <animation id="TakeW001AnimId0" name="Take 001">
      <source id="B_Head_matrix-input" name="B_Head_matrix-input">
        <float_array id="B_Head_matrix-input-array" count="15"> 0 1 2 3 4 5 6 7 8 9 10 11 12 13 14 </float_array>
        <technique_common>
          <accessor count="15" offset="0" source="#B_Head_matrix-input-array" stride="1">
            <param name="TIME" type="float" />
          </accessor>
        </technique_common>
      </source>
      <source id="B_Head_matrix-output" name="B_Head_matrix-output">
        <float_array id="B_Head_matrix-output-array" count="240"> 0.97410876 0.1891633 -0.1238111 10.019318 -0.22530022 0.85766864 -0.46221694 1.4083099 0.018754417 0.47814438 0.87808102 0 0 0 0 1 0.97282189 0.23008531 -0.026040168 10.019318 -0.22096655 0.88883483 -0.40143052 1.4083138 -0.069217838 0.39627442 0.91551936 0 0 0 0 1 0.95277244 0.2759465 0.12679935 10.019302 -0.23339964 0.93250775 -0.27559716 1.4083176 -0.19429141 0.23298642 0.95287377 1.9073486e-06 0 0 0 1 0.93688649 0.29767507 0.18339439 10.019318 -0.26055688 0.94419879 -0.20149109 1.4083138 -0.23313969 0.14098959 0.96216816 0 0 0 0 1 0.96908796 0.23176102 -0.084589615 10.019302 -0.2465106 0.92356431 -0.2937029 1.4083099 0.010055065 0.30547613 0.95214677 9.5367432e-07 0 0 0 1 0.92625397 0.12229727 -0.35650626 10.019314 -0.23055249 0.9321301 -0.27924684 1.4083099 0.29815909 0.34084687 0.89158553 1.4305115e-06 0 0 0 1 0.92198688 0.10451841 -0.37284815 10.019314 -0.22670847 0.92630196 -0.30094466 1.4083176 0.3139157 0.36199495 0.87773371 -1.4305115e-06 0 0 0 1 0.92610133 0.09526334 -0.36504972 10.01931 -0.22570315 0.91524291 -0.33374873 1.4083176 0.30231521 0.39147788 0.86910915 1.9073486e-06 0 0 0 1 0.93714172 0.094839871 -0.33581406 10.019314 -0.22460888 0.9004389 -0.37250632 1.4083176 0.26705152 0.42451796 0.86514068 2.8610229e-06 0 0 0 1 0.95192558 0.10322347 -0.28841394 10.019314 -0.22046223 0.88454455 -0.41106841 1.4083099 0.21268311 0.45489094 0.86477745 9.5367432e-07 0 0 0 1 0.96643084 0.11892208 -0.22774725 10.019318 -0.21175617 0.87067902 -0.44393414 1.4083099 0.14550115 0.47725865 0.86663347 1.9073486e-06 0 0 0 1 0.97724229 0.1386694 -0.16052487 10.019302 -0.19903477 0.86113834 -0.46778834 1.4083252 0.073366188 0.48909259 0.86914086 1.9073486e-06 0 0 0 1 0.98286253 0.15820721 -0.094613642 10.019318 -0.18428108 0.85624182 -0.48258722 1.4083176 0.004663378 0.49175239 0.87072259 -1.9073486e-06 0 0 0 1 0.98408651 0.1735899 -0.037950199 10.019302 -0.16961531 0.85404348 -0.49177286 1.4083214 -0.052955676 0.4903841 0.86989599 1.9073486e-06 0 0 0 1 0.98408645 0.17358987 -0.037950236 10.019318 -0.16961531 0.85404319 -0.49177313 1.4083176 -0.052955672 0.49038419 0.86989611 0 0 0 0 1 </float_array>
        <technique_common>
          <accessor count="15" offset="0" source="#B_Head_matrix-output-array" stride="16">
            <param name="TRANSFORM" type="float4x4" />
          </accessor>
        </technique_common>
      </source>
      <source id="B_Head_matrix-interpolation">
        <Name_array id="B_Head_matrix-interpolation-array" count="15"> LINEAR LINEAR LINEAR LINEAR LINEAR LINEAR LINEAR LINEAR LINEAR LINEAR LINEAR LINEAR LINEAR LINEAR LINEAR </Name_array>
        <technique_common>
          <accessor source="#B_Head_matrix-interpolation-array" count="15" stride="1">
            <param name="INTERPOLATION" type="name"></param>
          </accessor>
        </technique_common>
      </source>
      <source id="B_L_Calf_matrix-input" name="B_L_Calf_matrix-input">
        <float_array id="B_L_Calf_matrix-input-array" count="15"> 0 1 2 3 4 5 6 7 8 9 10 11 12 13 14 </float_array>
        <technique_common>
          <accessor count="15" offset="0" source="#B_L_Calf_matrix-input-array" stride="1">
            <param name="TIME" type="float" />
          </accessor>
        </technique_common>
      </source>
      <source id="B_L_Calf_matrix-output" name="B_L_Calf_matrix-output">
        <float_array id="B_L_Calf_matrix-output-array" count="240"> -0.64454401 0.76456732 7.3412866e-07 50.282734 -0.7645672 -0.64454406 6.465611e-06 7.6293945e-06 5.4165721e-06 3.606081e-06 1 0 0 0 0 1 -0.5958913 0.8030653 7.1414365e-07 50.282734 -0.8030653 -0.5958913 6.6139028e-06 7.6293945e-06 5.736948e-06 3.3676629e-06 1 0 0 0 0 1 -0.44088471 0.89756411 8.5911529e-07 50.282753 -0.89756405 -0.44088474 6.6835637e-06 3.8146973e-06 6.3776965e-06 2.1755702e-06 1 0 0 0 0 1 -0.27134791 0.96248162 1.0038608e-06 50.282757 -0.96248162 -0.27134791 6.7458245e-06 0 6.7651258e-06 8.6426701e-07 1.0000001 -3.8146973e-06 0 0 0 1 -0.50544715 0.86285776 8.5962108e-07 50.282745 -0.86285782 -0.50544709 6.7151177e-06 3.8146973e-06 6.2286854e-06 2.6524062e-06 0.99999988 7.6293945e-06 0 0 0 1 -0.54529673 0.83824325 8.2398253e-07 50.282768 -0.83824325 -0.54529673 6.8412919e-06 -1.9073486e-06 6.183981e-06 3.0398362e-06 1.0000001 3.8146973e-06 0 0 0 1 -0.57420665 0.81871068 8.2018522e-07 50.282745 -0.81871063 -0.57420671 6.5412587e-06 9.5367432e-07 5.826354e-06 3.0845406e-06 0.99999994 5.7220459e-06 0 0 0 1 -0.58906305 0.80808735 7.5000065e-07 50.282745 -0.80808735 -0.58906305 6.5434747e-06 7.6293945e-06 5.7294969e-06 3.2484531e-06 0.99999994 3.8146973e-06 0 0 0 1 -0.58524209 0.81085861 6.5906124e-07 50.282745 -0.81085855 -0.58524215 6.4892083e-06 9.5367432e-07 5.6475401e-06 3.2633525e-06 1 5.7220459e-06 0 0 0 1 -0.54360056 0.83934432 7.489113e-07 50.282745 -0.83934432 -0.54360056 6.4742749e-06 9.5367432e-07 5.8412547e-06 2.890825e-06 0.99999994 7.6293945e-06 0 0 0 1 -0.44104066 0.89748746 8.5981742e-07 50.282749 -0.89748752 -0.44104064 6.7500532e-06 -2.8610229e-06 6.4373012e-06 2.2053714e-06 1.0000002 0 0 0 0 1 -0.25078881 0.96804202 8.9629646e-07 50.282745 -0.96804178 -0.25078887 6.7870487e-06 1.9073486e-06 6.794929e-06 8.3446406e-07 0.99999988 3.8146973e-06 0 0 0 1 0.041074585 0.99915618 1.0225276e-06 50.282745 -0.9991563 0.041074578 7.0514948e-06 0 7.0035458e-06 -1.3113018e-06 1 7.6293945e-06 0 0 0 1 0.42741007 0.9040581 8.2912015e-07 50.282745 -0.90405798 0.4274101 7.3805727e-06 0 6.3180914e-06 -3.9041038e-06 1 7.6293945e-06 0 0 0 1 0.87463474 0.48478279 4.1769681e-07 50.282749 -0.48478279 0.87463474 7.9462479e-06 3.8146973e-06 3.4868717e-06 -7.1525565e-06 1 3.8146973e-06 0 0 0 1 </float_array>
        <technique_common>
          <accessor count="15" offset="0" source="#B_L_Calf_matrix-output-array" stride="16">
            <param name="TRANSFORM" type="float4x4" />
          </accessor>
        </technique_common>
      </source>
      <source id="B_L_Calf_matrix-interpolation">
        <Name_array id="B_L_Calf_matrix-interpolation-array" count="15"> LINEAR LINEAR LINEAR LINEAR LINEAR LINEAR LINEAR LINEAR LINEAR LINEAR LINEAR LINEAR LINEAR LINEAR LINEAR </Name_array>
        <technique_common>
          <accessor source="#B_L_Calf_matrix-interpolation-array" count="15" stride="1">
            <param name="INTERPOLATION" type="name"></param>
          </accessor>
        </technique_common>
      </source>
      <source id="B_L_Clavicle_matrix-input" name="B_L_Clavicle_matrix-input">
        <float_array id="B_L_Clavicle_matrix-input-array" count="15"> 0 1 2 3 4 5 6 7 8 9 10 11 12 13 14 </float_array>
        <technique_common>
          <accessor count="15" offset="0" source="#B_L_Clavicle_matrix-input-array" stride="1">
            <param name="TIME" type="float" />
          </accessor>
        </technique_common>
      </source>
      <source id="B_L_Clavicle_matrix-output" name="B_L_Clavicle_matrix-output">
        <float_array id="B_L_Clavicle_matrix-output-array" count="240"> -0.017590644 -0.00078421831 0.99984509 17.736862 -0.17375696 -0.98478115 -0.0038293754 0.073139191 0.9846316 -0.17379735 0.017186644 5.0180168 0 0 0 1 0.071533322 -0.00079528237 0.99743801 17.736862 -0.019210514 -0.99981517 0.00058054464 0.073139668 0.99725324 -0.019202819 -0.071535356 5.0180149 0 0 0 1 0.20560804 -0.00077542651 0.97863406 17.736832 0.21994649 -0.97437984 -0.046982165 0.073140144 0.95359772 0.22490706 -0.20017003 5.0180159 0 0 0 1 0.25058758 -0.00074696523 0.96809345 17.736855 0.33646721 -0.93759131 -0.08781679 0.073140621 0.90774184 0.34773752 -0.23469754 5.0180159 0 0 0 1 0.11942767 -0.00077284122 0.99284256 17.736847 0.23877926 -0.97062629 -0.029477987 0.073141098 0.96370202 0.24059071 -0.11573516 5.0180154 0 0 0 1 -0.10296463 -0.0007968134 0.99468476 17.736851 0.013061711 -0.99991453 0.00055107707 0.073139191 0.99459922 0.013049025 0.10296613 5.0180149 0 0 0 1 -0.27577043 -0.00078438234 0.9612233 17.736851 -0.16684526 -0.98478138 -0.048670702 0.073143005 0.94663268 -0.1737975 0.27144247 5.0180173 0 0 0 1 -0.30948851 -0.00077722978 0.950903 17.736855 -0.2070045 -0.97596216 -0.068171062 0.073139191 0.92809796 -0.21793938 0.30188814 5.0180173 0 0 0 1 -0.2810322 -0.00077855581 0.9596979 17.736855 -0.20123276 -0.97772115 -0.059720971 0.073143005 0.93836361 -0.20990619 0.27461448 5.0180168 0 0 0 1 -0.24249887 -0.00077913696 0.97015131 17.736855 -0.20235664 -0.97796375 -0.051366437 0.073135376 0.94881302 -0.20877285 0.23699747 5.0180135 0 0 0 1 -0.18838583 -0.00078041095 0.98209476 17.736855 -0.1969503 -0.97965491 -0.038557563 0.073139191 0.96214414 -0.20068756 0.18439941 5.0180168 0 0 0 1 -0.13352202 -0.00078123045 0.99104548 17.736847 -0.19068396 -0.98129439 -0.026464118 0.073143005 0.97252828 -0.19251001 0.13087557 5.0180149 0 0 0 1 -0.075684428 -0.00078311574 0.99713159 17.736855 -0.18257853 -0.98308253 -0.014630176 0.073143005 0.98027396 -0.18316211 0.07426101 5.0180159 0 0 0 1 -0.017590638 -0.00078424043 0.99984503 17.736855 -0.17375687 -0.98478097 -0.0038293824 0.073139191 0.98463136 -0.17379729 0.017186522 5.0180149 0 0 0 1 -0.01759064 -0.00078410644 0.99984503 17.736862 -0.17375688 -0.98478109 -0.0038292557 0.073141098 0.98463148 -0.17379729 0.017186522 5.0180159 0 0 0 1 </float_array>
        <technique_common>
          <accessor count="15" offset="0" source="#B_L_Clavicle_matrix-output-array" stride="16">
            <param name="TRANSFORM" type="float4x4" />
          </accessor>
        </technique_common>
      </source>
      <source id="B_L_Clavicle_matrix-interpolation">
        <Name_array id="B_L_Clavicle_matrix-interpolation-array" count="15"> LINEAR LINEAR LINEAR LINEAR LINEAR LINEAR LINEAR LINEAR LINEAR LINEAR LINEAR LINEAR LINEAR LINEAR LINEAR </Name_array>
        <technique_common>
          <accessor source="#B_L_Clavicle_matrix-interpolation-array" count="15" stride="1">
            <param name="INTERPOLATION" type="name"></param>
          </accessor>
        </technique_common>
      </source>
      <source id="B_L_Finger0_matrix-input" name="B_L_Finger0_matrix-input">
        <float_array id="B_L_Finger0_matrix-input-array" count="15"> 0 1 2 3 4 5 6 7 8 9 10 11 12 13 14 </float_array>
        <technique_common>
          <accessor count="15" offset="0" source="#B_L_Finger0_matrix-input-array" stride="1">
            <param name="TIME" type="float" />
          </accessor>
        </technique_common>
      </source>
      <source id="B_L_Finger0_matrix-output" name="B_L_Finger0_matrix-output">
        <float_array id="B_L_Finger0_matrix-output-array" count="240"> 0.80900669 0.1324636 0.57267952 1.4603233 0.15583262 0.89108145 -0.42625144 1.9355316 -0.56676686 0.43408236 0.70024854 -2.4376678 0 0 0 1 0.80900669 0.13246372 0.57267946 1.4603271 0.15583248 0.89108115 -0.4262515 1.9355469 -0.56676686 0.43408221 0.70024848 -2.4376564 0 0 0 1 0.80900651 0.13246375 0.57267946 1.4603577 0.15583242 0.89108133 -0.42625147 1.9355316 -0.56676674 0.43408227 0.70024848 -2.4376545 0 0 0 1 0.80900645 0.13246362 0.57267958 1.4603424 0.15583239 0.89108157 -0.42625132 1.9355354 -0.56676674 0.43408215 0.70024878 -2.4376564 0 0 0 1 0.80900651 0.1324636 0.57267952 1.4603348 0.15583242 0.89108133 -0.42625144 1.9355392 -0.56676662 0.43408218 0.70024878 -2.4376545 0 0 0 1 0.80900645 0.13246363 0.57267958 1.4603195 0.15583242 0.89108133 -0.42625144 1.9355469 -0.56676668 0.43408218 0.70024878 -2.4376554 0 0 0 1 0.80900657 0.13246366 0.57267964 1.4603271 0.15583241 0.89108121 -0.42625153 1.9355469 -0.5667668 0.43408209 0.70024884 -2.4376564 0 0 0 1 0.80900669 0.13246371 0.57267964 1.4603291 0.15583245 0.89108151 -0.42625153 1.9355431 -0.56676686 0.43408224 0.70024878 -2.4376583 0 0 0 1 0.80900651 0.1324636 0.57267958 1.460331 0.15583245 0.89108139 -0.42625138 1.9355392 -0.56676674 0.43408215 0.70024878 -2.4376593 0 0 0 1 0.80900639 0.13246377 0.5726797 1.4603291 0.15583242 0.89108115 -0.42625138 1.9355392 -0.5667671 0.43408203 0.70024848 -2.4376583 0 0 0 1 0.80900657 0.13246366 0.57267946 1.4603271 0.15583244 0.89108139 -0.42625135 1.9355469 -0.5667668 0.43408221 0.7002486 -2.4376602 0 0 0 1 0.80900651 0.13246377 0.57267964 1.4603271 0.15583242 0.89108145 -0.42625159 1.9355469 -0.56676674 0.4340823 0.70024872 -2.4376564 0 0 0 1 0.80900657 0.13246381 0.57267952 1.4603291 0.15583238 0.89108133 -0.42625159 1.9355392 -0.56676686 0.43408224 0.70024866 -2.4376602 0 0 0 1 0.80900663 0.13246374 0.5726797 1.4603271 0.15583245 0.89108151 -0.42625153 1.9355469 -0.56676692 0.43408224 0.70024872 -2.4376526 0 0 0 1 0.80900669 0.13246357 0.57267964 1.4603348 0.15583248 0.89108169 -0.42625138 1.9355316 -0.56676686 0.43408218 0.70024884 -2.4376602 0 0 0 1 </float_array>
        <technique_common>
          <accessor count="15" offset="0" source="#B_L_Finger0_matrix-output-array" stride="16">
            <param name="TRANSFORM" type="float4x4" />
          </accessor>
        </technique_common>
      </source>
      <source id="B_L_Finger0_matrix-interpolation">
        <Name_array id="B_L_Finger0_matrix-interpolation-array" count="15"> LINEAR LINEAR LINEAR LINEAR LINEAR LINEAR LINEAR LINEAR LINEAR LINEAR LINEAR LINEAR LINEAR LINEAR LINEAR </Name_array>
        <technique_common>
          <accessor source="#B_L_Finger0_matrix-interpolation-array" count="15" stride="1">
            <param name="INTERPOLATION" type="name"></param>
          </accessor>
        </technique_common>
      </source>
      <source id="B_L_Finger01_matrix-input" name="B_L_Finger01_matrix-input">
        <float_array id="B_L_Finger01_matrix-input-array" count="15"> 0 1 2 3 4 5 6 7 8 9 10 11 12 13 14 </float_array>
        <technique_common>
          <accessor count="15" offset="0" source="#B_L_Finger01_matrix-input-array" stride="1">
            <param name="TIME" type="float" />
          </accessor>
        </technique_common>
      </source>
      <source id="B_L_Finger01_matrix-output" name="B_L_Finger01_matrix-output">
        <float_array id="B_L_Finger01_matrix-output-array" count="240"> 0.80299306 -0.59598815 -3.8514045e-08 3.7139969 0.59598815 0.80299306 -2.8585443e-08 1.5258789e-05 4.7963109e-08 -8.8817831e-16 0.99999976 -2.6702881e-05 0 0 0 1 0.80299318 -0.59598833 8.4881457e-08 3.7139969 0.59598827 0.8029933 -1.1228336e-08 0 -6.1467283e-08 5.9604645e-08 0.99999982 -2.2888184e-05 0 0 0 1 0.80299318 -0.59598809 -5.7963043e-09 3.7139969 0.59598821 0.80299306 3.2811975e-08 0 -1.4901161e-08 -2.9802322e-08 0.99999976 -3.0517578e-05 0 0 0 1 0.8029933 -0.59598821 -1.7761831e-08 3.7139969 0.59598833 0.80299312 2.3931056e-08 0 8.8817853e-16 -2.9802321e-08 0.99999976 -3.0517578e-05 0 0 0 1 0.80299318 -0.59598845 -1.1592609e-08 3.7139969 0.59598845 0.80299318 6.5623929e-08 3.8146973e-06 -2.9802329e-08 -5.9604641e-08 0.99999976 -2.2888184e-05 0 0 0 1 0.80299324 -0.59598809 2.4117519e-08 3.7140045 0.59598815 0.80299312 5.5014247e-08 3.8146973e-06 -5.2154064e-08 -2.9802319e-08 0.99999964 -2.2888184e-05 0 0 0 1 0.80299318 -0.59598827 -8.6843279e-08 3.7140017 0.59598839 0.80299294 -8.3012843e-08 0 1.1920929e-07 1.4901159e-08 0.99999964 -2.2888184e-05 0 0 0 1 0.80299318 -0.59598827 -1.0114758e-07 3.7140036 0.59598827 0.80299318 3.6269501e-08 0 5.9604645e-08 -8.9406967e-08 0.99999964 -2.2888184e-05 0 0 0 1 0.80299318 -0.59598827 7.7962383e-08 3.7140036 0.59598827 0.80299318 9.4978361e-08 0 -1.1920928e-07 -2.9802322e-08 0.9999997 -1.5258789e-05 0 0 0 1 0.80299318 -0.59598833 3.4575158e-09 3.7139988 0.59598845 0.802993 9.5351297e-08 7.6293945e-06 -5.9604652e-08 -7.4505799e-08 0.9999997 -2.6702881e-05 0 0 0 1 0.80299318 -0.59598827 2.3185239e-08 3.7140036 0.59598839 0.80299294 -1.3124789e-07 7.6293945e-06 5.9604645e-08 1.1920929e-07 0.99999976 -1.9073486e-05 0 0 0 1 0.8029933 -0.59598815 -2.3931049e-08 3.7140064 0.59598827 0.80299306 -1.7761824e-08 -7.6293945e-06 2.9802322e-08 8.8817831e-16 0.99999964 -3.4332275e-05 0 0 0 1 0.80299318 -0.59598821 -1.5517289e-08 3.7140083 0.59598827 0.80299312 -4.8631097e-08 0 4.1443851e-08 2.9802326e-08 0.99999964 -2.2888184e-05 0 0 0 1 0.80299336 -0.59598821 -6.0177221e-08 3.7140121 0.59598839 0.80299312 -1.1425285e-07 0 1.1641533e-07 5.5879365e-08 0.99999958 -2.2888184e-05 0 0 0 1 0.80299318 -0.59598821 1.2058756e-08 3.7140045 0.59598827 0.80299312 2.7507133e-08 -1.5258789e-05 -2.607703e-08 -1.4901163e-08 0.99999982 -2.6702881e-05 0 0 0 1 </float_array>
        <technique_common>
          <accessor count="15" offset="0" source="#B_L_Finger01_matrix-output-array" stride="16">
            <param name="TRANSFORM" type="float4x4" />
          </accessor>
        </technique_common>
      </source>
      <source id="B_L_Finger01_matrix-interpolation">
        <Name_array id="B_L_Finger01_matrix-interpolation-array" count="15"> LINEAR LINEAR LINEAR LINEAR LINEAR LINEAR LINEAR LINEAR LINEAR LINEAR LINEAR LINEAR LINEAR LINEAR LINEAR </Name_array>
        <technique_common>
          <accessor source="#B_L_Finger01_matrix-interpolation-array" count="15" stride="1">
            <param name="INTERPOLATION" type="name"></param>
          </accessor>
        </technique_common>
      </source>
      <source id="B_L_Finger02_matrix-input" name="B_L_Finger02_matrix-input">
        <float_array id="B_L_Finger02_matrix-input-array" count="15"> 0 1 2 3 4 5 6 7 8 9 10 11 12 13 14 </float_array>
        <technique_common>
          <accessor count="15" offset="0" source="#B_L_Finger02_matrix-input-array" stride="1">
            <param name="TIME" type="float" />
          </accessor>
        </technique_common>
      </source>
      <source id="B_L_Finger02_matrix-output" name="B_L_Finger02_matrix-output">
