<?xml version="1.0" encoding="UTF-8" standalone="no" ?>
<COLLADA xmlns="http://www.collada.org/2005/11/COLLADASchema" version="1.4.1">
  <asset>
    <contributor>
      <author>Assimp</author>
      <authoring_tool>FBX SDK/FBX Plugins version 2013.1</authoring_tool>
    </contributor>
    <created>2020-08-21T13:36:53</created>
    <modified>2020-08-21T13:36:53</modified>
    <unit name="meter" meter="1" />
    <up_axis>Y_UP</up_axis>
  </asset>
  <library_geometries>
  </library_geometries>
  <library_controllers>
  </library_controllers>
  <library_visual_scenes>
    <visual_scene id="RootNode" name="RootNode">
      <node id="Motion_aAssimpFbxa_Translation"  name="Motion_$AssimpFbx$_Translation" type="NODE">
        <matrix sid="matrix">1 0 0 9.92585e-07 0 1 0 0 0 0 1 -0.17328988 0 0 0 1</matrix>
        <node id="Motion_aAssimpFbxa_PreRotation"  name="Motion_$AssimpFbx$_PreRotation" type="NODE">
          <matrix sid="matrix">1 0 0 0 0 -4.3711388e-08 1 0 0 -1 -4.3711388e-08 0 0 0 0 1</matrix>
          <node id="Motion_aAssimpFbxa_Rotation"  name="Motion_$AssimpFbx$_Rotation" type="NODE">
            <matrix sid="matrix">1.3868001e-06 1 0 0 -1 1.3868001e-06 0 0 0 0 1 0 0 0 0 1</matrix>
            <node id="Motion_aAssimpFbxa_Scaling"  name="Motion_$AssimpFbx$_Scaling" type="NODE">
              <matrix sid="matrix">1 0 0 0 0 1 0 0 0 0 1 0 0 0 0 1</matrix>
              <node id="Motion"  name="Motion" type="NODE">
                <matrix sid="matrix">1 0 0 0 0 1 0 0 0 0 1 0 0 0 0 1</matrix>
                <node id="B_Pelvis"  name="B_Pelvis" type="NODE">
                  <matrix sid="matrix">-0.045328535 0.60813701 0.7925368 0.17328988 -1.0659465e-06 -0.79335231 0.60876274 -1.2122457e-06 0.99897212 0.027593479 0.035962146 109.26141 0 0 0 1</matrix>
                  <node id="B_Spine"  name="B_Spine" type="NODE">
                    <matrix sid="matrix">0.99823147 0.047404036 -0.035873126 7.6763077 -0.037805345 0.97190607 0.23231287 -1.6268322 0.045877881 -0.2305458 0.97197938 0.0023486614 0 0 0 1</matrix>
                    <node id="B_Spine1"  name="B_Spine1" type="NODE">
                      <matrix sid="matrix">0.99970514 -0.024198724 0.0019994115 12.747765 0.024175962 0.99965024 0.01071619 -0.014275074 -0.0022580305 -0.010664693 0.99994057 0.00015211105 0 0 0 1</matrix>
                      <node id="B_Spine2"  name="B_Spine2" type="NODE">
                        <matrix sid="matrix">0.9988209 -0.04840361 0.0037315534 17.93544 0.04831202 0.99859816 0.021625698 -0.02644372 -0.0047730841 -0.02141992 0.9997592 0.00054788589 0 0 0 1</matrix>
                        <node id="B_L_Clavicle"  name="B_L_Clavicle" type="NODE">
                          <matrix sid="matrix">-0.017590661 -0.00078421831 0.99984497 17.736877 -0.17375694 -0.98478115 -0.0038293824 0.073140621 0.98463148 -0.17379735 0.017186686 5.0180163 0 0 0 1</matrix>
                          <node id="B_L_UpperArm"  name="B_L_UpperArm" type="NODE">
                            <matrix sid="matrix">0.67658824 0.40229183 0.61675733 17.464663 -0.50647563 0.8622275 -0.0067963004 4.7683716e-06 -0.53451926 -0.30777425 0.78712398 -1.5258789e-05 0 0 0 1</matrix>
                            <node id="B_L_Forearm"  name="B_L_Forearm" type="NODE">
                              <matrix sid="matrix">-0.13640085 0.98478985 0.10762791 27.628174 -0.99065375 -0.13559341 -0.014819459 -3.8146973e-06 -4.1723257e-07 -0.10864338 0.99408078 0 0 0 0 1</matrix>
                              <node id="B_L_ForeArmTwist"  name="B_L_ForeArmTwist" type="NODE">
                                <matrix sid="matrix">1 5.0429048e-08 -3.2426607e-07 11.992638 -1.4901155e-08 0.99408078 0.10864348 -1.1444092e-05 3.2782543e-07 -0.10864348 0.99408078 1.5258789e-05 0 0 0 1</matrix>
                                <node id="B_L_Hand"  name="B_L_Hand" type="NODE">
                                  <matrix sid="matrix">0.96626526 -0.09560208 0.2391479 11.992641 -0.24727415 -0.08470872 0.96523571 7.6293945e-06 -0.072020628 -0.99180877 -0.10549102 0 0 0 0 1</matrix>
                                  <node id="B_L_Finger0"  name="B_L_Finger0" type="NODE">
                                    <matrix sid="matrix">0.80900651 0.13246362 0.57267952 1.4603271 0.15583251 0.89108139 -0.42625132 1.9355469 -0.5667668 0.43408218 0.70024854 -2.4376678 0 0 0 1</matrix>
                                    <node id="B_L_Finger01"  name="B_L_Finger01" type="NODE">
                                      <matrix sid="matrix">0.80299318 -0.59598821 -1.6667734e-07 3.7140045 0.59598821 0.80299318 -3.0924191e-08 1.5258789e-05 1.5227123e-07 -7.450582e-08 1 -2.6702881e-05 0 0 0 1</matrix>
                                      <node id="B_L_Finger02"  name="B_L_Finger02" type="NODE">
                                        <matrix sid="matrix">0.5521847 -0.83372182 9.0834646e-08 5.529933 0.83372182 0.5521847 2.9204323e-08 1.5258789e-05 -7.4505785e-08 5.9604645e-08 1 1.9073486e-05 0 0 0 1</matrix>
                                      </node>
                                    </node>
                                  </node>
                                  <node id="B_L_Finger1"  name="B_L_Finger1" type="NODE">
                                    <matrix sid="matrix">0.27254894 -0.95552641 0.11263381 11.625458 0.92804092 0.23019095 -0.29283458 3.1205444 0.2538839 0.18434054 0.94950593 -3.0983582 0 0 0 1</matrix>
                                    <node id="B_L_Finger11"  name="B_L_Finger11" type="NODE">
                                      <matrix sid="matrix">-0.25881925 -0.96592575 4.2146844e-08 4.4568253 0.96592575 -0.25881925 7.3000507e-08 -7.6293945e-06 -5.9604659e-08 5.9604659e-08 1 1.1444092e-05 0 0 0 1</matrix>
                                      <node id="B_L_Finger12"  name="B_L_Finger12" type="NODE">
                                        <matrix sid="matrix">0.57357568 -0.81915259 1.9834647e-07 3.3311691 0.81915259 0.57357568 -1.8436077e-07 -4.5776367e-05 3.7252903e-08 2.6822087e-07 1 -1.1444092e-05 0 0 0 1</matrix>
                                      </node>
                                    </node>
                                  </node>
                                  <node id="B_L_Finger2"  name="B_L_Finger2" type="NODE">
                                    <matrix sid="matrix">0.25808468 -0.96503472 0.045829155 11.814079 0.96096504 0.25152323 -0.11524842 2.4380951 0.099691629 0.073784068 0.99227893 0.83571625 0 0 0 1</matrix>
                                    <node id="B_L_Finger21"  name="B_L_Finger21" type="NODE">
                                      <matrix sid="matrix">-0.62068564 -0.78405952 4.1499996e-07 5.1996231 0.78405952 -0.62068564 1.4797797e-07 1.5258789e-05 1.4156099e-07 4.1723249e-07 1 1.1444092e-05 0 0 0 1</matrix>
                                      <node id="B_L_Finger22"  name="B_L_Finger22" type="NODE">
                                        <matrix sid="matrix">0.44828629 -0.89389002 -1.0663997e-07 5.1996231 0.89389002 0.44828629 -1.3200065e-08 1.5258789e-05 5.9604645e-08 -8.9406996e-08 1 -7.6293945e-06 0 0 0 1</matrix>
                                      </node>
                                    </node>
                                  </node>
                                  <node id="B_L_Finger3"  name="B_L_Finger3" type="NODE">
                                    <matrix sid="matrix">0.13847044 -0.99036652 0.00029707744 11.814072 0.99036658 0.13847046 5.9452865e-05 1.9342346 -0.00010001658 0.00028598309 0.99999994 4.600235 0 0 0 1</matrix>
                                    <node id="B_L_Finger31"  name="B_L_Finger31" type="NODE">
                                      <matrix sid="matrix">-0.058766626 -0.99827176 -9.9922295e-07 4.4567947 0.99827176 -0.058766626 -1.2828331e-06 1.5258789e-05 1.221895e-06 -1.0728838e-06 1 -3.8146973e-06 0 0 0 1</matrix>
                                      <node id="B_L_Finger32"  name="B_L_Finger32" type="NODE">
                                        <matrix sid="matrix">-0.058766626 -0.99827176 -1.809479e-06 4.4567719 0.99827176 -0.058766626 -1.7186322e-06 -2.2888184e-05 1.6093251e-06 -1.90735e-06 1 -3.8146973e-06 0 0 0 1</matrix>
                                      </node>
                                    </node>
                                  </node>
                                  <node id="B_L_Finger4"  name="B_L_Finger4" type="NODE">
                                    <matrix sid="matrix">0.14714384 -0.98122936 -0.1246501 11.857201 0.9836868 0.15835439 -0.085346945 4.052887 0.10348382 -0.11005838 0.98852324 6.5145187 0 0 0 1</matrix>
                                    <node id="B_L_Finger41"  name="B_L_Finger41" type="NODE">
                                      <matrix sid="matrix">-0.18123157 -0.98344046 -1.9526447e-06 3.3276672 0.98344046 -0.18123157 -3.8751205e-06 2.2888184e-05 3.4570692e-06 -2.6226037e-06 1 1.5258789e-05 0 0 0 1</matrix>
                                      <node id="B_L_Finger42"  name="B_L_Finger42" type="NODE">
                                        <matrix sid="matrix">0.0019772795 -0.99999803 -2.1819876e-06 3.327652 0.99999803 0.0019772795 -3.244146e-06 0 3.248454e-06 -2.1755689e-06 1 -2.2888184e-05 0 0 0 1</matrix>
                                      </node>
                                    </node>
                                  </node>
                                </node>
                              </node>
                            </node>
                          </node>
                        </node>
                        <node id="B_R_Clavicle"  name="B_R_Clavicle" type="NODE">
                          <matrix sid="matrix">-0.10452852 -0.00079585309 -0.9945215 17.736862 0.00023397958 -0.99999964 0.00077564444 0.074662209 -0.99452186 -0.00015162077 0.10452867 -5.0179639 0 0 0 1</matrix>
                          <node id="B_R_UpperArm"  name="B_R_UpperArm" type="NODE">
                            <matrix sid="matrix">0.65678835 0.18435097 -0.73119342 17.464649 -0.58112282 0.74166942 -0.33499649 1.1444092e-05 0.48054689 0.64493495 0.59425038 3.0517578e-05 0 0 0 1</matrix>
                            <node id="B_R_Forearm"  name="B_R_Forearm" type="NODE">
                              <matrix sid="matrix">0.1257856 0.99193633 -0.01549966 27.628181 -0.99205744 0.12577026 -0.0019651831 0 5.9604659e-08 0.015623745 0.99987793 0 0 0 0 1</matrix>
                              <node id="B_R_ForeArmTwist"  name="B_R_ForeArmTwist" type="NODE">
                                <matrix sid="matrix">1 2.9798688e-08 -4.656259e-10 11.99263 -2.9802326e-08 0.99987793 -0.015623811 -7.6293945e-06 0 0.015623811 0.99987793 0 0 0 0 1</matrix>
                                <node id="B_R_Hand"  name="B_R_Hand" type="NODE">
                                  <matrix sid="matrix">0.86458039 -0.066815868 -0.49803257 11.992661 -0.49769521 0.022792172 -0.8670525 -7.6293945e-06 0.069284104 0.99750501 -0.013548267 -1.5258789e-05 0 0 0 1</matrix>
                                  <node id="B_R_Finger0"  name="B_R_Finger0" type="NODE">
                                    <matrix sid="matrix">0.80900657 0.13246375 -0.5726794 1.4603119 0.15583242 0.89108133 0.42625144 1.9355469 0.5667668 -0.43408227 0.70024854 2.4376602 0 0 0 1</matrix>
                                    <node id="B_R_Finger01"  name="B_R_Finger01" type="NODE">
                                      <matrix sid="matrix">0.802993 -0.59598845 -3.9991286e-07 3.7140121 0.59598845 0.802993 -1.1124858e-07 -1.5258789e-05 3.8743011e-07 -1.4901161e-07 1 7.6293945e-06 0 0 0 1</matrix>
                                      <node id="B_R_Finger02"  name="B_R_Finger02" type="NODE">
                                        <matrix sid="matrix">0.55218476 -0.83372176 2.0684062e-07 5.5299397 0.83372176 0.55218476 -6.5501013e-08 7.6293945e-06 -5.960462e-08 2.0861619e-07 1 1.5258789e-05 0 0 0 1</matrix>
                                      </node>
                                    </node>
                                  </node>
                                  <node id="B_R_Finger1"  name="B_R_Finger1" type="NODE">
                                    <matrix sid="matrix">0.27254859 -0.95552653 -0.11263388 11.625458 0.92804098 0.23019049 0.29283497 3.1205597 -0.25388432 -0.18434061 0.94950587 3.0983429 0 0 0 1</matrix>
                                    <node id="B_R_Finger11"  name="B_R_Finger11" type="NODE">
                                      <matrix sid="matrix">-0.25881937 -0.96592575 -1.0798057e-07 4.4568176 0.96592575 -0.25881937 -5.4001923e-08 0 2.4214387e-08 -1.1827795e-07 1 7.6293945e-06 0 0 0 1</matrix>
                                      <node id="B_R_Finger12"  name="B_R_Finger12" type="NODE">
                                        <matrix sid="matrix">0.57357579 -0.81915247 2.0343558e-07 3.331131 0.81915247 0.57357579 9.8938465e-08 -7.6293945e-06 -1.9773142e-07 1.0989605e-07 1 -7.6293945e-06 0 0 0 1</matrix>
                                      </node>
                                    </node>
                                  </node>
                                  <node id="B_R_Finger2"  name="B_R_Finger2" type="NODE">
                                    <matrix sid="matrix">0.25808468 -0.96503466 -0.045829311 11.814056 0.96096504 0.2515232 0.11524835 2.438118 -0.099691525 -0.073784195 0.99227887 -0.83572006 0 0 0 1</matrix>
                                    <node id="B_R_Finger21"  name="B_R_Finger21" type="NODE">
                                      <matrix sid="matrix">-0.62068546 -0.7840597 -8.8842718e-08 5.1995926 0.7840597 -0.62068546 -7.9833164e-08 0 7.4505824e-09 -1.1920928e-07 1 -3.4332275e-05 0 0 0 1</matrix>
                                      <node id="B_R_Finger22"  name="B_R_Finger22" type="NODE">
                                        <matrix sid="matrix">0.44828641 -0.89388996 1.6659996e-08 5.1996078 0.89388996 0.44828641 -1.9988011e-11 0 -7.4505824e-09 1.4901163e-08 1 2.6702881e-05 0 0 0 1</matrix>
                                      </node>
                                    </node>
                                  </node>
                                  <node id="B_R_Finger3"  name="B_R_Finger3" type="NODE">
                                    <matrix sid="matrix">0.13847044 -0.99036652 -0.00029828787 11.814072 0.99036658 0.13847046 -5.9501803e-05 1.9342651 0.00010023265 -0.00028717506 0.99999994 -4.6002502 0 0 0 1</matrix>
                                    <node id="B_R_Finger31"  name="B_R_Finger31" type="NODE">
                                      <matrix sid="matrix">-0.058766864 -0.99827176 -3.4913743e-09 4.4567871 0.99827176 -0.058766864 -1.9425602e-07 -1.5258789e-05 1.937151e-07 -1.4901156e-08 1 0 0 0 0 1</matrix>
                                      <node id="B_R_Finger32"  name="B_R_Finger32" type="NODE">
                                        <matrix sid="matrix">-0.058766864 -0.99827176 6.9565266e-07 4.4568329 0.99827176 -0.058766864 -1.530984e-07 0 1.9371511e-07 6.8545324e-07 1 -1.5258789e-05 0 0 0 1</matrix>
                                      </node>
                                    </node>
                                  </node>
                                  <node id="B_R_Finger4"  name="B_R_Finger4" type="NODE">
                                    <matrix sid="matrix">0.14714396 -0.98122966 0.1246479 11.857224 0.98368686 0.15835428 0.085347071 4.0529099 -0.1034836 0.11005619 0.98852354 -6.5145645 0 0 0 1</matrix>
                                    <node id="B_R_Finger41"  name="B_R_Finger41" type="NODE">
                                      <matrix sid="matrix">-0.18123111 -0.98344052 2.8454861e-07 3.3276749 0.98344052 -0.18123111 8.4034514e-07 3.0517578e-05 -7.7486038e-07 4.3213333e-07 1 2.6702881e-05 0 0 0 1</matrix>
                                      <node id="B_R_Finger42"  name="B_R_Finger42" type="NODE">
                                        <matrix sid="matrix">0.0019770411 -0.99999803 2.8459442e-07 3.3276978 0.99999803 0.0019770411 7.4449707e-07 3.8146973e-05 -7.4505829e-07 2.8312198e-07 1 -3.8146973e-06 0 0 0 1</matrix>
                                      </node>
                                    </node>
                                  </node>
                                </node>
                              </node>
                            </node>
                          </node>
                        </node>
                        <node id="B_Neck"  name="B_Neck" type="NODE">
                          <matrix sid="matrix">0.9745459 -0.20556867 -0.089452893 27.03978 0.20928559 0.97725385 0.034271002 1.1282334 0.080373138 -0.052119866 0.99540126 0.0006121397 0 0 0 1</matrix>
                          <node id="B_Head"  name="B_Head" type="NODE">
                            <matrix sid="matrix">0.98408651 0.1735899 -0.037950203 10.019302 -0.16961534 0.85404325 -0.49177301 1.4083138 -0.052955717 0.49038413 0.86989599 -9.5367432e-07 0 0 0 1</matrix>
                          </node>
                        </node>
                      </node>
                    </node>
                  </node>
                  <node id="B_L_Thigh"  name="B_L_Thigh" type="NODE">
                    <matrix sid="matrix">-0.78359056 0.6211642 -0.011870831 0 0.49508169 0.63585448 0.59210062 1.7404556e-05 0.37533984 0.45808741 -0.8057766 11.161455 0 0 0 1</matrix>
                    <node id="B_L_Calf"  name="B_L_Calf" type="NODE">
                      <matrix sid="matrix">0.30466232 0.95246041 1.0024519e-06 50.282761 -0.95246041 0.30466232 7.3237061e-06 0 6.6701309e-06 -3.1860529e-06 1 4.7683716e-06 0 0 0 1</matrix>
                      <node id="B_L_Foot"  name="B_L_Foot" type="NODE">
                        <matrix sid="matrix">0.96093088 0.24332803 -0.13192147 39.728123 -0.21882649 0.95971704 0.17623305 -3.8146973e-06 0.16948974 -0.14047986 0.9754684 -2.8610229e-06 0 0 0 1</matrix>
                        <node id="B_L_Toe0"  name="B_L_Toe0" type="NODE">
                          <matrix sid="matrix">-0.00063471391 -0.99999982 -0.00021278618 18.214443 0.99999982 -0.000634678 -0.00016891242 14.545953 0.00016877732 -0.00021289336 1 0.020650387 0 0 0 1</matrix>
                        </node>
                      </node>
                    </node>
                  </node>
                  <node id="B_R_Thigh"  name="B_R_Thigh" type="NODE">
                    <matrix sid="matrix">-0.9297958 0.34967583 -0.11491948 7.6293945e-06 0.28452739 0.48474786 -0.82708138 -1.168251e-05 -0.23350343 -0.8017146 -0.55020893 -11.161448 0 0 0 1</matrix>
                    <node id="B_R_Calf"  name="B_R_Calf" type="NODE">
                      <matrix sid="matrix">0.75415361 0.65669805 -1.240719e-07 50.282742 -0.65669805 0.75415361 -4.8168376e-06 3.8146973e-06 -3.0696388e-06 3.7141133e-06 1 2.8610229e-06 0 0 0 1</matrix>
                      <node id="B_R_Foot"  name="B_R_Foot" type="NODE">
                        <matrix sid="matrix">0.95304197 0.26209641 -0.15171203 39.728138 -0.25243625 0.96429098 0.080118194 -9.5367432e-07 0.16729324 -0.038058382 0.98517233 4.7683716e-06 0 0 0 1</matrix>
                        <node id="B_R_Toe0"  name="B_R_Toe0" type="NODE">
                          <matrix sid="matrix">-0.41498709 -0.90982723 0.0002124798 18.214439 0.90982729 -0.41498703 0.00016862253 14.545952 -6.5241016e-05 0.0002632961 0.99999994 -0.020650864 0 0 0 1</matrix>
                        </node>
                      </node>
                    </node>
                  </node>
                </node>
              </node>
            </node>
          </node>
        </node>
      </node>
      <node id="Exporter_aAssimpFbxa_PreRotation"  name="Exporter_$AssimpFbx$_PreRotation" type="NODE">
        <matrix sid="matrix">1 0 0 0 0 -4.3711388e-08 1 0 0 -1 -4.3711388e-08 0 0 0 0 1</matrix>
        <node id="Exporter"  name="Exporter" type="NODE">
          <matrix sid="matrix">1 0 0 0 0 1 0 0 0 0 1 0 0 0 0 1</matrix>
        </node>
      </node>
    </visual_scene>
  </library_visual_scenes>
  <library_animations>
    <animation id="TakeW001AnimId0" name="Take 001">
      <source id="B_Head_matrix-input" name="B_Head_matrix-input">
        <float_array id="B_Head_matrix-input-array" count="13"> 0 1 2 3 4 5 6 7 8 9 10 11 12 </float_array>
        <technique_common>
          <accessor count="13" offset="0" source="#B_Head_matrix-input-array" stride="1">
            <param name="TIME" type="float" />
          </accessor>
        </technique_common>
      </source>
      <source id="B_Head_matrix-output" name="B_Head_matrix-output">
        <float_array id="B_Head_matrix-output-array" count="208"> 0.98408657 0.17358989 -0.037950203 10.019302 -0.16961534 0.85404313 -0.49177307 1.4083138 -0.052955717 0.49038416 0.86989599 -9.5367432e-07 0 0 0 1 0.97958249 0.20045178 -0.01540352 10.019302 -0.18149167 0.84876198 -0.49665266 1.4083176 -0.08648099 0.48930785 0.86781269 1.9073486e-06 0 0 0 1 0.97382152 0.22720726 0.0069818981 10.019318 -0.19312133 0.84314728 -0.50180352 1.4083138 -0.1199002 0.48731866 0.86495346 0 0 0 0 1 0.9720974 0.23422621 0.012837129 10.019302 -0.19614126 0.84161437 -0.50320387 1.4083138 -0.12866741 0.48664525 0.86407256 0 0 0 0 1 0.975963 0.21793428 -0.00078591326 10.019333 -0.18912184 0.84513104 -0.49998644 1.4083138 -0.10829997 0.48811698 0.86603284 -5.7220459e-06 0 0 0 1 0.98126566 0.19126548 -0.023140371 10.019318 -0.17746924 0.85060304 -0.49495369 1.4083099 -0.07498429 0.48978761 0.86861134 -3.8146973e-06 0 0 0 1 0.98593313 0.15954176 -0.049822293 10.019302 -0.16335061 0.85665804 -0.48933992 1.4083214 -0.03538949 0.49059501 0.87066865 1.9073486e-06 0 0 0 1 0.98881137 0.12818977 -0.07628721 10.019302 -0.14912626 0.86216253 -0.48418689 1.4083176 0.0037041721 0.4901458 0.87163258 5.7220459e-06 0 0 0 1 0.98988599 0.10268115 -0.097888403 10.019318 -0.13735513 0.86629266 -0.48028168 1.4083176 0.035484131 0.48886964 0.87163478 9.5367432e-07 0 0 0 1 0.98999208 0.088457584 -0.10995817 10.019302 -0.13071381 0.8684603 -0.47821605 1.4083138 0.053192466 0.48780316 0.87133151 -4.7683716e-07 0 0 0 1 0.98991454 0.10121268 -0.099121541 10.019318 -0.13666606 0.86652225 -0.48006386 1.4083138 0.037302475 0.4887687 0.87161553 5.7220459e-06 0 0 0 1 0.98814404 0.13742441 -0.068452783 10.019318 -0.15332945 0.86059409 -0.48566195 1.4083214 -0.0078317421 0.49039975 0.87146229 1.2397766e-05 0 0 0 1 0.98408651 0.17358989 -0.037950199 10.019302 -0.16961533 0.85404313 -0.49177307 1.4083138 -0.052955717 0.49038416 0.86989599 -3.8146973e-06 0 0 0 1 </float_array>
        <technique_common>
          <accessor count="13" offset="0" source="#B_Head_matrix-output-array" stride="16">
            <param name="TRANSFORM" type="float4x4" />
          </accessor>
        </technique_common>
      </source>
      <source id="B_Head_matrix-interpolation">
        <Name_array id="B_Head_matrix-interpolation-array" count="13"> LINEAR LINEAR LINEAR LINEAR LINEAR LINEAR LINEAR LINEAR LINEAR LINEAR LINEAR LINEAR LINEAR </Name_array>
        <technique_common>
          <accessor source="#B_Head_matrix-interpolation-array" count="13" stride="1">
            <param name="INTERPOLATION" type="name"></param>
          </accessor>
        </technique_common>
      </source>
      <source id="B_L_Calf_matrix-input" name="B_L_Calf_matrix-input">
        <float_array id="B_L_Calf_matrix-input-array" count="13"> 0 1 2 3 4 5 6 7 8 9 10 11 12 </float_array>
        <technique_common>
          <accessor count="13" offset="0" source="#B_L_Calf_matrix-input-array" stride="1">
            <param name="TIME" type="float" />
          </accessor>
        </technique_common>
      </source>
      <source id="B_L_Calf_matrix-output" name="B_L_Calf_matrix-output">
        <float_array id="B_L_Calf_matrix-output-array" count="208"> 0.30466241 0.95246089 1.0024515e-06 50.282761 -0.95246065 0.3046625 7.323707e-06 0 6.6701318e-06 -3.1860545e-06 1.0000001 4.7683716e-06 0 0 0 1 0.40563816 0.91403401 9.2455247e-07 50.282745 -0.91403389 0.40563819 7.4724035e-06 7.6293945e-06 6.4549968e-06 -3.8761646e-06 0.99999994 3.3378601e-06 0 0 0 1 0.50187951 0.86493766 8.3619216e-07 50.282742 -0.86493766 0.50187951 7.4883897e-06 0 6.0573229e-06 -4.4815233e-06 1 6.1988831e-06 0 0 0 1 0.59409624 0.8043943 7.1400564e-07 50.282761 -0.80439413 0.59409642 7.7241848e-06 0 5.7891007e-06 -5.1632524e-06 1 2.3841858e-06 0 0 0 1 0.69968772 0.71444875 6.1474611e-07 50.282742 -0.71444881 0.69968766 7.6620936e-06 0 5.0440435e-06 -5.8002765e-06 1 2.3841858e-06 0 0 0 1 0.79320687 0.60895234 6.2974914e-07 50.282745 -0.60895228 0.79320699 7.9349966e-06 3.8146973e-06 4.3325126e-06 -6.677582e-06 1 9.5367432e-07 0 0 0 1 0.83227432 0.55436438 5.531333e-07 50.282757 -0.55436438 0.83227432 8.0509908e-06 0 4.002824e-06 -7.0072711e-06 1 5.7220459e-06 0 0 0 1 0.74564105 0.66634786 6.3733859e-07 50.282745 -0.66634786 0.74564105 7.8132525e-06 0 4.7311178e-06 -6.2505719e-06 0.99999994 5.7220459e-06 0 0 0 1 0.643884 0.76512343 8.0540485e-07 50.282734 -0.76512343 0.643884 7.754692e-06 -3.8146973e-06 5.414709e-06 -5.6093559e-06 1 3.8146973e-06 0 0 0 1 0.61677796 0.78713745 8.1018743e-07 50.282757 -0.78713739 0.61677802 7.6771066e-06 0 5.5432311e-06 -5.3727995e-06 1 4.7683716e-06 0 0 0 1 0.52182865 0.85305047 8.6953833e-07 50.282745 -0.85305047 0.52182865 7.6021238e-06 -7.6293945e-06 6.0312454e-06 -4.708766e-06 1 8.5830688e-06 0 0 0 1 0.41622415 0.90926248 9.0687138e-07 50.282757 -0.9092623 0.41622427 7.4210802e-06 7.6293945e-06 6.370246e-06 -3.9134175e-06 1.0000001 3.8146973e-06 0 0 0 1 0.30466241 0.95246089 1.0024515e-06 50.282753 -0.95246065 0.3046625 7.323707e-06 7.6293945e-06 6.6701318e-06 -3.1860545e-06 1.0000001 4.7683716e-06 0 0 0 1 </float_array>
        <technique_common>
          <accessor count="13" offset="0" source="#B_L_Calf_matrix-output-array" stride="16">
            <param name="TRANSFORM" type="float4x4" />
          </accessor>
        </technique_common>
      </source>
      <source id="B_L_Calf_matrix-interpolation">
        <Name_array id="B_L_Calf_matrix-interpolation-array" count="13"> LINEAR LINEAR LINEAR LINEAR LINEAR LINEAR LINEAR LINEAR LINEAR LINEAR LINEAR LINEAR LINEAR </Name_array>
        <technique_common>
          <accessor source="#B_L_Calf_matrix-interpolation-array" count="13" stride="1">
            <param name="INTERPOLATION" type="name"></param>
          </accessor>
        </technique_common>
      </source>
      <source id="B_L_Clavicle_matrix-input" name="B_L_Clavicle_matrix-input">
        <float_array id="B_L_Clavicle_matrix-input-array" count="13"> 0 1 2 3 4 5 6 7 8 9 10 11 12 </float_array>
        <technique_common>
          <accessor count="13" offset="0" source="#B_L_Clavicle_matrix-input-array" stride="1">
            <param name="TIME" type="float" />
          </accessor>
        </technique_common>
      </source>
      <source id="B_L_Clavicle_matrix-output" name="B_L_Clavicle_matrix-output">
        <float_array id="B_L_Clavicle_matrix-output-array" count="208"> -0.017590642 -0.00078421831 0.99984509 17.736877 -0.17375694 -0.98478115 -0.0038293754 0.073140621 0.98463148 -0.17379735 0.017186644 5.0180163 0 0 0 1 -0.017590644 -0.00078421831 0.99984509 17.736847 -0.17375696 -0.98478115 -0.0038293754 0.073141098 0.9846316 -0.17379735 0.017186644 5.0180168 0 0 0 1 -0.017590644 -0.00078421831 0.99984509 17.736877 -0.17375696 -0.98478115 -0.0038293754 0.073139191 0.9846316 -0.17379735 0.017186644 5.0180159 0 0 0 1 -0.017590644 -0.00078433752 0.99984509 17.736862 -0.17375694 -0.98478115 -0.0038294946 0.073140144 0.9846316 -0.17379735 0.017186644 5.0180149 0 0 0 1 -0.017590642 -0.00078421825 0.99984509 17.736832 -0.17375694 -0.98478109 -0.0038293754 0.073142052 0.98463148 -0.17379734 0.017186644 5.0180187 0 0 0 1 -0.017590642 -0.0007842257 0.99984497 17.736862 -0.17375696 -0.98478121 -0.0038293672 0.073139191 0.98463154 -0.17379735 0.017186521 5.0180135 0 0 0 1 -0.01759064 -0.00078421825 0.99984497 17.736847 -0.17375693 -0.98478109 -0.0038293749 0.073140621 0.98463136 -0.17379734 0.017186642 5.018014 0 0 0 1 -0.017590642 -0.00078421831 0.99984509 17.736847 -0.17375694 -0.98478115 -0.0038293754 0.073140144 0.98463148 -0.17379735 0.017186644 5.0180159 0 0 0 1 -0.017590644 -0.00078433752 0.99984509 17.736862 -0.17375694 -0.98478115 -0.0038294946 0.073140144 0.9846316 -0.17379735 0.017186644 5.0180159 0 0 0 1 -0.017590879 -0.00078432995 0.99984473 17.736862 -0.17375703 -0.98478109 -0.0038295155 0.073139668 0.98463142 -0.17379746 0.017186817 5.018014 0 0 0 1 -0.01759064 -0.00078422576 0.99984503 17.736862 -0.17375694 -0.98478127 -0.0038293675 0.073140621 0.98463148 -0.17379737 0.017186522 5.0180159 0 0 0 1 -0.01759064 -0.0007842257 0.99984503 17.736862 -0.17375694 -0.98478121 -0.0038293675 0.073142529 0.98463148 -0.17379735 0.017186522 5.0180206 0 0 0 1 -0.017590642 -0.00078421831 0.99984509 17.736877 -0.17375694 -0.98478115 -0.0038293754 0.073140621 0.98463148 -0.17379735 0.017186644 5.0180178 0 0 0 1 </float_array>
        <technique_common>
          <accessor count="13" offset="0" source="#B_L_Clavicle_matrix-output-array" stride="16">
            <param name="TRANSFORM" type="float4x4" />
          </accessor>
        </technique_common>
      </source>
      <source id="B_L_Clavicle_matrix-interpolation">
        <Name_array id="B_L_Clavicle_matrix-interpolation-array" count="13"> LINEAR LINEAR LINEAR LINEAR LINEAR LINEAR LINEAR LINEAR LINEAR LINEAR LINEAR LINEAR LINEAR </Name_array>
        <technique_common>
          <accessor source="#B_L_Clavicle_matrix-interpolation-array" count="13" stride="1">
            <param name="INTERPOLATION" type="name"></param>
          </accessor>
        </technique_common>
      </source>
      <source id="B_L_Finger0_matrix-input" name="B_L_Finger0_matrix-input">
        <float_array id="B_L_Finger0_matrix-input-array" count="13"> 0 1 2 3 4 5 6 7 8 9 10 11 12 </float_array>
        <technique_common>
          <accessor count="13" offset="0" source="#B_L_Finger0_matrix-input-array" stride="1">
            <param name="TIME" type="float" />
          </accessor>
        </technique_common>
      </source>
      <source id="B_L_Finger0_matrix-output" name="B_L_Finger0_matrix-output">
        <float_array id="B_L_Finger0_matrix-output-array" count="208"> 0.80900645 0.13246363 0.57267964 1.4603271 0.1558325 0.89108151 -0.42625147 1.9355469 -0.56676674 0.43408224 0.70024878 -2.4376678 0 0 0 1 0.80900669 0.13246387 0.57267952 1.4603348 0.15583241 0.89108145 -0.42625165 1.9355316 -0.56676692 0.43408236 0.70024866 -2.4376678 0 0 0 1 0.80900639 0.13246356 0.5726797 1.4603271 0.15583248 0.89108139 -0.42625126 1.9355545 -0.56676686 0.434082 0.70024872 -2.4376526 0 0 0 1 0.80900657 0.13246368 0.57267958 1.4603271 0.15583247 0.89108151 -0.42625144 1.9355392 -0.5667668 0.43408227 0.70024872 -2.4376526 0 0 0 1 0.80900633 0.13246359 0.5726797 1.4603271 0.15583254 0.89108133 -0.42625135 1.9355469 -0.56676686 0.43408215 0.70024866 -2.4376678 0 0 0 1 0.80900651 0.13246365 0.5726797 1.4603271 0.15583247 0.89108127 -0.42625144 1.9355469 -0.56676686 0.43408209 0.70024878 -2.4376602 0 0 0 1 0.80900669 0.13246363 0.57267958 1.4603233 0.15583247 0.89108151 -0.42625138 1.9355469 -0.56676686 0.43408221 0.70024878 -2.4376602 0 0 0 1 0.80900657 0.1324636 0.57267958 1.460331 0.1558325 0.89108139 -0.42625144 1.9355469 -0.5667668 0.43408221 0.70024878 -2.4376602 0 0 0 1 0.80900669 0.1324636 0.57267964 1.4603233 0.15583242 0.89108145 -0.42625138 1.9355469 -0.56676686 0.43408209 0.70024884 -2.4376526 0 0 0 1 0.80900669 0.13246354 0.57267964 1.4603271 0.15583248 0.89108145 -0.42625129 1.9355392 -0.56676692 0.43408206 0.70024878 -2.4376526 0 0 0 1 0.80900669 0.13246372 0.57267958 1.4603271 0.15583245 0.89108115 -0.42625153 1.9355469 -0.56676686 0.43408215 0.70024866 -2.4376526 0 0 0 1 0.80900669 0.13246362 0.57267964 1.4603271 0.15583241 0.89108145 -0.42625138 1.9355469 -0.56676686 0.43408209 0.70024884 -2.4376526 0 0 0 1 0.80900645 0.13246363 0.57267964 1.4603348 0.1558325 0.89108151 -0.42625147 1.9355469 -0.56676674 0.43408224 0.70024878 -2.4376755 0 0 0 1 </float_array>
        <technique_common>
          <accessor count="13" offset="0" source="#B_L_Finger0_matrix-output-array" stride="16">
            <param name="TRANSFORM" type="float4x4" />
          </accessor>
        </technique_common>
      </source>
      <source id="B_L_Finger0_matrix-interpolation">
        <Name_array id="B_L_Finger0_matrix-interpolation-array" count="13"> LINEAR LINEAR LINEAR LINEAR LINEAR LINEAR LINEAR LINEAR LINEAR LINEAR LINEAR LINEAR LINEAR </Name_array>
        <technique_common>
          <accessor source="#B_L_Finger0_matrix-interpolation-array" count="13" stride="1">
            <param name="INTERPOLATION" type="name"></param>
          </accessor>
        </technique_common>
      </source>
      <source id="B_L_Finger01_matrix-input" name="B_L_Finger01_matrix-input">
        <float_array id="B_L_Finger01_matrix-input-array" count="13"> 0 1 2 3 4 5 6 7 8 9 10 11 12 </float_array>
        <technique_common>
          <accessor count="13" offset="0" source="#B_L_Finger01_matrix-input-array" stride="1">
            <param name="TIME" type="float" />
          </accessor>
        </technique_common>
      </source>
      <source id="B_L_Finger01_matrix-output" name="B_L_Finger01_matrix-output">
        <float_array id="B_L_Finger01_matrix-output-array" count="208"> 0.8029933 -0.59598809 -1.6667728e-07 3.7140045 0.59598827 0.80299306 -3.0924173e-08 1.5258789e-05 1.5227124e-07 -7.4505806e-08 0.99999964 -2.6702881e-05 0 0 0 1 0.8029933 -0.59598821 -1.3929376e-08 3.7140121 0.59598833 0.80299312 4.5332559e-08 -1.5258789e-05 -1.5832482e-08 -4.4703484e-08 0.99999982 -2.2888184e-05 0 0 0 1 0.802993 -0.59598827 -1.7212226e-07 3.7140121 0.59598833 0.80299294 -5.8161771e-08 -1.5258789e-05 1.7287675e-07 -5.5879358e-08 0.9999997 -2.2888184e-05 0 0 0 1 0.80299336 -0.59598821 -3.4494114e-08 3.7139969 0.59598833 0.80299318 -4.4158835e-08 0 5.4016709e-08 1.4901163e-08 0.99999976 -2.2888184e-05 0 0 0 1 0.80299318 -0.59598833 -1.54197e-07 3.7140045 0.59598845 0.802993 -6.8053794e-08 0 1.6437845e-07 -3.7252907e-08 0.9999997 -2.6702881e-05 0 0 0 1 0.80299318 -0.59598839 -1.1404138e-08 3.7139969 0.59598839 0.80299318 -4.5578275e-08 0 3.632158e-08 2.9802322e-08 0.99999964 -2.6702881e-05 0 0 0 1 0.802993 -0.59598827 -5.1694563e-08 3.7140045 0.59598833 0.80299294 -5.6925163e-08 0 7.5437129e-08 1.4901163e-08 0.9999997 -2.2888184e-05 0 0 0 1 0.80299318 -0.59598809 1.7200442e-08 3.7140121 0.59598821 0.80299306 1.276631e-08 0 -2.1420417e-08 0 0.99999952 -2.4795532e-05 0 0 0 1 0.80299318 -0.59598833 -1.0749512e-08 3.7140045 0.59598845 0.802993 -6.3649438e-08 7.6293945e-06 4.6566129e-08 4.470348e-08 0.99999964 -2.6702881e-05 0 0 0 1 0.80299318 -0.59598845 -1.9869381e-07 3.7140121 0.59598845 0.80299318 -1.010797e-07 7.6293945e-06 2.1979213e-07 -3.7252914e-08 0.99999988 -2.4795532e-05 0 0 0 1 0.80299336 -0.59598833 6.613317e-09 3.7140198 0.59598839 0.8029933 3.7383234e-08 -1.5258789e-05 -2.7590431e-08 -2.6077036e-08 0.99999976 -2.2888184e-05 0 0 0 1 0.802993 -0.59598833 -1.2115095e-07 3.7140045 0.59598833 0.802993 -8.9919283e-08 1.5258789e-05 1.5087426e-07 3.5527135e-15 0.9999997 -2.6702881e-05 0 0 0 1 0.8029933 -0.59598809 -1.6667728e-07 3.7140045 0.59598827 0.80299306 -3.0924173e-08 0 1.5227124e-07 -7.4505806e-08 0.99999964 -2.2888184e-05 0 0 0 1 </float_array>
        <technique_common>
          <accessor count="13" offset="0" source="#B_L_Finger01_matrix-output-array" stride="16">
            <param name="TRANSFORM" type="float4x4" />
          </accessor>
        </technique_common>
      </source>
      <source id="B_L_Finger01_matrix-interpolation">
        <Name_array id="B_L_Finger01_matrix-interpolation-array" count="13"> LINEAR LINEAR LINEAR LINEAR LINEAR LINEAR LINEAR LINEAR LINEAR LINEAR LINEAR LINEAR LINEAR </Name_array>
        <technique_common>
          <accessor source="#B_L_Finger01_matrix-interpolation-array" count="13" stride="1">
            <param name="INTERPOLATION" type="name"></param>
          </accessor>
        </technique_common>
      </source>
      <source id="B_L_Finger02_matrix-input" name="B_L_Finger02_matrix-input">
        <float_array id="B_L_Finger02_matrix-input-array" count="13"> 0 1 2 3 4 5 6 7 8 9 10 11 12 </float_array>
        <technique_common>
          <accessor count="13" offset="0" source="#B_L_Finger02_matrix-input-array" stride="1">
            <param name="TIME" type="float" />
          </accessor>
        </technique_common>
      </source>
      <source id="B_L_Finger02_matrix-output" name="B_L_Finger02_matrix-output">
        <float_array id="B_L_Finger02_matrix-output-array" count="208"> 0.55218482 -0.83372182 9.0834661e-08 5.529933 0.833722 0.5521847 2.9204323e-08 1.5258789e-05 -7.4505792e-08 5.9604641e-08 1.0000001 1.9073486e-05 0 0 0 1 0.55218464 -0.833722 -4.3481979e-08 5.529932 0.833722 0.55218464 2.8798668e-08 3.0517578e-05 0 -5.2154068e-08 0.99999994 2.6702881e-05 0 0 0 1 0.552185 -0.83372182 -7.2109721e-08 5.5299358 0.833722 0.55218488 1.4247229e-08 1.5258789e-05 2.7939679e-08 -6.7986548e-08 1.0000001 2.6702881e-05 0 0 0 1 0.55218494 -0.83372176 -8.6541379e-09 5.5299311 0.83372194 0.55218482 1.2860903e-07 0 -1.0244548e-07 -7.8231082e-08 1.0000001 2.0980835e-05 0 0 0 1 0.55218488 -0.8337217 8.9826401e-08 5.5299339 0.83372188 0.55218476 2.093555e-08 1.5258789e-05 -6.7055211e-08 6.3329928e-08 0.99999994 2.6702881e-05 0 0 0 1 0.55218518 -0.83372176 -2.2992605e-08 5.5299377 0.83372205 0.552185 8.672054e-08 1.5258789e-05 -5.9604645e-08 -6.7055218e-08 1.0000001 2.4795532e-05 0 0 0 1 0.55218488 -0.83372176 -4.9612556e-08 5.529933 0.83372188 0.55218482 6.0494543e-09 1.5258789e-05 2.235174e-08 -4.4703484e-08 1 2.2888184e-05 0 0 0 1 0.55218476 -0.833722 -1.6862083e-08 5.5299339 0.83372217 0.55218464 1.0946976e-07 4.5776367e-05 -8.1956387e-08 -7.4505813e-08 0.99999994 2.4795532e-05 0 0 0 1 0.55218494 -0.83372176 6.195485e-08 5.529932 0.83372194 0.55218482 1.2585673e-08 1.5258789e-05 -4.4703484e-08 4.4703487e-08 1 2.8610229e-05 0 0 0 1 0.55218488 -0.83372176 1.35406e-07 5.529932 0.83372188 0.55218482 -1.8188917e-08 3.0517578e-05 -5.9604641e-08 1.2293457e-07 1 2.6702881e-05 0 0 0 1 0.55218488 -0.8337217 -5.1064067e-08 5.529933 0.83372188 0.55218476 -2.6501178e-08 3.0517578e-05 5.0291419e-08 -2.7939675e-08 0.99999994 1.9073486e-05 0 0 0 1 0.55218482 -0.83372194 1.2886976e-07 5.529933 0.833722 0.55218476 9.3378475e-08 0 -1.490116e-07 5.5879362e-08 1 2.6702881e-05 0 0 0 1 0.55218482 -0.83372182 9.0834661e-08 5.5299368 0.833722 0.5521847 2.9204323e-08 0 -7.4505792e-08 5.9604641e-08 1.0000001 1.9073486e-05 0 0 0 1 </float_array>
        <technique_common>
          <accessor count="13" offset="0" source="#B_L_Finger02_matrix-output-array" stride="16">
            <param name="TRANSFORM" type="float4x4" />
          </accessor>
        </technique_common>
      </source>
      <source id="B_L_Finger02_matrix-interpolation">
        <Name_array id="B_L_Finger02_matrix-interpolation-array" count="13"> LINEAR LINEAR LINEAR LINEAR LINEAR LINEAR LINEAR LINEAR LINEAR LINEAR LINEAR LINEAR LINEAR </Name_array>
        <technique_common>
          <accessor source="#B_L_Finger02_matrix-interpolation-array" count="13" stride="1">
            <param name="INTERPOLATION" type="name"></param>
          </accessor>
        </technique_common>
      </source>
      <source id="B_L_Finger1_matrix-input" name="B_L_Finger1_matrix-input">
        <float_array id="B_L_Finger1_matrix-input-array" count="13"> 0 1 2 3 4 5 6 7 8 9 10 11 12 </float_array>
        <technique_common>
          <accessor count="13" offset="0" source="#B_L_Finger1_matrix-input-array" stride="1">
            <param name="TIME" type="float" />
          </accessor>
        </technique_common>
      </source>
      <source id="B_L_Finger1_matrix-output" name="B_L_Finger1_matrix-output">
